24.228222
1
57
1
14475
101 132
18 79
97 198
25 142
9 188
156 167
58 165
100 128
128 197
61 64
3 118
4 128
165 200
165 170
165 166
34 89
173 191
33 96
85 199
89 162
28 153
27 195
89 193
93 116
93 184
57 195
96 177
21 187
21 175
72 124
50 93
62 72
65 96
46 174
46 71
46 58
54 195
72 103
35 63
72 147
81 107
36 155
55 96
36 106
35 132
35 94
5 11
5 152
109 156
109 140
9 199
109 136
107 146
15 107
5 29
157 199
17 153
18 36
21 37
101 153
20 109
74 196
140 194
143 160
79 105
76 141
1 125
70 108
144 185
147 163
69 194
68 84
67 87
66 161
150 151
151 171
60 191
60 181
60 119
163 179
164 196
84 167
99 196
95 180
95 154
95 113
102 158
102 189
105 169
92 160
105 182
88 91
87 168
86 102
80 142
83 88
111 141
115 134
82 192
117 194
121 144
82 114
123 141
82 98
130 151
137 163
22 134
41 97
39 84
38 160
32 183
32 177
32 149
6 144
26 139
26 126
26 90
24 188
24 120
24 110
23 88
8 134
19 161
16 145
16 135
16 48
12 40
14 64
14 45
14 43
13 75
13 56
13 31
12 178
12 112
3 133
1 7
41 131
52 133
49 133
44 161
1 148
42 87
66 122
30 179
46 128
118 173
118 153
5 128
96 118
35 165
61 199
61 173
89 93
21 36
47 61
12 118
10 61
128 186
104 165
109 176
78 93
53 107
51 153
21 127
173 176
46 53
72 73
129 199
89 159
73 173
35 80
2 195
5 78
61 77
1 129
133 190
138 159
2 10
2 13
141 172
2 88
144 159
186 196
160 176
151 159
87 172
59 172
53 161
41 127
59 127
78 82
80 134
59 104
26 51
95 190
16 172
102 190
104 108
