64.500778
4199
86
2008
13463
269 389
94 336
94 306
94 259
92 120
266 348
267 342
90 267
90 142
253 276
271 379
273 290
86 269
85 423
83 463
83 296
83 221
273 486
106 175
114 322
113 476
113 439
112 444
112 421
112 250
111 493
107 453
278 341
106 133
245 267
246 471
247 325
98 499
98 420
252 257
292 314
283 343
67 405
66 219
284 487
64 223
63 106
62 475
61 372
68 271
292 473
304 325
56 288
55 237
55 131
55 130
307 317
53 334
73 495
80 474
80 293
80 179
78 351
77 212
76 482
76 266
74 278
115 292
73 477
73 254
72 461
72 202
72 168
71 493
68 287
207 231
198 302
164 453
162 257
162 242
161 288
160 224
159 400
201 219
197 455
154 434
154 404
212 331
212 349
213 285
213 286
217 365
217 435
194 222
189 317
187 496
187 458
187 358
185 479
185 428
184 378
183 435
148 471
176 405
175 213
173 492
171 460
197 274
167 391
167 238
232 328
132 167
131 488
128 322
230 427
231 351
126 232
126 213
125 464
134 154
124 482
123 406
123 313
232 483
120 484
120 373
234 275
235 291
140 353
222 335
222 452
224 255
144 476
143 266
142 489
142 359
141 482
1 162
224 327
224 413
225 354
226 288
135 470
135 436
135 211
367 447
344 476
346 406
27 273
26 463
362 471
24 345
24 258
24 180
41 406
29 73
23 140
317 369
22 433
21 217
43 61
20 185
44 116
18 187
38 453
35 186
35 370
36 140
37 45
323 405
37 136
37 375
338 427
44 94
341 424
30 358
323 341
322 459
30 117
322 378
30 96
321 429
44 419
4 57
307 322
4 261
468 493
4 395
467 499
453 454
442 475
308 447
49 341
8 219
427 439
399 427
11 351
12 68
309 485
13 279
47 429
480 499
13 305
44 465
13 443
385 447
14 55
46 382
15 269
84 355
142 422
265 477
195 201
105 122
4 416
7 318
295 393
224 270
40 227
83 150
339 392
174 197
430 472
266 337
80 402
163 244
292 446
187 394
52 325
33 139
139 494
139 390
212 364
185 364
55 364
364 406
54 384
24 156
145 448
145 283
139 209
88 409
54 209
48 373
48 73
30 368
120 368
200 402
267 417
3 142
3 179
315 333
30 315
68 208
4 208
65 417
200 394
28 499
153 208
152 329
109 468
33 109
174 392
193 449
156 249
101 427
101 493
7 139
70 75
75 294
40 75
75 84
210 418
380 418
197 431
318 431
308 380
163 431
147 380
414 431
100 159
121 380
100 339
100 333
100 236
103 292
103 232
227 244
210 371
169 476
106 169
73 192
196 445
387 445
191 192
395 445
120 445
192 317
319 445
303 355
99 303
35 243
243 294
182 386
31 386
386 491
316 386
229 386
89 450
89 142
105 145
82 115
82 447
99 357
119 127
275 412
235 412
39 146
127 190
44 127
79 412
19 225
19 384
145 416
241 361
241 429
5 197
5 185
325 330
330 401
140 203
167 203
229 264
35 264
118 405
118 213
35 166
351 432
50 432
52 472
268 423
268 374
110 325
110 219
151 427
151 288
25 177
228 341
102 228
195 425
426 441
426 499
69 281
207 281
382 426
234 281
280 396
102 377
249 425
172 272
172 276
291 438
173 397
53 397
379 397
172 258
172 223
74 438
59 269
59 170
252 437
325 397
299 437
332 438
178 381
193 437
30 381
375 438
190 381
204 312
24 204
157 366
366 409
61 165
165 341
290 410
106 410
22 490
320 490
107 310
251 310
61 310
191 248
248 407
440 475
112 440
273 440
354 466
129 466
158 171
158 198
263 433
262 263
16 430
16 300
112 220
220 324
97 475
97 361
155 240
240 320
60 351
60 391
390 415
149 415
267 282
72 282
51 441
51 212
481 491
6 481
140 199
199 262
122 277
277 497
64 326
218 326
251 301
154 350
350 453
280 388
352 388
68 206
206 487
10 218
10 297
4 356
162 356
59 177
192 233
25 233
266 498
86 498
32 184
32 309
152 337
270 357
2 188
188 492
39 150
91 364
469 471
217 376
6 347
95 256
93 500
81 398
411 482
222 411
311 347
316 398
13 17
34 408
34 170
376 406
137 485
137 456
7 158
393 466
181 460
9 181
87 260
135 383
298 451
85 451
400 451
478 488
360 478
119 216
108 216
87 91
26 214
214 302
125 214
104 403
236 403
215 343
58 464
58 289
215 462
130 205
205 239
29 42
42 363
260 457
88 449
340 457
28 138
93 446
166 396
17 340
39 469
138 383
95 377
