13.342143
4595
36
367
7006
1 166
70 186
81 84
99 119
26 189
140 190
15 49
164 175
8 191
115 173
66 138
44 83
129 131
77 86
158 199
40 163
100 153
134 156
95 118
69 79
67 183
79 90
183 188
79 189
75 183
65 79
79 83
162 183
55 101
104 143
57 104
104 125
33 98
98 101
33 141
33 107
101 110
45 104
71 104
19 148
193 198
48 62
62 73
62 200
62 103
59 160
76 91
102 140
102 166
40 102
81 152
59 63
63 75
69 152
63 115
23 63
123 152
16 132
16 191
16 193
96 184
38 184
29 113
29 139
164 172
74 172
10 172
123 172
53 82
117 147
8 47
79 187
94 142
70 142
82 142
54 136
28 136
101 170
33 151
11 14
14 111
14 34
13 80
183 197
137 192
133 137
86 137
80 137
46 85
49 72
55 72
37 108
15 150
106 120
37 195
120 122
105 150
150 177
116 130
12 130
6 50
27 120
31 72
6 133
181 187
35 101
95 152
85 173
170 181
78 109
30 163
153 176
5 53
35 102
44 183
62 118
109 163
19 60
65 185
57 179
4 179
129 185
68 119
127 149
68 180
25 121
145 185
149 178
25 141
93 167
39 135
39 56
157 179
45 68
93 196
93 190
25 182
91 149
39 186
20 32
23 114
26 159
42 159
41 114
13 151
33 176
156 163
60 138
5 124
21 36
36 158
134 161
61 161
124 197
100 194
22 194
97 169
97 175
66 97
87 144
87 103
128 155
99 155
51 64
7 18
9 18
58 112
112 146
24 174
24 165
24 89
64 154
3 64
18 92
2 112
148 184
33 199
16 171
147 184
88 117
52 198
29 77
101 104
29 52
62 126
37 131
76 104
136 163
30 120
32 171
14 126
43 163
130 160
24 156
17 142
168 172
17 64
43 112
18 168
