300 434
1 118
2 104
3 47
3 149
3 175
4 141
5 29
6 128
6 247
6 248
7 276
8 40
8 167
8 197
8 246
9 175
9 200
9 284
9 288
10 58
10 122
10 147
10 213
10 269
11 51
11 209
12 253
12 272
13 211
14 131
14 291
15 84
15 226
15 233
15 274
16 203
16 269
17 21
17 101
17 141
17 281
18 31
18 71
18 92
18 213
19 58
19 186
19 196
19 231
20 154
20 293
21 139
21 264
21 265
22 160
22 180
22 277
23 27
23 242
23 283
24 34
24 73
24 82
24 270
24 280
25 61
26 59
26 249
27 59
27 282
28 101
28 157
29 58
29 112
29 230
30 96
30 130
30 159
30 164
31 89
31 172
31 258
31 266
31 286
32 73
32 100
32 158
33 189
33 268
33 273
33 294
34 39
34 184
34 210
35 252
36 275
36 291
37 38
37 148
37 180
37 274
37 293
38 288
39 176
39 192
39 237
39 251
39 269
41 137
42 74
42 236
43 164
44 101
44 119
44 153
44 168
44 218
44 294
45 155
45 161
46 161
47 96
47 160
47 263
47 272
48 57
48 154
48 211
48 289
49 290
50 192
51 160
52 73
52 93
52 194
53 62
53 110
53 209
53 233
54 56
54 102
54 197
54 211
55 74
55 190
55 233
55 262
55 299
56 227
56 269
57 184
57 221
57 294
58 200
59 225
59 245
59 278
60 130
60 197
60 241
61 95
61 158
61 193
62 83
62 108
62 130
62 275
63 84
64 107
64 241
65 91
65 192
66 78
66 295
67 89
67 152
67 228
67 282
68 137
68 157
69 131
69 193
69 194
69 206
70 115
70 146
71 161
71 216
72 137
73 226
73 235
74 91
74 123
74 145
75 169
75 244
75 253
75 290
76 176
77 299
78 144
78 149
78 247
78 261
79 96
79 240
79 289
80 166
80 172
80 191
80 284
81 87
81 190
82 106
82 121
82 148
83 177
84 85
84 212
85 294
86 242
87 110
88 141
88 193
89 200
89 264
89 293
90 220
91 98
91 136
91 225
92 146
93 130
94 132
94 204
94 288
96 129
96 197
96 285
97 183
97 270
98 191
99 175
100 209
100 252
101 165
101 179
101 225
102 138
102 192
103 121
103 126
104 127
104 135
104 148
104 275
104 294
105 204
105 240
105 242
106 293
107 204
107 247
107 295
109 242
110 116
110 168
111 116
111 253
112 260
112 273
113 288
114 192
115 226
116 145
117 274
118 119
118 143
118 215
118 238
119 131
119 221
120 155
120 177
120 193
120 241
120 291
121 264
122 287
123 251
123 287
124 158
125 299
126 214
126 221
126 267
127 193
128 177
128 185
128 232
129 290
130 249
130 263
132 184
132 241
132 285
133 161
134 183
135 241
136 145
137 197
137 217
137 300
138 149
138 156
139 200
139 216
139 220
140 252
141 210
141 298
142 208
142 240
143 183
144 184
145 277
146 193
146 229
149 154
149 210
150 176
151 190
154 167
154 244
155 173
155 198
155 281
156 195
156 210
156 221
156 252
156 262
156 271
157 220
158 163
158 223
158 300
159 227
159 287
159 292
160 279
161 232
161 247
162 276
164 222
164 257
168 196
169 272
170 299
171 245
172 183
172 241
172 291
172 293
174 192
174 293
175 215
176 178
177 203
177 253
178 249
180 276
181 203
182 183
182 216
183 250
184 200
185 230
185 237
185 260
187 274
188 226
190 286
195 297
196 246
197 245
199 289
201 272
202 203
203 280
205 216
207 216
208 211
209 279
209 297
210 252
210 276
212 286
215 240
215 241
217 270
219 220
221 242
224 226
225 241
225 254
227 230
229 245
233 285
234 270
236 274
237 245
237 291
238 293
239 245
239 294
240 271
243 263
245 296
247 254
248 263
251 289
252 255
253 283
254 285
254 300
256 273
256 293
259 272
260 263
269 277
274 293
288 300
290 300
