60 119
1 8
1 10
1 11
1 22
1 26
1 27
1 42
1 45
1 59
2 11
2 31
2 32
3 6
3 8
3 12
3 16
3 20
3 27
3 53
3 60
4 14
4 30
4 42
4 46
4 49
5 22
5 24
5 36
5 43
6 27
6 35
6 36
6 59
7 10
7 18
7 23
8 21
8 37
9 19
9 20
10 46
10 57
11 16
11 38
11 50
11 58
12 34
12 35
12 36
12 48
12 59
13 22
13 52
13 53
14 33
15 23
15 41
15 49
15 51
17 18
17 28
17 29
18 20
18 41
18 45
19 31
19 45
20 37
20 47
20 49
21 27
21 38
21 49
22 39
22 50
24 27
24 46
24 50
25 45
25 52
25 53
26 56
27 60
28 29
28 47
28 53
28 57
29 31
29 37
29 38
30 38
32 44
32 49
32 52
32 54
33 50
33 52
33 56
33 57
34 40
36 47
36 57
37 46
37 56
38 56
39 52
40 56
41 42
41 57
42 50
43 45
43 49
44 53
45 57
45 59
46 49
48 56
49 57
53 55
