40 81
1 3
1 12
1 14
1 19
1 24
1 33
1 34
2 11
2 15
2 23
2 26
2 36
3 7
3 21
3 33
4 6
4 14
4 34
4 39
5 20
5 22
5 23
6 24
6 29
7 22
7 23
7 25
8 22
8 24
8 29
8 35
8 37
9 21
9 25
9 37
10 28
10 31
10 36
11 12
11 26
11 34
11 39
12 23
13 14
13 27
13 34
14 19
14 38
15 27
16 23
16 31
17 22
17 27
17 33
18 19
18 22
19 29
20 34
20 38
21 34
22 30
23 32
24 29
24 37
25 39
25 40
26 27
26 33
26 36
26 38
27 28
27 33
28 31
29 37
29 39
30 37
31 33
31 35
31 37
31 39
32 35
