350 406
1 36
2 51
2 107
2 211
2 332
3 46
4 197
5 43
5 71
5 178
5 310
6 17
6 197
6 239
6 274
6 294
7 30
7 85
7 132
7 163
8 30
8 57
8 152
8 234
8 262
9 76
10 67
10 86
10 190
11 257
12 205
13 200
13 273
13 326
13 333
14 67
15 62
15 97
15 161
15 180
16 255
18 84
18 117
18 195
18 233
19 177
20 75
21 207
22 114
22 330
23 28
23 36
23 199
23 242
24 44
24 343
25 256
26 152
26 271
26 278
26 288
27 143
28 42
28 111
28 148
28 187
29 161
30 177
30 219
31 243
32 157
33 244
34 97
35 343
36 251
36 281
37 124
38 92
38 109
38 192
38 291
39 140
39 141
39 171
39 241
39 246
40 61
40 134
40 293
40 342
41 309
43 218
44 58
44 233
44 237
44 317
45 236
46 66
46 252
46 303
47 106
47 113
47 213
47 265
48 154
49 103
50 99
51 240
52 55
52 72
52 241
52 338
53 76
54 64
55 77
55 103
55 119
55 125
55 193
55 308
56 205
59 60
59 105
59 200
59 329
59 336
60 131
60 257
60 289
61 256
62 164
62 198
62 292
63 161
64 167
64 215
64 230
65 157
67 155
67 230
68 169
68 209
69 123
69 288
70 76
71 103
71 227
71 242
72 100
73 193
73 199
74 90
74 166
75 211
75 238
75 280
76 292
77 101
77 160
77 165
77 302
78 255
79 277
79 310
80 207
81 261
82 89
82 129
82 165
82 300
83 227
84 124
84 147
84 309
86 200
87 146
87 291
88 199
90 112
90 165
90 325
91 144
91 233
91 247
91 345
92 120
92 145
92 186
92 195
93 123
94 104
94 117
94 301
94 339
95 122
96 127
97 102
97 203
98 323
99 128
99 233
99 260
100 179
100 290
100 303
102 131
103 118
103 130
103 344
105 142
106 191
106 223
106 256
108 185
109 140
109 198
109 303
110 122
114 164
114 295
114 341
115 146
115 264
115 307
115 314
116 189
116 202
116 240
116 330
117 197
117 261
117 301
118 244
120 186
121 149
122 193
122 201
123 204
123 249
124 190
124 327
126 323
127 196
127 217
127 219
131 216
131 319
131 334
132 163
133 174
133 209
134 185
134 220
134 289
135 185
135 204
135 261
136 180
136 324
137 309
138 268
138 326
139 143
140 244
140 324
140 347
141 300
142 149
143 193
143 305
146 153
146 207
146 289
147 187
147 188
147 328
149 292
149 349
150 225
151 157
151 159
151 219
151 224
153 194
153 222
153 282
154 204
154 208
154 313
156 195
156 198
156 299
157 205
157 263
158 277
159 245
159 345
161 231
161 235
161 254
162 220
164 205
164 244
165 297
166 323
168 261
169 266
169 274
169 320
170 191
171 220
172 180
173 347
174 220
175 209
176 200
176 231
177 212
177 231
177 322
180 306
180 350
181 185
182 343
183 347
184 255
191 316
191 335
192 206
192 250
192 285
193 273
195 219
195 289
197 287
197 340
198 223
199 228
200 270
200 283
201 233
201 323
202 209
202 297
202 323
204 242
204 243
204 340
205 272
207 221
208 319
209 331
210 256
211 273
211 277
214 261
218 236
219 278
222 233
223 230
223 278
225 303
225 311
225 346
226 291
227 253
227 259
229 337
230 255
231 291
232 257
236 278
236 315
236 328
237 322
242 299
243 248
243 267
244 296
247 302
254 347
256 276
257 269
257 348
258 309
268 333
273 299
274 297
274 338
275 326
277 298
278 337
279 324
280 315
283 337
284 338
286 338
292 343
297 299
304 333
312 324
318 326
321 337
325 336
333 348
336 348
