500 637
1 146
1 474
2 464
3 363
4 227
5 182
5 191
5 263
5 490
6 94
6 322
6 408
7 108
7 203
7 363
7 442
7 454
8 347
9 131
9 154
9 254
9 398
10 302
11 298
11 312
11 342
11 422
11 425
11 451
12 192
13 103
13 302
13 374
13 404
13 408
14 132
14 436
14 496
15 27
15 36
15 50
15 182
15 281
15 429
16 276
16 285
16 307
16 321
16 435
17 314
18 19
18 30
18 75
18 316
18 439
19 244
20 70
20 155
21 215
21 442
22 289
22 413
23 341
23 372
23 425
23 495
24 137
24 327
24 369
24 457
25 302
25 341
26 90
26 186
26 317
26 351
26 428
27 297
28 174
28 396
29 82
31 211
31 351
32 263
32 376
32 389
32 446
33 440
34 211
35 355
35 446
36 46
36 81
36 97
36 241
37 100
37 138
37 206
37 219
38 59
38 104
38 106
38 245
38 313
39 168
39 273
40 355
41 163
42 75
42 106
42 126
42 228
43 56
44 443
45 82
47 464
48 107
48 221
48 398
48 472
48 476
49 362
50 86
50 242
50 289
50 312
51 248
51 293
51 304
51 391
52 335
53 280
53 430
54 293
55 88
55 112
55 118
56 74
56 332
56 427
57 134
57 174
57 362
57 464
58 113
60 88
61 148
61 341
61 474
62 220
62 228
62 414
63 197
63 261
63 323
63 463
64 176
64 291
64 333
65 231
66 150
66 499
67 162
68 206
68 460
69 209
70 98
70 240
70 292
71 239
72 78
72 85
72 382
72 383
72 498
73 316
73 319
73 475
74 230
75 270
75 499
76 364
76 369
77 166
77 373
77 381
77 435
78 462
79 349
79 421
80 187
81 216
81 296
82 224
82 321
82 434
83 405
84 305
85 438
87 187
87 248
87 349
87 440
87 446
88 210
88 411
89 222
89 239
89 297
89 327
89 366
89 457
90 146
90 178
90 490
91 115
91 214
92 220
93 103
93 318
94 280
94 339
95 136
96 187
97 347
98 238
98 470
98 493
99 134
99 227
99 347
99 413
99 500
100 415
101 491
102 437
103 199
103 462
104 370
105 438
106 146
106 460
107 175
108 280
109 293
110 176
110 319
110 489
111 175
111 237
111 249
111 418
111 442
112 239
113 145
113 334
113 340
114 183
114 383
114 425
114 428
115 417
116 222
117 126
117 190
118 162
119 419
120 365
120 405
121 270
122 278
123 139
123 269
123 274
123 333
124 164
125 141
125 272
125 300
125 371
126 136
126 211
126 308
127 299
128 141
128 185
128 343
128 482
129 310
130 280
132 395
133 203
134 147
134 228
134 323
135 442
136 176
136 286
137 172
137 251
137 412
138 217
138 218
140 160
140 192
140 271
140 398
140 477
141 327
141 500
142 363
143 310
144 306
145 163
145 308
145 355
145 454
146 217
146 363
146 432
147 180
147 250
147 473
147 494
148 319
149 329
150 336
150 442
151 174
151 278
152 203
153 228
153 332
153 435
153 447
155 430
156 201
157 248
158 192
158 265
159 365
159 430
160 177
160 380
160 437
161 233
161 297
161 338
161 387
162 324
162 434
163 225
163 492
164 342
164 403
164 417
164 473
165 380
165 457
167 401
168 181
168 323
168 331
168 384
169 408
169 422
170 190
170 489
171 192
171 209
173 179
173 194
173 246
173 473
174 466
175 388
175 417
175 429
175 438
176 211
177 252
177 325
177 409
178 489
180 283
183 258
183 374
183 454
184 465
185 335
187 470
187 480
188 353
189 305
190 326
190 387
192 206
192 264
192 275
193 342
193 390
194 242
195 417
196 235
198 216
199 296
200 408
201 292
201 357
201 402
201 453
202 291
203 267
204 304
205 443
206 319
206 374
207 246
207 488
208 479
208 500
209 263
209 420
210 374
210 401
210 419
211 344
211 393
211 443
212 270
212 396
213 280
213 291
213 305
213 376
214 326
214 402
214 469
215 380
215 384
216 257
216 414
216 477
218 353
218 442
220 406
220 428
222 322
222 449
222 478
223 401
224 303
226 395
227 236
227 356
228 389
229 440
230 460
231 359
231 360
231 477
232 278
232 364
232 454
232 474
233 363
234 409
234 491
235 424
235 452
235 471
238 302
239 459
242 391
243 296
243 299
244 280
244 308
245 310
247 396
247 460
248 288
248 330
249 299
253 308
255 489
256 419
258 271
258 389
259 390
260 362
260 436
262 312
263 488
264 465
265 281
266 404
268 329
269 314
269 318
269 376
270 277
270 283
271 391
271 429
271 490
273 288
273 332
273 481
273 497
278 337
278 377
279 405
280 399
281 336
281 483
282 491
284 369
285 305
286 407
287 438
288 300
290 304
290 451
290 493
291 433
292 348
292 391
293 370
293 439
294 349
295 297
296 306
299 425
299 456
301 465
303 460
304 472
306 426
306 428
308 311
309 314
310 320
310 373
312 367
312 452
312 484
314 346
315 329
316 369
318 392
318 415
318 487
320 353
320 376
320 491
323 478
326 395
326 446
327 389
328 348
329 383
332 430
333 450
335 358
335 375
335 383
338 457
339 413
345 436
347 423
348 399
348 455
349 475
350 478
352 440
353 444
354 386
354 401
355 421
357 429
361 404
362 386
362 458
362 465
363 394
364 394
364 410
365 370
365 417
366 369
367 453
368 411
368 437
368 489
370 425
377 483
378 488
379 419
380 485
382 433
385 404
386 421
388 474
390 477
390 493
391 452
393 413
393 500
395 400
396 416
396 452
397 500
398 405
407 478
408 447
429 434
431 464
434 489
435 436
437 450
437 482
441 457
443 447
443 480
445 457
446 473
447 465
448 489
461 488
462 486
467 483
467 490
468 500
478 479
486 499
496 499
