400 459
1 26
1 397
2 31
2 149
3 53
3 179
4 204
5 128
6 25
6 206
6 233
6 250
6 327
7 209
8 20
8 146
8 208
8 396
9 189
10 62
11 62
11 183
11 281
11 321
12 112
12 178
12 182
12 297
12 334
12 352
13 28
13 269
13 307
13 348
14 295
15 71
16 18
17 176
17 237
18 125
18 287
18 391
19 67
20 251
20 323
20 356
21 223
21 287
22 298
23 42
24 32
25 73
25 151
25 295
25 298
26 134
26 184
26 299
27 292
28 43
28 156
28 177
28 310
29 392
30 141
31 121
32 132
32 238
32 340
33 72
34 36
35 79
35 175
35 192
35 287
36 279
36 317
36 359
37 181
38 254
39 107
40 107
40 216
41 73
41 237
41 270
41 390
42 81
42 102
42 160
42 221
42 353
43 185
43 221
43 243
43 271
44 133
44 262
44 289
44 388
45 141
45 339
46 62
47 161
47 253
48 278
49 128
50 390
51 94
51 200
51 294
51 328
52 71
53 63
53 111
53 218
54 324
54 392
55 100
56 121
57 292
58 71
58 77
58 80
58 150
58 378
59 270
59 317
60 203
61 331
62 216
64 204
65 90
65 157
65 265
65 357
66 274
67 117
67 185
67 224
68 213
68 288
68 292
68 370
69 266
70 339
71 114
71 330
72 218
72 333
72 366
73 132
73 221
74 349
75 231
75 249
76 231
78 189
80 109
80 118
80 202
82 91
83 270
84 230
85 353
85 384
86 100
87 254
88 181
88 187
89 138
89 139
89 271
89 312
89 362
91 97
91 286
91 312
92 241
92 244
92 255
92 388
93 244
93 303
94 143
94 308
94 350
95 245
96 186
96 195
96 365
96 396
98 203
99 106
99 188
100 152
100 261
101 234
102 149
102 195
102 204
102 257
103 231
104 308
105 177
105 244
106 109
107 158
107 352
108 143
108 161
108 199
108 386
109 122
109 132
109 296
110 297
111 359
111 389
112 188
112 197
112 361
113 321
114 143
114 266
114 278
115 217
116 157
116 202
116 213
116 241
116 334
117 168
118 137
118 193
118 205
119 292
119 378
120 257
121 212
121 394
123 203
124 346
126 331
127 265
127 350
128 134
128 163
129 246
130 209
131 361
132 297
132 346
134 230
134 365
135 188
136 331
140 156
141 314
141 332
141 388
142 212
142 361
143 161
143 221
144 386
145 389
146 210
146 264
146 336
147 351
148 266
149 235
149 393
151 168
151 305
151 363
152 323
153 397
154 234
155 165
155 187
155 215
155 257
155 301
156 310
156 380
157 217
157 246
159 384
160 195
160 245
160 274
160 366
161 284
161 293
162 232
164 230
166 197
167 223
169 173
169 185
169 285
169 372
170 217
171 208
171 231
171 396
172 344
174 288
174 316
176 287
176 291
176 307
176 325
177 252
177 345
178 232
179 199
180 303
181 250
181 256
182 203
182 234
182 384
183 276
183 342
183 400
184 332
185 389
186 221
186 334
188 347
189 243
189 267
190 321
191 389
194 315
195 312
196 274
197 313
197 358
198 297
199 335
199 338
201 266
202 344
202 392
204 290
207 321
208 268
208 277
209 261
209 283
211 382
212 213
212 231
212 331
213 301
214 397
215 241
216 262
217 375
218 339
218 365
219 368
220 392
222 350
223 318
223 359
224 335
225 384
226 368
227 246
228 370
229 254
230 275
230 305
232 301
232 302
233 281
233 322
234 239
234 327
236 344
237 282
237 311
237 329
238 376
240 346
242 349
243 262
243 351
243 397
245 300
245 387
246 304
247 397
248 298
249 308
250 382
250 396
253 288
254 352
257 272
257 316
258 382
259 315
260 295
261 278
261 349
261 365
263 278
270 306
271 346
273 389
274 364
276 307
278 293
278 379
280 383
281 287
281 334
281 359
285 382
288 376
295 324
297 377
298 355
301 315
303 312
303 337
308 385
309 390
315 381
319 386
320 390
322 383
326 344
327 335
338 372
339 367
341 370
343 351
349 399
350 369
351 360
352 383
353 400
354 386
359 368
359 386
361 373
364 389
368 395
370 371
374 383
382 398
388 396
