80 147
1 9
1 25
1 29
1 35
1 70
1 78
2 3
2 12
3 5
3 16
3 19
3 62
4 18
4 26
5 37
5 61
5 66
5 69
6 14
6 23
7 17
7 28
7 62
7 69
8 48
9 72
10 31
10 57
11 16
11 19
11 20
12 45
13 16
13 29
13 34
13 46
13 60
13 66
13 76
14 36
14 37
14 50
14 57
14 72
14 79
15 37
15 74
16 18
16 37
16 48
17 21
17 28
17 32
18 43
18 46
18 53
18 54
18 56
18 57
18 70
19 20
19 30
19 44
19 49
19 76
20 26
21 37
21 39
21 41
21 50
21 68
22 31
22 69
22 76
23 31
24 30
26 28
26 29
26 34
26 61
26 67
26 74
27 32
28 47
28 77
28 78
29 45
29 66
29 69
30 37
30 59
30 63
31 56
31 58
31 76
32 51
32 52
32 56
32 65
33 67
34 38
34 56
35 44
36 43
36 50
37 64
38 42
38 64
38 80
39 73
40 80
41 48
42 51
42 54
42 71
42 72
43 69
43 77
44 64
44 75
45 57
45 60
45 79
46 64
46 74
47 52
48 62
48 73
49 57
49 64
49 74
50 73
50 75
53 75
54 55
55 67
55 75
56 58
58 68
61 67
64 67
64 78
65 72
68 74
72 79
72 80
75 80
