180 221
1 125
2 160
3 74
3 146
4 170
5 15
5 24
5 54
5 159
6 48
7 171
8 26
8 56
8 67
8 76
9 93
10 110
10 117
11 92
11 134
12 144
13 102
14 51
14 57
14 92
14 129
14 132
15 89
15 128
15 153
15 170
16 49
17 73
18 77
19 77
19 116
19 167
20 25
20 42
20 65
20 111
20 117
21 178
22 93
23 171
24 65
25 98
25 112
27 89
27 149
28 115
29 146
30 34
31 146
32 52
33 106
33 108
34 41
34 51
34 92
34 164
35 62
35 141
36 52
37 38
37 78
37 134
38 103
39 45
39 48
40 113
40 146
40 147
40 171
40 173
40 178
41 81
43 106
44 67
44 91
44 125
44 130
44 144
45 102
45 126
46 117
47 149
48 53
48 78
49 66
49 107
49 139
50 100
51 104
52 90
52 153
55 171
57 122
58 152
59 60
59 82
59 109
59 123
59 157
59 160
61 141
61 162
62 145
62 148
62 156
62 168
63 86
63 128
63 147
64 106
66 79
66 86
66 167
68 156
69 105
70 73
71 127
72 167
73 76
73 89
73 108
74 102
74 144
75 91
76 86
76 117
77 82
77 180
78 105
78 147
78 156
79 93
79 94
79 103
79 120
79 176
80 167
81 105
82 99
82 112
82 134
83 103
84 178
85 122
86 145
87 108
88 100
88 121
91 104
91 116
92 127
92 138
92 147
93 101
93 169
93 172
94 123
95 115
96 160
97 170
98 103
99 108
100 110
100 145
101 167
102 127
102 154
102 172
103 172
105 177
106 137
108 137
108 158
109 141
111 115
111 122
111 130
112 128
112 172
112 179
113 156
114 118
115 162
117 150
118 126
118 135
118 145
119 178
121 134
121 161
122 140
124 125
125 131
125 141
127 151
127 173
128 130
130 137
133 170
134 136
135 164
136 143
137 152
138 156
141 153
142 152
143 160
144 165
149 166
149 179
152 155
153 174
160 179
161 163
161 175
161 179
