300 380
1 41
1 250
2 41
2 130
2 178
2 217
2 256
2 269
3 43
3 64
3 196
3 220
3 226
3 272
3 275
4 76
4 284
5 38
5 58
5 184
5 203
6 138
6 215
7 46
7 160
8 120
8 184
8 189
8 246
9 269
10 266
11 37
12 25
12 182
13 141
14 25
14 91
14 106
14 245
15 176
16 177
16 192
16 199
17 123
18 259
19 76
19 167
20 88
21 91
21 129
21 174
21 233
22 122
23 33
23 54
23 158
23 258
24 48
25 90
25 285
26 147
27 109
27 212
28 116
29 77
29 142
29 283
30 129
30 189
31 238
32 175
33 108
33 162
33 168
34 96
35 77
35 141
36 176
37 46
37 77
37 83
37 249
38 50
38 61
38 65
38 135
38 243
38 276
39 108
40 203
41 56
41 251
41 284
42 238
43 94
43 179
44 91
45 109
46 218
47 281
48 110
48 212
48 233
49 118
51 142
51 273
52 215
53 97
55 96
55 113
55 154
55 160
55 258
56 76
56 117
56 129
56 181
56 235
57 254
58 119
58 181
58 257
59 68
60 145
61 145
61 246
61 281
62 84
63 169
63 174
63 190
63 233
65 269
66 161
67 136
68 83
68 157
68 182
69 76
69 216
69 272
70 120
70 237
71 118
71 133
71 154
71 266
72 297
73 146
73 154
74 199
75 250
76 142
76 270
77 137
77 181
77 210
77 274
77 288
78 139
78 188
78 220
78 294
79 160
79 255
80 175
81 223
82 87
82 222
82 230
82 272
82 273
83 147
83 235
84 173
84 231
84 252
85 116
86 203
86 277
88 144
88 178
88 202
88 248
89 133
91 286
92 251
93 113
93 147
94 238
95 105
95 175
96 112
96 143
97 98
97 117
97 125
97 198
99 113
100 109
100 193
100 238
100 250
101 216
102 147
103 114
103 156
103 261
103 278
104 107
104 152
104 171
104 224
104 226
105 157
105 230
105 279
106 132
106 153
106 207
106 253
108 166
108 201
109 171
109 192
110 211
111 133
111 225
113 126
113 191
115 122
116 242
116 278
117 122
117 205
117 245
118 290
118 295
120 151
120 240
121 159
121 221
121 231
121 237
121 258
122 206
123 153
123 204
123 296
124 170
127 140
127 145
127 164
128 141
128 167
129 225
129 292
130 209
131 165
131 172
131 230
131 272
131 283
133 197
133 212
134 170
136 183
136 235
136 271
137 223
137 285
138 216
140 144
140 199
141 150
141 241
142 213
142 256
142 264
142 291
144 147
144 170
144 199
144 215
144 246
145 232
146 164
146 220
146 248
146 277
148 179
148 207
149 223
154 157
154 292
155 244
157 161
157 175
160 229
161 208
161 210
162 177
162 187
162 234
163 270
164 249
167 204
167 228
167 260
168 171
168 225
168 233
170 194
171 259
171 269
172 213
174 270
175 178
176 264
176 280
179 183
179 241
179 247
180 244
181 244
184 209
184 275
184 293
185 251
186 259
189 268
189 300
193 231
193 241
193 292
195 254
198 205
199 233
200 221
200 284
203 214
203 220
203 266
204 223
204 289
205 211
205 239
205 281
207 230
214 241
215 298
216 224
216 231
218 281
219 251
220 289
225 246
225 289
227 250
228 244
235 272
235 298
236 259
241 270
243 269
245 278
245 292
251 265
254 264
254 299
255 284
262 297
263 266
264 289
265 297
266 282
267 270
270 279
278 297
281 287
