180 200
1 22
1 141
1 143
1 179
2 148
3 159
4 46
5 54
5 74
5 100
5 160
6 174
7 34
7 81
7 173
8 15
8 42
8 82
8 97
8 119
8 145
9 29
10 32
10 38
10 108
10 156
11 99
12 119
13 114
14 39
15 36
15 50
15 86
15 178
16 37
17 69
18 21
18 44
18 62
18 171
19 58
20 75
20 92
20 111
20 137
21 108
21 128
21 149
23 46
24 60
24 72
24 89
24 128
25 104
26 30
27 126
28 45
28 55
28 66
28 133
29 93
29 122
29 130
30 42
30 57
31 40
33 78
33 167
33 175
33 179
34 69
35 126
37 108
37 121
37 134
39 133
39 158
39 161
40 51
40 58
40 95
40 108
40 138
41 47
41 62
41 163
41 179
42 44
42 122
42 136
43 69
43 120
44 151
44 169
45 138
46 50
46 61
47 101
47 104
47 154
48 169
49 148
50 171
50 174
51 77
51 121
52 79
53 59
53 128
53 150
53 164
56 61
56 63
56 84
56 94
56 122
56 143
58 98
58 107
58 149
62 170
64 115
65 103
67 114
68 81
68 115
68 159
68 171
69 163
70 90
70 115
71 77
73 151
75 103
75 114
75 170
76 119
77 96
77 100
79 87
79 153
79 163
80 159
81 110
81 135
83 99
85 101
88 148
90 117
90 147
90 149
91 104
92 111
92 138
93 131
99 100
99 165
100 170
101 118
101 157
101 173
102 115
103 146
103 180
104 106
105 113
105 128
105 131
105 139
109 154
112 159
114 176
115 155
116 126
118 142
119 133
119 173
120 152
122 152
122 167
122 171
123 138
123 174
124 172
125 169
126 149
127 152
129 169
132 172
133 170
140 154
140 156
142 151
144 154
148 163
151 168
152 166
162 174
172 177
172 179
