300 380
1 41
1 214
2 161
3 232
4 75
4 217
5 285
6 21
6 32
7 195
7 247
8 181
9 298
10 157
10 200
10 291
11 31
11 94
11 137
12 75
12 247
13 155
13 216
13 221
13 297
14 40
14 111
14 115
14 147
14 288
15 23
15 64
15 127
15 254
15 281
16 59
16 251
17 147
17 256
18 258
19 98
19 115
19 130
19 150
19 182
20 89
20 214
21 97
22 39
23 248
23 258
24 106
25 142
25 220
25 277
26 97
27 75
28 129
28 132
28 195
28 248
29 162
29 261
30 161
30 181
32 54
32 90
32 108
32 138
32 145
32 212
33 50
34 72
34 124
34 155
34 186
34 203
34 245
35 93
35 195
36 43
36 109
36 128
36 215
37 60
37 142
37 178
37 227
38 243
39 86
39 101
39 202
41 44
42 52
43 234
44 68
44 121
44 282
45 80
45 167
45 176
45 249
46 92
46 235
47 147
47 205
47 226
47 265
48 132
48 151
48 171
48 298
49 166
49 185
49 189
49 241
50 82
50 197
50 203
51 66
52 72
52 165
52 279
53 68
53 120
53 163
53 174
55 146
55 180
55 187
55 277
56 98
56 161
56 232
56 243
57 65
58 138
58 140
58 286
58 293
59 72
59 208
59 271
61 236
61 294
62 250
63 102
63 117
63 237
63 289
65 87
65 107
65 191
65 223
66 176
66 190
66 217
67 210
68 98
68 220
69 99
70 161
71 156
72 77
73 79
73 113
73 152
73 154
73 191
74 178
74 181
75 101
75 279
76 91
76 133
77 192
77 263
77 292
78 235
78 262
79 106
79 107
80 244
81 95
82 99
82 182
82 236
83 93
83 110
84 269
85 253
87 101
87 149
87 211
87 246
88 159
88 184
89 95
91 125
91 155
91 184
91 218
92 269
93 168
93 204
93 244
94 142
95 103
95 136
96 114
97 134
97 155
97 244
98 291
99 225
99 287
100 153
101 204
102 108
103 193
103 242
103 256
104 116
105 235
106 194
106 212
106 245
107 228
108 114
110 193
111 212
112 250
114 191
114 229
116 207
116 240
116 277
117 239
118 200
119 147
119 160
119 206
119 267
120 295
122 156
123 151
123 166
123 252
124 209
126 258
129 251
129 252
129 270
130 186
130 242
131 181
131 253
132 186
132 215
133 228
133 260
135 214
137 159
137 204
137 258
138 150
138 209
138 210
139 198
139 245
139 257
139 272
141 169
141 178
141 274
141 278
143 195
144 151
145 191
145 193
147 150
148 171
150 191
150 241
150 288
151 294
152 165
153 264
153 266
153 277
154 298
156 196
156 210
156 215
157 178
157 186
157 254
157 277
158 188
158 261
159 177
159 201
161 173
162 236
163 222
164 261
169 266
170 188
170 234
170 237
170 296
171 238
171 239
172 220
173 248
173 256
174 201
175 205
175 243
176 182
176 269
178 285
179 260
181 221
181 254
181 289
181 300
182 237
183 220
184 219
186 274
188 270
191 194
191 204
191 242
193 275
194 274
197 269
199 210
200 231
200 291
204 242
209 228
209 237
209 280
210 283
213 235
213 294
214 245
215 261
218 262
219 285
222 258
224 231
224 262
230 236
232 263
232 268
232 290
233 260
234 269
234 286
235 241
240 275
241 260
243 276
245 258
247 248
248 273
250 254
250 255
253 288
253 291
256 299
259 269
262 287
262 291
280 292
284 285
295 298
