200 267
1 166
1 194
2 112
3 64
4 179
5 53
5 124
5 155
6 19
6 35
6 50
6 133
6 197
7 18
8 47
8 191
9 18
10 172
11 14
12 130
13 52
13 80
13 109
13 147
13 151
14 34
14 111
14 126
14 130
15 49
15 150
16 132
16 156
16 171
16 191
16 193
17 64
17 88
17 136
17 142
18 92
18 168
19 60
19 148
20 32
21 36
22 194
23 63
23 114
24 89
24 156
24 165
24 174
25 121
25 141
25 182
25 187
26 159
26 189
27 120
28 136
29 52
29 77
29 109
29 113
29 139
30 32
30 120
30 152
30 163
31 72
32 153
32 171
33 77
33 98
33 107
33 141
33 151
33 176
33 199
35 101
35 102
36 158
36 187
36 198
37 52
37 77
37 108
37 131
37 195
38 184
39 56
39 135
39 186
39 197
40 102
40 163
41 114
42 159
43 47
43 112
43 163
43 194
44 83
44 101
44 183
45 68
45 104
46 85
47 171
48 62
49 72
51 64
52 120
52 185
52 198
53 82
53 159
54 136
55 72
55 101
57 104
57 179
58 112
59 63
59 160
60 136
60 138
60 156
61 161
62 73
62 103
62 118
62 126
62 200
63 75
63 115
63 156
63 173
64 154
65 79
65 185
66 97
66 138
67 183
68 119
68 147
68 180
69 79
69 152
70 142
70 186
71 104
72 150
72 170
74 172
75 183
76 91
76 102
76 104
76 130
76 181
77 86
78 88
78 109
78 181
79 83
79 90
79 187
79 189
80 137
81 84
81 152
82 142
84 87
85 118
85 151
85 173
85 187
86 137
87 103
87 138
87 144
88 117
88 168
91 149
93 117
93 167
93 190
93 196
94 142
95 114
95 118
95 152
96 184
97 151
97 169
97 175
98 101
99 119
99 155
100 153
100 194
101 104
101 110
101 170
102 131
102 140
102 166
104 125
104 143
105 150
106 120
109 124
109 163
112 146
114 126
115 173
116 130
117 147
117 149
117 179
120 122
123 152
123 172
124 126
124 138
124 197
127 149
128 155
129 131
129 185
130 160
131 142
133 137
134 156
134 161
136 163
137 138
137 192
138 159
140 190
145 185
147 161
147 184
148 172
148 184
149 178
150 168
150 177
152 184
153 176
155 170
156 163
157 179
158 199
160 176
161 199
162 183
164 172
164 175
168 172
170 181
181 187
183 188
183 197
193 198
