350 492
1 81
1 121
1 122
1 145
1 196
2 55
2 136
2 140
2 191
3 31
3 68
3 143
3 249
3 315
4 64
4 270
4 272
4 338
5 64
5 89
5 304
5 311
6 57
6 162
6 223
6 301
7 346
8 24
8 336
9 78
9 243
9 251
10 96
10 318
11 96
11 103
11 225
11 330
12 134
12 145
12 146
12 271
13 164
13 199
13 215
13 331
14 71
14 124
14 169
14 293
14 314
15 188
15 299
16 33
16 107
16 156
16 191
16 223
16 273
17 241
18 141
18 211
19 28
19 34
19 114
20 85
20 245
21 52
21 162
21 172
22 37
22 168
22 183
23 300
24 279
24 290
24 317
25 103
25 161
25 254
25 269
26 311
26 325
26 347
27 174
28 103
28 104
28 269
29 126
29 321
30 108
31 252
31 270
32 64
32 122
32 161
32 162
32 331
33 174
33 179
33 181
33 296
34 69
34 148
34 186
34 231
34 236
35 296
35 340
36 328
37 156
37 166
37 200
37 222
37 240
38 118
39 325
40 127
40 244
41 214
41 233
41 309
41 350
42 189
43 206
44 169
44 330
45 57
45 63
45 292
46 127
47 142
47 242
47 254
47 299
48 137
48 139
48 185
48 320
49 117
49 269
49 325
49 346
50 104
51 74
51 104
52 188
52 267
52 313
52 350
53 301
53 306
54 112
54 215
54 287
54 304
55 103
56 65
56 70
57 256
57 260
57 323
58 115
58 299
59 226
59 272
60 305
61 176
61 233
62 98
63 190
64 105
64 345
65 74
65 76
65 297
66 115
66 122
66 274
66 320
67 78
68 74
68 113
68 162
68 212
68 223
68 307
69 94
69 137
69 209
69 261
69 317
70 145
70 219
70 235
70 335
71 83
72 338
73 223
74 88
74 207
74 322
75 215
76 101
76 155
76 278
77 94
78 170
78 208
78 287
78 298
78 312
79 268
80 266
81 289
81 329
82 142
82 184
82 229
83 107
83 126
83 141
83 169
83 284
84 142
84 263
85 106
85 123
85 125
85 291
86 98
86 183
86 328
86 331
87 108
88 350
89 147
89 265
89 306
89 343
90 117
91 211
91 225
92 127
93 105
93 131
93 184
93 186
93 281
93 320
94 283
94 333
95 304
96 111
96 132
97 176
98 122
98 169
98 332
99 164
99 233
100 229
100 266
102 111
102 276
103 169
103 200
104 169
104 230
105 126
105 243
105 326
107 137
107 161
107 317
108 243
108 261
108 273
108 318
108 332
109 191
109 311
110 226
110 287
110 288
110 334
110 337
111 137
112 338
113 227
114 270
114 305
115 161
115 261
116 252
116 268
117 144
117 238
118 154
118 200
118 302
119 158
119 328
120 223
121 122
122 220
125 137
125 206
125 241
126 157
126 160
126 308
127 191
128 203
129 256
130 199
131 181
133 223
135 192
135 237
137 160
137 168
137 303
138 237
139 201
139 224
139 297
141 178
142 310
145 254
145 284
145 307
146 215
146 239
147 310
148 176
149 268
150 275
151 272
152 282
153 190
155 203
155 261
155 298
155 331
156 190
156 256
157 263
158 311
159 289
159 330
160 298
162 204
163 203
164 167
164 210
165 214
165 256
166 219
167 224
168 202
168 253
168 303
168 342
171 270
172 243
173 227
174 195
174 258
175 252
176 204
177 211
178 272
178 274
179 312
180 199
180 267
181 232
181 262
182 301
183 198
183 259
183 291
184 286
185 216
185 341
185 344
187 325
189 211
189 312
189 317
189 329
190 228
191 312
191 329
191 339
192 296
192 318
192 346
193 301
194 320
196 221
197 304
198 316
199 209
199 332
199 335
200 266
200 300
200 342
202 240
202 310
203 274
203 343
204 227
204 276
204 303
205 298
205 301
206 230
206 324
208 285
209 261
210 283
211 246
212 266
213 261
215 242
215 255
215 295
217 300
218 330
220 296
221 232
221 256
225 229
225 248
226 311
227 286
227 327
229 252
229 271
233 240
234 307
237 272
237 280
237 350
238 244
239 270
241 264
241 277
242 251
242 285
242 326
243 257
244 328
245 329
247 282
250 276
252 273
252 327
253 338
254 350
257 333
263 320
267 268
268 303
269 273
269 287
273 275
275 343
275 349
276 319
277 313
279 342
282 289
282 303
285 338
287 305
292 300
294 312
296 340
298 321
299 348
305 336
307 339
307 347
312 345
313 337
314 338
316 346
329 349
