180 242
1 49
1 113
2 127
2 168
3 74
4 21
4 52
5 12
5 71
5 95
5 141
5 158
6 130
7 145
8 77
9 40
9 62
9 114
9 157
9 179
10 25
10 62
11 17
13 57
13 64
14 81
14 83
14 112
15 65
15 79
15 134
15 159
16 153
17 22
17 80
17 87
17 129
17 151
17 167
18 70
18 122
19 164
20 113
21 153
22 47
22 50
22 85
22 150
23 95
23 165
24 43
24 109
24 134
24 180
25 57
25 62
25 98
26 119
26 126
26 147
26 178
27 61
27 105
27 134
27 152
28 61
28 69
29 39
29 60
29 72
29 142
30 32
30 69
30 79
31 32
31 50
31 76
31 104
31 108
32 167
33 71
33 78
33 85
33 171
34 67
34 102
34 128
34 173
35 59
35 73
35 173
35 177
36 106
37 142
37 172
38 42
40 66
40 118
41 79
41 82
41 122
42 133
42 148
42 170
44 50
44 108
45 145
46 106
47 91
47 94
47 113
47 121
47 149
48 135
49 129
50 95
50 132
50 166
51 100
51 110
51 118
52 66
52 71
52 101
53 66
53 96
53 110
53 115
53 126
54 89
55 135
56 129
57 98
58 114
58 140
60 115
61 63
61 123
61 148
62 123
62 153
63 125
63 150
64 105
64 156
64 176
66 159
68 153
69 91
69 173
70 74
71 150
72 89
72 125
72 129
72 138
74 111
74 141
74 143
74 152
75 89
77 78
77 134
77 160
77 169
78 138
78 155
79 120
79 175
80 93
80 117
80 154
80 155
82 137
82 144
82 152
82 175
83 169
84 123
84 164
86 140
87 97
88 112
89 103
90 168
91 166
92 128
92 143
92 168
93 106
93 125
93 164
97 122
97 136
99 130
100 140
101 163
105 131
105 159
105 168
106 139
107 127
107 165
107 167
108 125
108 135
108 139
108 165
111 117
111 131
111 155
112 148
112 149
112 172
113 138
113 161
115 126
116 172
117 141
118 124
118 161
119 157
119 174
120 130
122 126
123 126
123 173
126 166
127 172
129 146
130 148
131 151
131 166
134 166
135 162
136 145
140 161
143 179
145 152
150 161
163 164
165 174
