180 284
1 94
2 115
3 19
4 22
4 59
4 85
4 116
4 135
5 43
5 52
5 58
5 93
5 94
5 99
5 153
6 21
6 105
6 113
6 142
6 154
7 19
7 97
8 44
8 56
8 171
8 180
9 57
9 128
9 180
10 41
10 84
10 159
11 73
12 21
12 139
13 15
14 121
14 149
14 164
15 41
15 65
15 68
15 69
16 115
16 137
17 58
17 63
17 73
17 104
17 139
17 158
18 65
18 87
18 91
19 33
19 64
20 44
20 161
20 165
21 132
22 44
22 148
23 87
24 99
24 161
25 69
25 131
26 63
26 75
26 85
26 88
26 175
27 148
28 93
28 134
29 47
30 91
30 119
30 134
30 138
30 140
31 64
31 81
31 95
31 125
31 180
32 56
33 47
33 97
33 118
33 151
33 161
34 51
34 52
34 180
35 120
35 131
36 37
36 76
36 113
36 134
36 140
37 44
37 65
37 151
37 180
38 76
38 142
39 55
39 67
39 118
39 125
39 130
40 45
40 50
40 60
40 81
40 89
40 151
41 44
41 84
41 131
41 164
42 75
43 66
43 164
44 58
44 66
44 95
44 140
44 153
45 53
45 67
45 81
45 174
46 84
46 98
46 146
46 148
47 121
47 142
47 157
48 139
49 108
50 140
51 96
51 101
51 112
51 167
52 75
52 135
54 155
55 133
56 95
56 145
57 140
57 170
58 65
58 94
58 113
60 78
60 83
60 86
60 111
60 117
60 168
61 84
62 147
62 164
62 180
64 98
64 101
64 127
65 146
66 87
66 155
66 167
67 171
68 171
70 134
70 163
71 155
72 108
73 77
73 117
74 75
74 115
74 118
74 127
74 146
75 83
76 110
76 143
79 141
79 170
80 144
80 176
82 141
84 129
85 108
85 151
87 128
87 170
89 106
89 147
89 173
90 92
90 96
90 130
90 172
93 98
94 121
94 122
94 177
97 99
98 113
98 137
98 166
99 101
99 112
99 156
100 121
100 171
101 144
102 153
103 110
103 125
103 127
104 164
106 130
107 127
107 148
108 162
109 161
111 153
112 124
113 144
113 179
114 134
115 136
115 165
116 152
120 138
120 179
121 131
121 160
123 158
124 143
124 167
124 173
125 143
125 172
126 155
127 132
127 168
130 141
130 146
130 168
131 150
131 167
132 179
133 139
134 161
140 151
141 178
144 169
145 177
148 159
149 150
149 158
150 153
150 168
151 180
152 171
153 177
155 175
157 179
158 176
160 179
163 165
163 167
165 179
171 178
172 174
