300 353
1 258
2 16
2 44
2 160
2 245
3 258
4 79
5 52
5 97
5 172
5 186
6 18
6 73
6 193
6 224
7 243
8 36
8 154
9 230
10 158
11 230
12 242
12 247
13 291
14 18
15 117
15 165
16 161
16 179
16 188
16 266
16 284
17 99
18 144
18 211
19 43
19 181
19 195
19 198
20 64
21 87
21 120
21 184
21 232
22 299
23 119
23 149
23 189
23 206
24 115
24 298
25 77
25 149
25 195
25 259
26 29
26 59
26 121
26 166
26 172
27 158
27 255
27 279
28 47
28 164
28 277
28 300
29 291
30 132
30 199
30 208
30 297
31 170
31 204
31 283
31 292
32 41
32 67
32 84
32 282
33 273
34 252
34 279
35 224
36 205
36 234
36 252
36 253
37 110
38 50
38 107
39 202
40 64
40 73
42 54
44 135
44 156
44 225
45 68
46 70
46 112
48 200
49 100
49 194
49 236
49 248
49 259
50 163
51 68
53 236
53 273
54 138
54 187
54 263
55 140
55 178
55 207
55 259
56 133
57 195
57 246
57 272
57 284
58 69
60 264
61 273
62 196
63 281
64 81
64 89
64 159
64 239
65 165
66 68
66 254
68 152
68 180
68 185
68 298
69 114
69 127
69 149
70 101
70 197
70 288
71 254
72 74
72 96
72 109
72 262
73 151
73 214
75 229
76 103
77 129
77 136
77 245
78 118
79 155
79 209
79 244
79 289
80 158
81 110
81 194
81 289
82 160
82 208
83 168
84 113
85 264
85 291
86 92
87 159
88 118
88 237
88 283
90 222
90 275
91 212
91 227
91 237
91 292
92 155
92 260
92 261
93 150
93 152
93 184
93 282
94 106
94 116
95 271
96 131
96 153
96 188
96 202
97 180
97 184
98 160
99 220
99 226
99 268
102 188
103 105
103 123
103 251
104 160
106 213
106 265
106 292
107 122
107 142
107 145
108 224
110 176
110 184
111 152
111 159
111 167
111 191
111 203
112 247
113 196
115 230
116 128
116 162
116 251
117 134
117 145
117 269
118 146
118 297
124 163
125 202
126 298
127 145
129 131
129 150
130 196
131 175
131 256
133 184
133 250
133 267
133 287
136 145
136 191
136 220
136 234
137 295
138 237
139 299
141 193
141 200
143 298
143 299
145 168
145 281
147 168
148 216
149 299
150 193
150 278
152 196
152 270
153 243
153 255
154 190
154 220
154 222
155 191
155 256
155 295
157 216
158 172
158 241
159 216
159 217
159 245
159 248
163 201
163 239
163 282
165 171
165 182
165 251
168 169
168 175
172 193
172 255
173 217
174 270
175 229
175 243
177 285
180 217
183 185
183 281
185 210
188 235
188 294
191 295
192 229
192 276
193 263
195 291
197 278
197 279
197 298
200 210
200 220
202 236
209 247
215 236
215 271
216 223
217 219
218 279
219 284
221 243
224 280
227 253
228 285
229 238
230 263
231 295
233 299
234 270
234 285
240 264
242 281
245 300
247 263
249 254
250 275
251 278
254 256
255 258
256 292
257 285
258 300
259 275
264 276
264 300
270 286
270 293
271 282
271 290
273 297
274 295
275 296
278 297
