80 93
1 65
2 13
3 32
4 32
5 20
5 22
5 32
5 35
5 73
5 80
6 11
7 13
8 11
9 18
9 41
9 60
9 69
10 29
11 21
11 74
11 77
11 78
12 25
12 48
12 77
13 28
13 34
13 36
14 36
14 38
14 48
14 67
14 79
15 16
16 37
16 49
16 74
17 38
17 68
19 32
19 76
20 47
21 29
22 41
23 47
23 48
24 39
25 28
25 35
25 60
26 29
27 34
27 51
28 51
28 68
29 37
30 75
31 76
32 37
32 42
33 39
34 52
35 39
35 64
35 76
37 48
39 58
40 56
43 68
44 54
45 46
46 75
47 60
47 66
48 75
50 56
51 59
51 72
52 61
52 70
52 77
53 54
54 64
54 77
55 56
56 60
56 61
57 65
62 76
63 68
64 78
65 71
65 75
