160 257
1 70
2 91
3 142
4 83
5 18
5 49
5 64
5 116
6 64
7 12
7 70
7 131
8 66
8 134
9 19
10 27
10 37
10 39
10 89
11 146
12 28
12 48
13 26
13 35
13 142
13 156
14 39
14 58
14 73
14 100
14 111
14 134
14 135
14 143
15 102
16 89
16 108
16 117
16 155
17 33
17 41
17 78
17 115
17 137
18 50
18 74
18 77
18 82
18 135
19 30
19 75
19 91
19 123
19 137
20 27
20 30
20 77
20 92
20 100
20 149
20 150
21 62
21 112
21 156
22 62
23 67
23 84
23 118
24 31
24 53
24 124
25 71
25 99
26 33
26 116
27 30
27 46
28 73
28 87
28 111
28 131
29 62
30 62
30 117
30 119
30 124
31 104
31 147
32 67
33 120
33 142
33 159
34 79
34 118
35 44
35 89
35 118
36 94
38 43
38 54
38 70
38 107
38 113
38 144
38 148
40 54
41 71
41 118
41 128
42 72
42 126
42 149
43 44
43 145
44 93
44 153
45 77
46 85
46 104
46 153
46 157
47 96
47 160
48 49
48 94
48 114
49 100
49 123
49 159
50 155
51 92
51 107
51 119
51 125
51 159
52 71
53 70
53 145
54 56
54 125
54 126
54 127
55 102
57 77
58 115
58 116
59 67
59 76
59 77
60 106
60 150
61 94
61 114
61 116
63 100
63 108
64 69
64 107
65 86
65 102
65 114
66 120
67 80
67 95
67 128
68 112
68 120
69 98
69 127
70 80
70 98
70 99
70 146
71 125
72 91
73 86
73 102
73 119
74 147
76 126
76 143
76 160
77 101
79 98
79 103
79 117
79 125
80 109
80 113
80 146
80 148
81 109
82 148
83 84
83 110
83 126
83 135
84 92
85 130
86 95
86 130
86 156
88 91
88 124
89 134
89 144
89 148
90 94
90 96
90 106
91 105
91 122
91 125
92 125
92 126
94 121
95 143
96 112
96 126
96 139
97 113
99 118
99 134
100 129
100 151
104 108
106 142
107 133
107 160
108 159
109 138
109 140
110 118
112 154
113 122
113 154
115 160
118 150
119 153
120 141
124 136
126 127
129 140
129 141
130 148
132 146
133 143
133 150
134 158
140 155
144 147
145 146
145 156
147 153
148 159
149 151
149 152
