500 534
1 32
1 87
1 213
1 267
2 53
2 57
2 340
2 479
3 353
3 378
3 436
3 457
4 14
4 82
5 132
5 133
5 269
5 305
6 177
7 149
7 200
7 204
7 438
8 137
8 222
9 163
9 268
9 318
9 481
10 437
11 111
11 139
11 398
11 477
12 323
13 324
14 63
14 418
14 433
15 205
16 226
17 366
18 203
19 65
19 155
19 165
19 471
20 61
20 274
20 351
20 476
21 314
22 468
23 478
24 205
25 207
25 254
25 274
25 437
26 263
27 203
28 237
29 372
30 241
31 477
33 410
34 169
34 371
34 379
34 405
35 315
36 480
37 452
38 167
39 368
40 326
41 300
41 431
42 146
42 418
43 104
43 167
43 241
43 424
44 170
45 264
45 307
45 423
45 431
46 375
47 286
47 312
47 366
47 413
48 175
49 275
49 289
49 344
49 385
50 57
50 189
50 297
50 432
50 482
51 170
52 56
53 271
53 410
53 452
54 410
55 424
56 133
56 294
56 496
57 121
57 373
57 468
58 101
58 280
58 475
58 479
59 102
59 114
59 160
59 399
60 199
61 148
61 346
61 487
62 413
64 442
66 106
66 266
66 334
66 498
67 121
67 479
68 247
69 112
69 176
69 291
69 308
70 177
71 170
71 205
71 239
71 300
72 242
73 317
73 431
74 99
74 406
74 454
74 488
75 165
75 183
75 358
75 384
76 311
77 351
78 159
79 111
80 480
81 84
82 233
82 261
83 226
83 245
83 312
83 315
84 89
84 304
84 347
85 248
86 295
88 306
90 131
90 136
90 411
90 451
90 493
91 100
91 327
91 374
91 470
92 314
93 306
94 121
95 315
96 145
97 167
98 219
102 311
102 367
102 368
103 478
104 133
104 210
104 429
105 137
105 203
105 398
105 444
107 179
108 194
109 228
110 113
110 254
111 262
111 439
113 200
115 186
116 228
117 351
118 219
118 367
118 466
118 473
119 366
120 245
121 443
122 282
123 202
123 239
123 248
123 310
124 259
125 215
126 258
127 263
128 186
128 224
128 295
128 329
129 230
130 209
130 235
130 433
130 493
133 324
134 260
135 138
137 164
137 178
138 321
138 434
138 484
139 238
139 288
139 370
140 199
141 415
142 329
143 366
144 442
145 265
145 385
145 389
145 448
146 382
146 400
146 453
147 295
149 296
149 373
149 456
150 175
150 218
151 251
152 254
153 375
154 326
156 476
157 310
158 473
159 168
159 212
159 459
161 449
162 194
162 236
162 352
162 387
163 242
165 216
165 259
165 432
166 466
167 341
170 359
171 322
172 174
172 213
172 217
172 404
173 323
175 380
175 390
175 423
177 234
177 382
179 330
179 462
179 498
180 473
181 323
182 200
184 186
185 314
186 206
187 271
188 230
189 199
190 352
191 306
192 413
193 485
194 348
194 408
195 387
196 437
197 259
198 466
199 459
200 376
201 351
202 279
202 301
202 490
203 391
204 210
204 347
204 454
205 455
206 334
207 244
207 407
207 497
208 450
209 252
209 339
209 340
210 252
210 312
211 424
213 236
213 372
213 492
214 282
215 256
215 265
215 479
216 339
216 457
216 498
218 226
219 356
219 380
220 466
221 410
222 271
223 477
224 321
224 470
224 472
225 300
226 428
227 273
228 229
228 385
230 405
230 445
230 489
231 352
232 374
232 387
233 415
233 451
235 245
235 278
235 415
235 450
236 459
236 472
237 355
237 357
237 433
239 340
239 423
240 278
241 342
241 393
242 316
242 402
242 454
243 476
244 433
245 292
245 492
246 450
247 309
247 364
247 493
248 392
248 394
249 444
250 449
251 381
251 435
251 481
252 472
253 276
253 396
253 411
253 429
254 284
255 278
255 439
257 311
258 333
258 405
258 420
259 447
260 308
260 365
260 441
261 347
261 422
261 425
261 461
263 298
263 459
267 291
267 352
270 415
271 469
272 273
273 397
273 433
274 339
274 385
277 424
278 491
281 329
282 321
282 360
283 310
285 375
286 290
286 335
286 354
287 299
287 308
287 325
287 377
288 300
293 468
295 445
300 417
302 449
303 438
306 423
308 398
310 474
311 313
312 382
314 470
315 395
317 425
317 458
317 498
319 326
319 461
320 478
321 485
322 412
322 457
322 463
323 470
324 426
324 499
326 493
328 363
329 419
331 450
332 363
336 347
336 350
336 416
336 494
337 438
338 452
339 405
340 398
343 444
344 406
345 368
349 420
352 392
352 483
361 438
362 473
363 382
363 427
367 472
367 481
368 378
368 403
369 442
372 401
372 476
372 495
375 429
383 485
386 440
387 388
409 452
412 430
413 464
414 468
421 437
429 449
430 440
440 446
440 481
442 479
444 467
454 478
457 480
460 485
462 464
465 476
477 486
480 500
