140 193
1 41
2 92
3 49
3 111
3 122
3 136
4 14
4 79
4 119
5 12
5 21
5 50
5 80
5 105
5 108
6 62
7 23
7 75
8 38
8 74
8 88
8 98
9 46
9 138
10 70
11 17
12 80
13 80
14 28
14 58
14 71
15 29
15 62
16 114
17 23
17 86
17 133
18 114
18 134
19 24
19 114
20 27
20 58
21 39
21 98
21 136
22 57
22 106
22 125
22 136
23 29
23 31
23 97
24 34
25 65
26 52
26 84
27 108
27 139
28 36
28 66
28 78
28 91
28 95
29 31
29 35
30 37
30 105
30 132
30 133
31 68
31 90
31 127
32 47
32 73
32 91
32 121
32 135
32 140
33 108
34 40
34 56
34 77
35 119
36 120
37 90
39 59
39 99
41 81
41 120
41 121
42 47
42 77
43 80
43 88
44 48
44 52
44 66
44 87
45 48
45 55
45 95
45 127
46 60
46 98
46 107
47 89
50 51
50 61
50 63
50 75
50 113
51 105
52 72
52 109
52 121
53 126
54 81
54 93
56 59
56 127
56 137
57 89
58 67
58 70
58 100
58 113
58 122
59 91
59 118
59 121
61 65
61 103
62 64
62 67
62 123
64 90
64 126
65 99
65 102
65 137
67 93
67 99
69 93
69 118
69 123
70 79
70 80
70 101
70 136
71 108
72 75
75 112
75 116
76 119
78 85
82 94
82 98
82 103
82 108
82 110
83 92
83 116
84 126
85 96
85 118
85 137
85 139
87 97
87 116
87 128
87 129
89 117
89 134
89 137
91 104
91 114
92 131
92 133
93 115
99 116
99 133
102 130
103 124
104 124
104 130
104 138
116 119
116 131
123 131
126 127
127 140
134 138
