250 345
1 80
1 185
2 13
3 211
3 248
4 12
5 31
6 22
6 40
6 52
6 114
6 176
6 199
7 155
7 223
8 123
8 126
8 204
8 247
9 199
9 211
10 32
10 138
10 171
10 238
11 18
11 184
12 43
12 75
12 149
13 45
13 121
13 127
14 129
15 146
16 129
16 242
17 21
18 19
18 48
18 173
18 225
19 110
20 147
21 26
21 116
21 134
21 207
22 238
23 142
23 168
24 29
24 187
25 53
25 120
25 195
25 231
26 65
27 188
27 230
27 246
28 55
29 100
29 219
29 248
30 88
31 40
31 78
31 186
31 250
32 148
32 152
32 218
33 86
33 149
33 227
33 235
34 147
35 64
35 119
36 111
36 143
36 144
36 237
37 66
37 139
37 156
37 211
38 232
38 233
39 147
39 233
40 97
40 230
41 155
42 236
42 242
43 86
44 70
44 149
44 172
44 228
46 64
46 91
46 166
46 172
46 219
46 239
47 192
47 195
48 216
48 219
48 222
48 223
48 250
49 139
50 124
50 212
51 95
51 210
52 126
53 80
53 161
53 162
54 138
55 107
55 162
55 177
55 178
56 151
57 101
57 144
57 216
57 221
58 74
58 160
59 174
60 74
61 201
62 127
62 138
63 124
63 142
63 150
63 193
64 82
64 158
64 169
65 137
65 144
65 190
65 244
66 87
66 92
66 105
66 192
67 97
67 104
67 150
67 156
68 217
69 85
69 190
69 220
70 77
70 91
71 111
71 115
71 223
72 173
72 184
72 211
73 174
74 214
74 243
76 126
76 145
76 153
76 174
76 175
77 88
78 190
79 109
79 120
79 132
81 217
83 125
83 132
83 146
83 150
83 206
84 115
84 156
84 217
85 146
86 167
86 249
87 109
88 105
88 158
88 207
89 118
89 136
89 223
90 155
91 140
91 163
91 189
91 249
93 176
94 139
94 171
95 103
95 178
95 202
96 124
97 149
97 206
98 116
98 132
99 147
99 155
99 171
99 190
100 179
100 210
100 215
102 181
102 239
104 171
104 187
105 203
105 216
106 129
108 115
108 222
109 139
110 195
111 179
111 200
112 199
112 239
113 145
113 236
114 148
115 176
117 185
117 234
118 145
118 230
118 238
119 222
120 154
120 159
120 173
121 182
121 231
121 233
122 193
124 200
125 135
125 164
125 194
125 246
126 217
126 231
128 151
128 171
128 182
128 201
128 235
129 206
130 223
130 226
131 167
132 229
133 136
135 142
136 196
136 243
138 157
138 232
140 195
141 143
141 155
142 151
142 241
144 156
146 208
147 166
148 250
149 236
150 243
151 168
151 209
156 178
157 171
157 190
158 198
160 225
160 233
165 198
167 206
167 242
170 239
170 240
173 200
174 178
174 188
176 206
176 227
177 188
180 238
181 235
182 183
182 212
182 220
183 193
184 185
185 243
186 234
187 207
187 219
187 231
190 210
191 196
191 230
192 231
193 203
193 226
195 230
197 230
198 207
198 213
201 224
201 234
203 210
205 236
206 235
210 245
214 241
215 232
222 245
229 248
235 240
