250 321
1 210
2 77
2 78
2 88
2 115
2 143
2 159
2 240
3 18
3 65
4 6
4 8
4 13
4 79
4 96
5 24
5 37
5 62
5 184
6 81
6 99
6 134
6 214
6 249
7 35
8 107
8 188
9 62
9 114
9 177
9 198
10 234
11 199
12 49
12 83
12 230
13 36
13 70
13 149
13 175
14 188
15 237
15 249
16 86
16 142
16 189
16 195
17 118
18 81
19 44
20 57
21 61
22 228
23 199
24 25
24 207
24 210
25 64
25 102
25 231
25 248
26 130
27 36
28 73
29 169
30 114
30 194
31 81
32 104
32 158
33 36
34 36
34 148
34 181
34 203
35 67
35 94
35 101
35 110
35 221
36 50
37 103
37 148
37 205
38 67
39 124
39 215
40 179
40 180
41 230
42 131
43 44
44 98
44 160
45 182
45 183
45 206
45 213
46 105
47 224
48 67
48 210
49 130
49 234
51 92
51 127
51 215
51 230
52 117
52 118
52 207
53 55
54 116
55 72
55 141
55 193
56 178
56 183
57 101
57 176
57 179
58 90
58 146
58 187
58 250
59 73
60 207
61 92
61 161
61 168
61 172
61 206
62 105
62 131
63 144
63 206
63 207
64 218
65 86
65 191
65 245
66 104
67 101
67 133
67 182
67 202
68 139
68 206
69 194
71 180
71 205
73 107
73 193
74 181
75 132
76 84
76 111
76 129
76 184
79 86
79 103
79 172
80 95
80 113
80 128
80 167
81 86
81 151
82 92
83 97
83 152
83 164
83 209
84 161
85 131
85 152
86 240
87 118
87 132
88 162
88 199
88 235
89 193
89 222
89 236
89 247
90 174
91 203
92 102
92 137
93 208
94 158
94 169
95 162
96 117
96 140
96 192
96 200
99 197
100 163
101 148
101 229
102 206
102 209
103 235
103 250
104 136
104 152
104 211
104 232
105 108
105 157
106 207
109 181
109 208
112 162
114 167
115 203
116 138
116 159
116 172
117 189
117 215
118 139
118 250
119 215
120 224
121 133
121 238
122 207
123 210
123 228
124 127
124 132
124 153
124 188
124 208
125 132
125 165
126 199
127 160
127 235
128 229
130 167
130 219
130 243
130 245
131 170
135 228
136 144
136 183
136 225
137 174
138 209
139 163
144 158
144 239
144 241
145 149
145 197
147 185
147 213
148 152
149 187
150 206
150 215
151 211
152 228
153 162
154 234
155 162
156 228
158 169
158 182
158 196
160 163
160 234
161 173
163 190
163 227
165 169
166 197
167 197
167 205
171 180
172 194
173 196
174 208
178 224
180 184
181 201
181 240
182 235
182 238
183 217
183 229
184 224
185 204
185 216
185 223
185 250
186 238
188 246
190 233
193 205
194 218
196 197
196 220
196 232
199 216
203 244
205 250
211 245
212 237
213 225
213 226
218 235
229 230
230 233
237 238
237 242
