60 83
1 30
1 32
1 42
1 54
2 17
2 52
2 57
3 16
3 31
4 11
4 28
4 52
4 55
5 13
6 20
7 29
7 36
7 42
7 51
8 11
8 12
8 41
8 47
9 20
9 24
9 50
9 57
10 25
10 47
10 50
10 59
11 12
11 51
11 60
12 18
12 19
12 46
12 51
13 24
13 42
13 48
13 55
14 16
15 26
15 29
15 44
15 56
16 25
16 29
16 46
17 29
17 41
17 45
17 53
18 57
20 34
20 51
21 53
22 40
23 59
27 60
29 37
31 35
31 37
31 47
32 59
33 40
33 57
33 59
36 60
37 40
37 51
37 53
38 40
39 42
39 59
42 52
42 59
43 60
49 53
50 52
53 58
55 60
