300 434
1 9
1 73
1 111
1 150
1 180
1 204
2 212
2 217
2 274
3 17
4 105
4 217
5 262
5 291
6 62
6 255
7 95
7 129
7 178
8 173
8 243
9 38
9 79
9 96
9 218
10 111
10 158
11 77
11 83
11 186
12 59
12 255
13 41
13 53
13 205
13 259
13 262
13 289
14 45
15 111
16 95
16 190
17 83
17 263
17 268
18 29
18 77
18 88
18 243
19 150
19 236
20 89
20 143
21 30
21 101
21 167
21 188
21 213
22 54
22 72
22 165
22 194
23 170
24 94
24 171
24 238
24 252
25 33
25 164
25 191
25 207
26 89
26 219
27 49
27 151
28 214
28 220
28 265
29 102
29 233
30 158
30 197
31 242
32 77
32 250
33 42
33 110
33 119
33 222
34 46
34 253
35 127
35 152
35 175
35 187
35 206
36 211
36 226
36 268
37 128
38 119
38 129
39 105
40 119
41 162
41 217
41 241
42 48
42 168
43 265
44 81
44 128
44 195
44 226
44 241
45 53
45 115
45 151
45 268
46 224
47 170
47 254
48 122
48 220
49 141
50 226
50 264
51 121
51 155
51 171
51 239
51 242
51 281
52 265
54 87
54 170
54 173
55 81
55 186
56 69
57 70
57 72
57 206
57 208
58 104
58 113
58 165
58 184
59 80
59 138
59 208
60 86
61 127
61 142
61 172
62 219
62 240
62 244
62 288
63 217
64 203
65 217
66 194
66 277
67 71
67 151
67 156
67 182
68 84
69 149
69 183
69 190
69 194
70 224
70 227
70 272
71 86
72 132
72 195
72 280
73 164
73 234
73 299
74 239
74 271
75 158
75 229
76 88
76 165
76 176
76 198
76 289
77 124
77 283
78 148
78 231
81 131
81 159
81 163
81 224
82 203
83 137
84 196
84 221
84 254
84 276
85 101
85 300
86 106
86 180
86 283
87 127
87 179
87 186
88 116
88 231
88 232
88 286
88 299
89 219
89 249
90 211
90 216
90 231
90 296
91 264
91 271
92 118
92 134
92 188
93 101
93 158
94 132
94 238
94 241
94 251
94 264
95 107
95 122
95 252
96 215
97 101
97 146
98 162
98 182
99 164
99 291
100 294
101 161
101 228
102 103
103 180
103 208
103 221
103 257
104 105
105 157
105 160
107 222
107 298
108 250
109 226
110 197
110 204
110 221
110 229
111 189
112 162
113 222
114 274
115 159
115 191
115 218
116 136
117 192
117 256
117 268
117 277
117 287
118 224
118 240
119 277
119 279
120 136
120 214
121 179
121 193
121 296
123 282
124 143
124 186
124 247
124 252
124 286
125 146
126 274
127 237
128 260
128 273
129 272
130 255
132 204
133 294
134 200
134 252
134 258
135 162
135 217
135 250
136 204
136 250
137 173
138 223
139 253
140 150
140 260
141 266
141 275
141 290
142 217
143 226
144 220
145 146
146 228
147 214
148 154
148 206
148 239
149 201
149 205
150 155
150 183
150 250
150 278
151 266
151 298
153 282
154 241
156 213
156 250
158 195
159 172
159 294
160 174
160 274
160 280
162 165
163 281
165 203
165 269
166 243
169 195
170 210
170 238
171 226
171 277
172 221
172 236
173 199
173 209
174 182
174 197
174 246
177 242
178 229
179 220
180 216
181 277
184 237
185 271
188 255
188 264
188 271
190 223
190 245
190 266
193 277
194 253
194 282
195 293
198 213
201 230
201 242
202 205
202 207
202 265
203 248
204 219
205 208
206 294
207 253
208 220
208 243
212 220
214 231
214 295
215 224
219 250
222 227
223 295
225 233
227 284
227 285
228 233
228 241
229 251
230 291
231 264
233 269
234 238
234 267
234 300
235 272
235 288
237 253
237 271
238 265
238 291
240 276
242 283
243 246
243 261
244 279
250 275
253 299
254 264
255 297
262 265
264 283
266 280
268 280
270 272
276 282
292 294
