40 92
1 9
1 15
1 30
2 6
2 7
2 20
2 26
2 28
2 30
2 33
3 5
3 7
3 17
3 27
4 6
4 9
4 13
4 27
4 30
4 34
4 36
4 38
5 9
5 13
5 16
5 33
5 35
6 7
6 10
6 15
6 20
6 27
6 34
7 19
7 22
7 25
7 28
8 10
9 13
9 15
9 17
9 23
9 25
9 30
9 31
10 12
10 34
10 40
11 14
11 27
11 35
12 14
12 25
12 31
13 14
13 28
13 35
13 37
14 17
14 29
14 36
15 29
16 20
17 18
17 21
17 23
18 30
18 32
18 37
19 21
19 27
19 34
20 29
20 31
20 34
20 38
20 40
21 28
22 35
24 25
24 37
25 30
25 33
25 39
26 27
27 33
28 31
30 38
31 39
33 39
35 39
36 37
