80 120
1 78
2 57
3 18
3 29
3 56
4 29
4 57
5 14
5 58
6 56
7 26
7 29
7 47
8 71
8 80
9 15
9 16
9 27
9 32
9 68
10 35
11 35
12 36
12 40
12 69
12 70
12 72
13 18
13 44
13 58
13 59
13 69
14 18
14 26
14 46
15 25
15 31
17 38
17 49
17 60
17 65
17 76
18 27
18 50
19 73
20 39
20 44
20 45
20 77
21 22
21 54
21 71
22 25
22 30
22 74
23 24
23 27
23 29
23 61
23 78
23 79
26 43
26 65
27 53
27 63
28 41
28 55
29 48
30 35
30 39
30 44
30 56
30 71
31 66
33 39
33 50
34 61
34 76
35 50
35 53
35 74
37 47
37 51
37 66
39 48
39 54
41 48
41 59
41 72
42 50
43 61
43 78
44 49
44 72
45 56
47 50
47 64
47 67
49 57
49 66
51 71
52 57
52 72
52 79
53 70
55 64
55 73
58 61
58 71
58 73
61 77
62 63
63 70
63 80
64 71
66 67
68 78
72 78
73 75
76 78
