200 222
1 9
1 10
1 124
1 169
2 107
3 64
3 93
3 107
3 173
4 15
5 45
5 186
6 12
6 45
6 99
6 119
6 189
7 75
8 52
11 47
11 61
11 64
11 82
11 92
13 82
14 183
15 49
15 116
15 119
16 42
16 156
17 51
17 56
17 200
18 28
19 84
20 54
20 142
21 79
21 141
21 180
21 199
22 164
23 173
24 51
25 110
26 157
27 200
28 61
28 118
28 133
29 183
30 46
31 148
32 138
33 82
34 121
35 77
35 86
35 102
35 181
36 139
36 181
36 191
36 200
37 62
38 46
38 99
38 142
39 191
40 131
41 103
42 96
42 105
42 153
42 165
43 139
44 138
44 172
45 74
45 90
45 169
46 141
46 176
47 58
47 89
47 130
48 148
49 191
50 81
50 150
50 167
50 193
51 83
51 117
51 120
52 125
52 145
52 187
53 62
54 100
54 145
54 158
54 186
55 138
56 139
57 127
59 129
60 93
61 114
62 72
62 194
62 197
63 101
64 77
64 166
65 91
65 109
65 165
65 174
66 73
66 141
67 179
68 71
69 103
70 131
71 112
71 188
71 197
72 131
75 143
75 166
75 177
76 77
76 145
76 193
76 198
78 164
80 82
80 107
82 182
84 118
84 162
84 185
85 127
86 95
86 120
86 165
87 135
88 157
92 108
92 115
92 170
93 126
93 175
94 110
95 103
95 135
95 148
97 132
98 128
101 166
101 171
101 196
102 118
102 119
102 141
103 136
104 121
106 179
107 140
108 177
110 152
110 198
111 142
113 200
114 139
118 157
118 191
119 121
120 131
120 183
121 147
122 191
123 173
123 193
126 185
127 134
127 145
127 164
128 149
128 160
128 166
129 146
129 168
129 193
130 191
132 184
132 190
132 198
135 144
135 163
137 157
138 169
142 193
142 195
147 199
148 178
151 179
154 164
155 173
156 161
156 165
156 172
159 183
162 190
162 194
164 198
169 181
179 197
181 197
191 192
