200 312
1 60
1 101
2 4
2 78
3 67
4 96
4 162
5 163
6 69
6 92
6 142
6 144
6 171
7 39
7 113
7 119
7 163
8 32
8 109
9 71
9 142
10 58
11 140
11 163
12 43
13 43
13 102
14 42
14 66
14 80
14 187
14 194
15 71
15 183
16 29
17 26
17 116
17 156
17 167
17 178
17 189
18 20
18 31
18 56
18 100
18 121
19 56
19 110
20 161
20 162
21 64
22 64
22 118
22 159
23 85
23 91
24 155
25 28
25 137
26 90
26 177
26 200
27 61
28 195
29 40
29 66
29 97
30 158
31 36
31 153
31 192
31 196
31 198
32 34
32 134
32 179
32 190
33 144
33 180
33 187
34 177
35 85
35 93
35 157
36 59
36 72
36 82
36 142
36 168
37 106
37 163
37 198
38 112
39 80
39 82
39 146
39 148
40 176
41 50
41 61
41 115
42 105
42 109
42 112
42 123
43 45
43 190
44 48
44 92
44 119
44 132
45 75
46 121
46 178
46 194
47 103
47 113
48 85
49 93
49 101
50 58
51 97
51 122
51 126
52 109
52 117
52 136
52 179
53 184
53 195
54 63
54 124
54 149
54 190
55 64
56 135
57 68
57 73
57 90
57 126
57 132
57 165
58 114
58 174
58 194
59 132
59 168
59 199
60 64
60 122
60 158
60 176
61 146
61 174
61 200
62 100
62 125
62 155
65 162
65 164
66 67
66 168
67 90
67 133
68 174
68 184
69 101
70 119
71 77
71 120
72 85
72 110
72 187
73 127
73 173
73 176
73 199
74 94
74 113
75 140
75 168
76 139
76 156
76 173
76 198
77 150
77 152
77 195
78 81
78 153
78 159
78 191
78 194
79 162
80 82
80 176
81 151
82 150
83 122
84 110
86 161
86 179
87 158
88 108
89 144
89 164
89 199
90 104
91 97
91 153
92 135
93 153
94 125
94 127
94 143
95 152
96 164
96 196
98 192
99 140
99 194
101 102
102 140
102 161
102 176
103 108
103 160
104 117
104 199
105 115
105 131
105 177
106 131
106 178
107 108
108 156
109 116
110 177
110 181
111 151
111 168
112 116
112 128
112 154
113 189
113 197
113 199
117 153
118 141
118 145
118 148
118 166
119 132
119 178
122 132
122 140
122 154
122 182
123 187
125 152
127 129
127 186
128 198
129 190
130 137
134 192
134 193
135 152
136 199
137 172
137 194
138 162
140 175
141 152
142 151
142 160
142 178
143 161
144 164
146 155
146 185
147 158
148 162
148 164
148 179
150 156
150 190
151 160
152 172
152 192
154 181
155 196
157 185
159 175
161 175
164 184
167 169
167 182
167 196
168 169
168 200
170 192
171 195
172 180
174 185
174 186
174 200
177 183
178 188
180 195
183 192
187 193
