100 159
1 32
1 37
1 44
2 24
2 43
2 89
2 93
3 28
3 40
3 48
3 52
3 55
3 58
3 77
4 7
4 47
5 24
5 43
6 33
6 38
6 41
6 54
6 93
7 86
8 12
8 58
8 61
8 65
8 69
8 83
8 96
9 12
9 19
9 52
9 56
9 100
10 23
10 33
10 76
11 74
12 36
12 45
12 74
12 100
13 29
13 30
13 57
13 93
13 94
14 34
14 35
14 40
14 65
15 57
16 40
16 63
16 91
17 27
17 64
17 66
17 81
17 82
17 88
18 73
18 79
19 49
19 74
20 26
20 45
20 51
20 69
20 72
21 36
21 65
22 44
23 26
23 32
23 60
23 66
24 61
24 64
24 71
24 89
25 26
26 49
26 61
26 68
26 100
30 83
30 90
31 62
32 37
32 45
32 46
32 62
34 43
35 83
36 43
36 53
36 96
36 98
37 50
37 87
39 62
40 45
40 63
40 67
41 63
42 44
42 88
43 79
44 47
44 72
44 84
46 88
47 67
47 76
47 90
48 68
50 59
50 96
51 61
51 64
51 81
51 90
55 74
55 85
56 70
57 64
57 70
57 98
58 98
59 79
59 82
60 65
62 85
62 91
63 75
63 98
64 88
67 79
67 80
69 86
71 91
72 78
72 93
73 79
74 99
78 85
78 92
78 97
79 90
80 88
82 83
86 90
86 99
88 93
88 95
94 97
