120 136
1 17
1 29
1 67
1 70
2 44
3 13
3 51
3 69
3 115
4 79
5 97
6 48
6 56
7 32
7 78
7 83
7 113
8 61
8 69
9 108
10 20
11 52
11 94
12 116
13 27
13 32
13 88
14 33
14 96
14 98
15 38
15 92
15 101
15 109
16 20
18 20
18 33
18 71
18 104
19 82
20 77
21 97
22 90
23 72
24 40
25 63
26 82
27 46
27 71
28 57
28 116
30 94
31 40
32 37
32 55
33 75
33 80
34 43
34 48
35 40
36 73
37 45
37 50
37 111
39 43
39 53
39 62
39 120
40 67
41 48
42 82
44 64
44 86
44 89
44 107
46 52
46 67
46 79
46 86
46 99
47 115
48 88
49 115
51 66
51 81
51 96
52 73
52 82
52 95
52 116
54 60
54 61
54 88
54 100
55 100
55 102
55 106
55 108
55 117
56 63
57 69
58 72
59 108
63 87
63 88
64 104
65 79
67 96
67 108
68 76
68 98
68 117
69 91
71 92
71 120
72 114
72 120
73 74
73 105
76 116
79 86
79 99
80 119
84 98
85 104
86 98
90 103
90 120
92 94
92 97
93 104
94 119
95 97
98 110
108 118
112 115
