120 169
1 78
2 16
2 31
2 95
2 119
2 120
3 23
3 29
3 90
3 100
4 73
5 51
5 52
5 54
5 59
5 66
6 29
6 60
7 69
7 104
8 76
8 113
9 33
9 64
9 87
9 90
10 15
10 32
10 43
10 78
10 109
11 63
11 84
11 108
12 22
12 25
12 85
12 94
13 108
14 65
15 34
16 35
16 119
17 36
17 47
17 54
17 58
18 32
19 68
20 45
20 97
21 33
21 46
23 38
23 67
23 86
23 104
23 106
24 104
25 49
26 40
26 71
26 75
26 85
27 28
27 35
27 76
27 85
27 105
28 43
28 116
29 113
30 46
30 88
31 88
32 38
32 39
32 55
33 109
34 39
34 44
34 51
34 62
35 56
35 59
35 72
35 91
35 105
37 65
37 94
38 40
38 100
39 53
39 84
39 95
39 102
41 104
42 113
43 90
43 101
44 58
44 69
44 89
44 108
44 109
44 116
45 50
45 73
46 76
47 100
48 69
49 68
50 57
50 76
50 82
50 110
52 75
52 98
54 113
54 116
55 71
56 61
60 79
60 90
60 115
61 63
63 70
63 92
63 101
63 103
65 80
65 101
67 107
68 83
68 105
69 106
71 101
73 74
73 85
75 94
76 85
76 97
76 100
77 109
78 83
78 99
78 112
80 86
81 109
86 89
87 104
88 107
89 111
89 118
91 108
92 109
93 97
95 107
95 116
96 107
97 98
97 120
101 108
102 109
103 109
104 105
104 114
113 117
115 119
