120 185
1 15
1 65
2 6
2 67
2 71
2 81
2 113
3 34
4 14
4 52
4 65
4 85
4 105
4 118
5 48
6 11
6 15
6 34
6 107
6 108
7 16
7 119
8 52
8 84
8 99
9 13
9 20
9 75
10 32
10 37
10 57
10 66
10 97
11 21
11 29
11 117
12 18
12 30
12 54
12 62
12 78
12 85
12 108
13 16
13 51
13 108
14 48
14 54
15 30
15 65
15 68
15 70
15 83
15 101
16 70
17 25
17 87
18 81
19 28
19 59
20 29
20 37
20 65
20 108
21 28
21 41
21 112
22 42
22 61
23 37
23 63
23 74
23 90
23 94
23 117
24 109
25 33
25 41
25 79
25 84
25 107
26 109
27 107
28 75
28 99
29 71
30 35
30 79
31 36
31 41
31 78
31 111
34 55
34 68
34 106
34 107
35 81
36 120
37 48
37 86
37 114
38 116
39 42
39 61
40 101
40 109
41 50
41 54
42 97
42 98
43 96
44 119
45 83
46 113
47 109
47 113
48 49
48 77
49 104
51 94
52 64
52 66
52 97
52 102
52 103
52 107
52 117
53 83
53 107
55 116
56 114
58 112
59 105
59 119
60 83
60 99
61 103
61 111
63 107
64 69
64 98
65 109
65 116
66 88
67 72
67 82
67 87
69 98
70 87
71 79
71 84
71 111
73 120
74 76
74 89
74 104
74 111
76 79
77 83
78 104
78 106
79 96
79 120
80 114
81 100
82 107
83 111
83 118
84 94
85 106
86 112
88 113
88 117
90 111
91 120
92 107
93 96
94 117
95 116
95 118
98 108
104 106
110 114
112 115
117 119
