450 548
1 91
1 100
1 249
1 430
2 237
3 47
3 236
3 293
3 350
4 233
5 222
5 273
5 310
5 375
5 444
6 20
6 340
6 388
6 443
7 373
8 368
9 47
9 124
9 167
9 422
10 61
11 13
11 220
11 255
11 321
12 217
13 68
13 160
13 432
14 129
15 93
15 261
15 332
15 423
16 23
16 44
16 136
16 189
16 309
16 348
17 82
17 168
17 271
17 282
18 400
19 23
19 286
19 331
19 369
20 60
21 39
21 298
21 354
21 379
22 35
22 178
22 270
22 283
22 449
24 34
25 345
26 140
26 168
26 180
26 196
27 422
28 237
29 332
30 155
30 204
30 215
30 373
30 426
31 191
31 330
32 49
32 167
33 321
33 331
33 361
34 53
34 116
34 179
34 222
34 260
35 41
35 229
35 312
36 220
37 148
37 384
38 236
40 212
41 106
41 176
41 318
42 130
42 287
42 349
42 359
42 383
43 169
43 350
45 300
46 293
47 194
47 334
47 386
47 428
48 99
48 193
48 380
48 401
49 52
49 92
49 136
49 205
49 326
49 357
49 405
50 112
50 262
50 315
50 381
50 406
51 440
52 56
54 264
55 87
56 198
56 253
56 386
57 373
58 236
59 345
60 81
60 277
61 107
61 302
61 340
62 111
62 262
62 334
62 448
63 337
64 71
64 263
64 277
64 318
65 339
66 297
67 144
67 279
69 227
70 153
70 272
72 80
73 136
73 313
73 356
73 398
74 221
74 307
74 336
74 404
74 423
75 255
76 350
77 88
77 336
77 353
77 377
78 267
78 411
79 129
79 374
80 214
80 262
80 419
81 143
81 318
81 326
81 329
81 389
83 124
83 172
84 144
84 233
84 336
84 385
85 174
85 216
85 264
85 300
85 321
85 426
86 88
87 299
87 338
87 441
88 420
88 436
89 215
90 256
90 383
92 281
92 416
93 101
93 146
93 265
93 316
94 161
95 273
95 357
95 366
95 402
96 288
97 309
98 105
98 354
101 309
102 113
103 255
104 222
105 148
105 318
105 446
106 281
106 309
106 400
107 330
108 140
108 444
109 211
110 353
113 166
113 169
113 383
114 297
115 411
116 209
116 257
116 438
117 229
118 153
119 382
119 397
120 257
121 239
121 243
121 352
121 386
121 416
122 264
123 140
123 445
124 126
124 241
124 344
125 175
125 246
126 172
127 233
127 435
128 136
128 245
128 320
128 355
129 195
129 413
131 212
131 288
132 353
132 395
133 382
134 220
135 220
136 423
137 310
138 176
138 286
138 407
138 433
139 377
141 309
142 272
143 408
144 162
144 378
145 202
145 286
145 399
145 425
147 237
149 332
150 262
150 410
151 440
152 397
153 279
153 407
154 194
154 205
154 298
154 351
155 168
155 185
155 328
155 333
155 387
156 294
156 309
157 367
158 216
159 167
161 165
161 173
161 393
163 227
164 332
167 252
168 330
168 438
170 361
171 294
172 213
172 244
172 407
174 350
175 250
175 364
175 433
176 194
176 375
177 281
178 432
181 385
182 198
182 288
183 186
183 285
184 264
185 230
186 357
186 408
187 289
188 215
189 322
190 204
190 221
190 321
190 438
191 373
192 445
194 221
195 305
195 325
196 320
197 377
199 289
200 211
200 272
200 294
200 321
201 327
203 258
204 383
204 413
205 297
205 411
206 215
207 294
208 212
208 289
208 375
208 438
208 445
209 234
209 315
209 319
210 261
211 353
211 359
211 395
212 323
213 232
214 221
215 391
216 266
216 417
217 228
217 235
217 407
218 337
219 295
222 311
222 396
223 310
224 440
225 300
226 333
226 384
227 286
227 335
229 278
229 317
230 242
230 312
231 291
231 357
231 372
232 410
233 248
235 356
236 325
236 338
237 298
237 374
238 285
239 302
240 327
241 250
242 268
242 342
242 374
242 433
243 310
245 305
245 403
246 358
247 275
247 281
247 307
247 347
247 441
249 288
249 295
249 438
251 261
254 358
255 403
256 362
256 401
256 439
257 284
257 329
258 360
258 393
258 429
259 330
260 261
262 336
262 394
264 340
264 377
267 281
267 312
269 444
272 376
272 421
274 293
275 342
276 339
278 444
280 367
281 304
281 324
283 397
285 363
285 371
285 433
287 420
288 426
289 419
289 442
290 411
292 384
293 365
295 428
295 450
296 337
297 394
298 337
298 404
300 303
301 414
304 416
305 353
306 361
306 448
307 434
308 368
312 408
314 377
322 400
326 370
327 431
327 441
330 447
333 358
333 361
333 375
333 410
339 340
339 390
340 404
341 397
343 414
345 351
345 433
345 435
346 385
348 433
351 357
351 367
358 371
363 406
367 370
368 383
368 408
368 415
376 425
378 442
380 396
382 413
382 437
384 386
385 409
385 441
391 445
392 444
393 397
393 404
400 434
401 404
401 414
410 424
412 422
413 440
414 418
422 427
423 441
429 439
