200 244
1 62
1 101
2 144
2 191
3 12
3 21
3 42
3 187
4 21
4 66
4 144
4 199
5 23
5 92
6 36
6 108
6 132
6 133
6 152
7 136
8 9
8 41
8 44
8 55
8 71
8 187
9 22
9 81
9 107
10 37
10 127
10 135
10 160
11 83
11 139
13 189
14 115
14 143
15 54
15 88
15 113
15 170
16 68
16 83
16 183
16 193
17 98
17 130
18 81
18 115
19 165
20 80
21 109
21 163
22 26
22 102
22 180
23 28
23 31
23 35
24 71
25 154
25 176
27 36
28 108
29 128
30 59
30 140
30 150
30 188
32 89
32 147
33 108
34 52
34 175
35 106
35 131
35 132
35 162
36 45
36 166
37 52
37 82
37 132
38 117
39 80
40 89
43 108
46 65
46 100
46 124
46 149
47 75
47 82
48 128
49 118
49 169
50 101
51 68
51 114
51 134
51 155
52 69
52 87
52 137
53 99
54 63
54 153
54 185
54 192
55 63
56 81
57 95
58 79
60 182
61 117
61 183
62 82
64 164
65 78
67 170
68 95
68 130
68 191
69 106
70 79
71 110
71 141
71 193
72 170
73 105
73 116
74 79
74 107
74 176
74 189
75 80
75 105
75 109
75 117
75 126
76 161
77 118
78 109
78 113
78 183
79 119
79 195
80 197
81 178
82 90
82 154
83 128
83 182
84 152
85 106
86 156
87 138
88 120
88 172
88 184
89 98
89 181
91 191
92 99
92 113
92 118
92 161
93 106
93 122
94 152
95 174
95 196
96 164
97 189
99 126
99 200
100 172
100 195
101 140
101 147
103 122
104 130
104 197
104 200
105 151
105 158
107 140
107 183
108 133
109 181
111 122
112 156
113 124
115 189
116 156
117 121
118 175
119 156
119 182
122 124
122 169
123 130
124 143
125 170
128 167
129 152
131 161
132 181
132 183
135 164
136 145
136 148
136 193
138 164
140 165
142 165
143 157
143 190
144 191
146 191
152 185
153 163
154 162
154 163
156 193
159 160
159 176
161 198
162 171
162 179
162 186
162 189
163 173
163 198
164 181
165 194
168 182
176 177
180 188
181 191
184 189
186 195
191 199
