40 81
1 4
1 6
1 21
1 23
1 33
1 36
2 25
3 20
3 37
4 7
4 8
4 10
4 11
4 24
4 31
4 34
5 23
5 25
6 15
6 35
6 40
7 13
7 35
7 36
8 11
8 17
8 18
8 28
8 32
9 12
9 23
9 34
9 38
10 37
11 15
11 31
12 19
12 31
13 19
13 21
13 26
13 30
13 37
13 39
14 15
15 19
15 26
15 39
16 31
17 21
18 24
18 28
18 33
18 34
19 20
19 35
20 31
20 39
21 22
21 24
21 26
21 40
22 24
23 32
24 30
24 35
24 39
25 28
25 34
26 28
26 35
27 30
29 31
29 33
30 36
31 32
32 33
33 37
34 37
35 39
37 40
