160 198
1 58
2 22
2 87
2 155
2 157
3 146
4 14
5 31
5 137
6 79
6 104
7 66
8 27
8 55
8 118
8 147
9 45
10 36
10 45
11 64
11 71
12 23
13 57
14 38
14 93
14 95
14 111
15 86
16 57
16 84
17 44
17 111
17 129
17 132
18 50
18 67
18 72
18 154
19 91
19 109
20 89
21 24
23 82
23 150
23 158
24 26
24 64
24 70
24 126
25 92
25 102
25 105
25 112
25 113
25 123
27 50
27 98
27 101
28 92
28 104
29 64
29 144
29 150
29 153
30 68
30 156
31 50
31 131
32 86
33 109
34 72
34 108
34 113
34 142
35 68
35 106
36 79
37 104
37 139
39 78
40 58
41 67
41 69
42 146
43 48
43 86
44 158
45 126
45 148
46 147
47 68
48 88
48 110
48 133
49 52
49 73
49 101
50 59
50 146
51 71
52 110
52 111
52 150
53 86
54 137
55 94
55 124
55 140
56 68
56 69
56 73
56 156
57 117
57 119
58 98
58 125
59 128
59 134
59 139
59 159
60 123
61 68
62 146
63 130
65 123
65 133
66 103
66 116
66 119
68 138
69 81
69 107
71 115
71 160
73 115
73 155
74 89
74 131
75 152
76 142
77 79
78 84
78 92
78 126
79 155
80 131
81 111
83 89
83 138
84 158
85 105
85 142
86 110
87 159
89 115
90 151
91 151
93 117
93 152
94 132
96 131
97 118
98 130
98 152
99 118
100 106
101 113
101 126
101 145
104 115
104 141
105 116
105 147
106 119
106 136
107 135
108 118
109 110
109 122
111 151
114 156
115 145
116 157
119 145
120 137
121 130
123 145
123 157
127 147
130 135
130 136
131 150
137 155
139 152
142 145
143 151
148 155
149 156
