450 581
1 314
2 11
2 115
2 173
2 211
3 205
3 214
3 215
3 219
3 238
4 108
5 51
5 64
5 101
5 183
6 376
7 376
7 444
8 140
9 171
10 172
12 42
13 92
13 348
14 42
14 223
15 38
15 49
15 77
15 235
15 347
16 21
16 332
16 408
16 448
17 45
17 209
18 44
18 203
18 221
18 275
18 339
18 355
19 107
19 178
19 218
19 332
20 50
20 99
20 187
20 224
21 112
22 198
22 255
23 352
24 203
24 245
24 279
24 325
24 440
25 157
25 434
26 32
27 46
28 240
28 308
29 216
30 59
30 125
30 160
30 174
30 432
31 73
31 272
32 85
32 244
32 406
33 334
34 65
34 95
35 291
36 100
36 319
36 350
37 286
38 427
39 104
39 365
40 74
40 131
41 61
41 280
41 285
41 426
42 231
42 328
43 295
45 316
45 427
45 438
46 75
46 280
46 282
47 186
47 251
47 264
47 394
48 169
48 246
48 420
49 130
49 235
50 124
50 183
50 436
52 111
52 153
52 220
52 342
52 393
53 150
53 216
53 266
53 305
54 162
54 252
54 272
54 419
55 176
55 404
56 165
56 210
57 155
57 261
57 318
57 374
58 187
58 421
59 187
59 375
60 111
60 218
60 235
61 92
62 237
62 248
62 266
62 399
62 412
62 418
63 85
63 97
63 104
63 274
63 377
64 194
64 247
65 73
65 224
66 158
66 325
67 383
68 302
69 72
69 147
69 163
69 276
69 310
69 345
70 178
71 301
71 312
71 344
71 396
73 360
73 399
74 112
76 108
76 136
76 256
76 332
76 354
78 355
78 365
79 137
79 336
79 399
79 403
80 339
81 226
82 169
83 245
83 255
84 266
85 198
85 350
85 447
86 266
87 93
87 421
88 216
88 236
89 203
89 230
90 322
91 164
91 286
91 346
92 368
93 206
93 401
93 435
94 370
94 401
95 196
95 232
95 318
96 124
96 138
97 251
97 275
98 352
99 162
99 298
99 389
99 431
100 338
102 270
102 448
103 295
105 112
106 425
107 195
107 201
107 225
108 424
108 450
109 376
110 434
111 172
111 177
111 414
112 167
112 211
112 407
113 147
113 166
113 172
113 202
113 211
113 249
113 440
114 160
114 213
114 362
114 436
116 146
116 202
116 278
116 357
117 370
118 373
118 445
119 178
120 444
121 350
122 317
123 383
124 286
124 314
124 429
126 352
126 396
127 308
128 294
129 356
130 304
131 299
131 333
131 399
131 411
132 256
133 171
134 354
135 138
135 232
136 222
136 275
136 397
137 401
138 235
138 391
139 289
139 324
140 149
140 327
140 388
140 433
140 446
141 338
142 170
142 198
142 312
142 422
143 305
144 302
144 387
145 256
145 404
147 363
147 373
148 441
149 295
150 214
150 318
150 436
151 368
152 188
152 203
152 274
152 311
153 427
154 334
154 431
155 307
156 172
156 320
156 340
157 159
157 169
157 171
157 228
158 178
159 246
159 316
159 351
159 372
160 427
160 434
161 204
161 441
164 230
165 250
165 436
166 353
167 350
168 398
169 204
169 384
171 430
172 277
175 341
175 450
176 213
176 364
176 437
177 206
177 284
177 440
178 232
179 294
180 210
181 209
181 226
181 382
181 393
182 209
183 317
183 348
184 208
184 241
184 288
184 367
184 370
185 236
186 427
187 267
189 224
190 370
191 303
191 318
192 338
193 220
193 249
193 279
193 296
194 303
196 231
197 353
199 224
200 427
202 255
202 291
202 387
203 242
203 354
206 338
206 352
207 444
208 382
209 229
209 418
210 279
210 443
211 302
212 218
213 230
213 303
214 259
214 332
214 368
214 383
216 330
216 343
217 414
218 416
220 278
220 294
223 248
223 358
223 436
224 410
226 327
226 328
226 404
227 242
227 331
228 235
228 241
228 358
229 236
230 281
231 297
231 354
231 385
232 341
233 268
234 289
234 341
235 353
236 328
236 400
237 294
237 308
237 439
237 448
238 253
239 368
240 346
241 334
241 339
242 369
242 439
243 398
245 256
245 304
245 421
245 444
246 326
247 294
248 387
248 402
248 440
248 446
250 299
250 366
250 418
252 370
252 382
252 447
253 331
253 335
253 448
254 305
255 371
256 326
256 375
257 373
258 317
259 414
260 289
261 301
262 327
262 429
263 314
263 442
265 354
266 297
268 284
268 309
268 316
268 361
269 322
269 399
270 341
271 317
273 339
275 283
276 414
279 376
280 442
280 447
283 305
284 289
284 441
286 409
286 415
287 365
289 320
290 291
291 303
291 428
292 442
293 348
295 375
295 446
300 354
302 339
302 372
303 413
304 345
304 417
306 420
307 434
308 385
312 358
312 365
312 402
313 363
313 448
314 318
314 319
314 449
315 363
317 335
318 420
321 429
322 387
322 418
323 420
324 441
325 329
325 340
325 362
325 394
328 332
332 358
334 445
336 386
337 429
339 423
341 362
346 359
346 446
348 390
349 425
353 380
356 375
356 394
356 438
358 447
362 425
363 379
363 431
364 400
368 387
373 395
374 429
377 410
378 383
381 425
381 436
382 386
382 392
394 398
394 402
398 412
402 446
405 442
415 423
421 444
