450 515
1 74
1 196
1 249
1 284
1 412
1 428
2 79
2 83
3 310
3 364
3 403
3 419
4 29
5 223
6 291
7 123
7 422
8 52
8 169
8 213
8 244
9 146
10 54
10 66
10 107
10 168
10 185
10 333
10 355
11 222
11 277
11 309
11 405
12 261
13 119
13 288
13 357
13 427
14 83
14 133
15 86
16 344
17 385
18 264
18 318
18 351
18 368
19 144
20 316
21 108
22 29
23 77
23 181
23 220
23 310
24 367
25 252
26 89
26 110
26 262
26 377
27 32
27 139
27 282
27 294
28 127
28 314
29 231
29 368
30 168
31 86
32 246
32 396
32 444
33 241
34 152
34 347
34 383
34 414
35 416
36 267
36 292
37 348
37 436
38 56
39 385
40 109
40 138
40 324
40 359
41 154
41 215
41 227
41 341
42 54
43 114
43 124
43 354
43 430
44 287
45 171
45 382
46 119
47 73
47 335
48 154
49 55
49 178
49 263
49 342
50 57
50 210
50 242
50 317
51 106
53 108
53 136
53 298
53 362
53 382
54 104
54 375
56 73
56 160
56 447
57 99
57 101
57 283
57 299
58 336
59 442
60 92
61 209
62 212
62 278
62 395
62 449
63 390
64 227
65 157
65 204
65 235
65 306
66 227
67 195
67 303
68 340
69 301
70 411
71 273
72 343
72 424
75 123
76 416
77 247
77 251
77 368
78 268
78 299
78 442
79 355
79 372
79 382
80 239
81 390
82 117
83 85
83 298
84 353
85 141
85 202
85 405
85 430
86 254
86 448
87 149
88 144
89 195
89 273
89 355
90 231
90 344
91 195
92 191
92 233
92 378
93 158
93 239
94 367
95 333
95 370
95 371
96 170
97 134
97 292
97 327
98 143
99 126
99 204
99 358
100 117
101 202
102 234
102 401
102 425
102 449
103 396
104 201
105 166
105 189
106 115
106 376
106 415
107 208
107 334
107 374
108 122
108 214
110 332
110 405
111 170
112 164
113 273
116 164
116 181
116 211
116 442
117 368
117 412
118 161
118 225
118 415
118 438
119 216
119 381
120 223
121 160
121 321
121 357
122 131
123 125
123 339
124 261
124 340
124 355
125 136
125 331
125 335
125 401
126 237
126 301
126 371
127 199
127 275
127 420
128 156
128 254
128 271
128 386
129 309
130 328
131 277
131 434
132 442
133 198
134 232
135 154
136 140
136 414
137 152
137 427
140 220
140 246
140 358
140 437
141 167
141 258
141 404
142 222
143 145
143 163
143 263
144 160
144 434
146 238
146 444
147 237
147 447
148 336
149 196
149 200
149 402
150 227
151 331
153 328
154 431
155 397
158 316
159 341
160 168
160 215
161 215
161 220
161 355
162 309
164 248
164 379
165 341
166 229
166 247
166 356
168 284
168 408
170 247
170 303
171 411
172 316
173 297
173 320
173 426
173 439
174 299
175 413
176 421
177 302
179 202
180 241
181 233
181 254
181 263
182 372
183 353
183 369
184 283
185 366
185 440
186 367
187 227
187 261
188 222
189 340
190 362
192 366
193 385
194 241
195 302
195 337
196 246
196 363
197 371
198 204
198 260
198 406
199 215
199 287
199 372
201 396
202 399
203 419
204 252
205 211
206 251
206 340
207 397
209 295
209 307
209 426
211 322
211 329
211 445
213 288
213 291
213 366
217 333
218 346
218 388
218 438
218 450
219 292
221 343
222 433
223 422
223 440
224 403
225 321
225 343
225 353
226 360
228 232
228 374
230 331
232 304
232 438
233 316
233 385
236 360
237 345
237 424
239 245
239 444
240 427
241 251
243 427
246 426
247 413
250 253
250 336
251 388
251 411
251 435
252 323
252 380
253 299
254 367
255 291
256 357
257 366
259 301
259 302
261 389
263 336
263 405
265 283
266 363
267 275
267 413
268 432
269 444
270 273
270 445
272 344
274 311
274 372
275 335
276 302
277 285
277 329
279 321
280 291
281 362
283 387
284 431
286 435
287 361
287 410
288 358
288 449
289 341
289 435
290 335
292 385
292 415
293 421
296 331
300 335
301 400
302 330
302 422
303 382
305 403
308 360
309 315
309 319
310 324
310 422
311 372
312 371
313 333
314 436
315 416
321 332
321 446
324 416
324 436
325 362
326 333
327 419
328 398
328 415
335 396
336 353
338 413
343 441
344 426
348 363
349 435
350 421
352 390
353 373
357 407
358 405
360 414
363 370
364 391
364 392
364 423
365 411
369 419
373 402
382 418
384 397
390 414
393 398
393 442
394 436
396 436
396 437
397 449
403 429
409 435
411 423
417 432
421 438
422 432
432 443
