160 218
1 21
1 42
1 50
1 100
1 125
1 132
2 118
3 62
4 66
5 97
5 124
6 87
6 104
7 38
7 93
7 124
7 141
7 142
7 144
8 15
8 123
8 139
8 148
9 25
9 27
9 33
9 94
9 99
9 115
9 145
9 153
10 44
11 27
11 130
11 149
12 116
12 135
13 29
13 150
14 15
14 160
16 26
17 107
18 42
18 44
18 62
18 93
18 103
19 33
19 75
19 90
19 156
20 62
21 65
21 88
21 107
21 116
22 104
23 34
24 107
24 131
26 39
26 100
26 111
26 122
27 64
28 57
28 70
29 88
30 37
30 66
31 46
32 118
34 47
34 49
34 58
34 74
35 116
36 80
36 91
37 85
38 89
38 117
38 145
38 152
39 41
39 91
39 125
40 71
40 90
40 142
41 71
41 83
41 96
42 47
42 61
42 114
43 88
43 137
43 138
43 145
43 146
44 79
44 147
45 93
45 107
45 155
46 74
46 128
46 151
47 70
48 74
48 103
50 93
50 136
51 82
52 110
53 65
54 124
55 132
55 160
56 60
56 76
56 119
56 155
57 88
59 116
59 142
59 154
60 84
61 94
62 86
63 149
64 67
64 133
64 139
65 94
65 134
65 143
66 113
66 155
67 74
68 150
69 99
69 143
70 97
70 129
70 145
71 106
72 110
73 88
74 110
74 136
75 160
77 159
78 82
79 121
80 159
81 110
81 160
82 84
82 90
85 101
85 102
85 109
85 156
86 111
87 131
88 148
90 93
90 118
91 108
91 120
91 132
92 103
94 100
94 131
95 159
97 159
98 104
99 130
99 131
99 141
99 142
99 155
100 150
100 160
102 155
103 109
103 126
104 139
105 116
105 159
106 131
109 136
109 159
112 142
114 147
118 132
121 131
122 157
123 138
124 128
124 158
125 139
125 155
127 144
127 149
135 136
135 144
136 145
140 150
142 158
144 157
147 150
149 154
149 160
158 160
