140 193
1 9
1 120
2 3
2 36
2 96
2 116
3 8
3 96
4 74
4 80
4 104
5 8
5 58
5 98
5 124
5 127
6 9
7 43
7 60
8 54
8 73
8 94
9 14
9 82
9 131
10 26
10 49
11 33
11 44
11 60
12 26
12 28
12 40
12 72
12 85
12 110
13 42
14 22
14 46
14 50
14 70
15 140
16 67
16 92
16 105
17 94
17 121
18 60
19 31
19 36
19 96
19 121
20 63
20 70
20 107
21 91
22 41
22 49
22 51
22 102
22 138
23 86
24 92
24 94
25 54
26 40
26 51
26 78
26 119
26 122
27 93
28 115
29 77
29 129
29 133
30 75
30 82
31 38
31 62
31 131
32 96
32 109
33 80
34 91
34 100
34 104
35 86
36 52
36 59
37 115
37 117
38 40
38 98
38 129
39 54
39 75
40 72
40 92
40 98
41 127
42 103
42 107
42 130
42 136
43 46
43 90
43 123
44 70
44 83
44 87
44 89
44 116
45 93
46 107
46 129
47 91
48 100
50 56
50 65
50 117
50 124
52 108
53 92
54 60
54 99
54 111
54 113
54 139
55 96
56 99
56 121
57 62
57 81
57 105
57 114
58 68
58 119
58 120
60 62
60 64
61 126
62 134
63 89
63 124
65 102
66 80
67 70
69 70
69 86
70 125
71 134
71 136
74 75
74 118
74 121
75 84
75 131
76 100
77 95
77 107
77 128
78 93
79 86
79 93
79 98
79 100
80 113
86 114
86 125
88 121
90 111
91 131
91 137
96 135
97 124
99 108
101 115
104 126
106 127
107 124
108 134
109 134
112 127
113 115
113 129
114 127
116 126
116 129
116 140
118 140
124 136
126 133
132 140
