300 407
1 192
1 212
1 241
1 278
1 288
2 30
2 44
2 65
2 129
3 43
3 146
3 229
3 287
4 58
4 166
4 180
4 224
4 227
4 234
5 9
5 57
5 171
5 269
6 86
6 141
6 211
6 261
6 299
7 62
7 70
7 111
7 189
7 250
8 200
8 270
9 251
10 263
11 40
11 106
12 59
12 172
12 263
12 290
13 73
13 91
13 183
13 247
14 16
14 60
14 119
14 266
15 109
15 136
15 139
15 186
15 262
17 157
18 95
18 101
18 131
18 227
18 238
19 131
19 141
19 209
19 227
20 154
21 35
21 42
21 171
21 236
21 292
22 55
22 65
22 92
22 230
23 64
24 295
25 59
25 93
25 103
25 178
26 103
27 264
28 76
28 93
29 228
31 80
31 188
31 202
31 267
32 184
33 70
34 209
34 272
35 53
35 182
35 293
36 125
36 154
36 189
36 199
36 268
37 134
37 229
37 258
37 296
38 157
39 93
39 199
40 111
40 118
40 187
40 202
40 300
41 191
41 200
42 82
42 204
43 123
44 291
45 87
45 282
46 157
46 198
47 126
48 290
49 125
50 259
51 81
51 264
52 119
52 136
52 290
53 82
53 134
53 202
54 211
54 290
55 112
55 115
56 259
56 267
57 265
58 121
59 110
59 173
59 240
60 90
60 97
60 145
60 165
60 195
61 251
62 185
63 68
63 292
64 229
64 286
64 294
65 70
65 198
65 259
66 69
66 136
66 214
66 239
66 255
66 264
67 218
68 213
69 97
69 131
69 236
69 254
70 106
70 107
70 197
70 242
71 99
72 172
72 283
74 126
74 253
75 90
76 124
76 167
76 219
77 78
77 214
77 235
77 249
78 133
79 133
79 260
81 160
81 209
81 289
82 170
82 216
82 240
83 171
83 232
84 201
84 268
84 286
85 135
85 201
85 203
86 162
86 189
86 254
86 268
87 103
87 128
88 113
88 127
88 169
88 175
89 232
90 253
90 266
90 276
90 291
90 298
91 98
91 141
91 295
93 205
93 283
94 195
94 210
94 212
94 274
94 300
96 213
97 175
97 229
98 151
98 158
98 222
99 191
99 246
100 124
100 172
100 219
102 154
103 156
103 226
104 150
105 171
106 221
107 229
107 231
107 244
108 184
110 131
110 189
110 198
111 123
111 129
111 196
111 208
112 125
113 162
114 265
115 156
115 168
115 221
115 240
116 145
116 186
116 279
117 126
117 190
117 209
117 245
117 280
120 232
121 201
121 283
122 264
123 216
125 142
126 167
126 269
128 272
130 154
132 250
133 184
135 228
136 189
136 213
136 228
137 148
137 201
137 236
137 265
138 162
138 259
140 228
141 246
143 282
144 244
145 164
145 253
147 149
148 161
148 211
148 231
148 275
149 207
149 255
149 270
150 197
150 214
150 300
151 200
152 200
153 235
153 279
155 185
157 246
159 250
162 199
163 264
165 282
166 203
166 251
167 198
167 272
169 245
170 263
172 223
172 243
173 272
174 248
174 286
175 184
175 244
176 189
176 237
176 263
177 232
178 217
178 256
178 299
179 260
180 185
181 260
184 284
185 237
185 239
193 218
194 263
195 242
198 202
199 262
199 285
200 246
201 288
202 232
203 240
203 271
203 276
203 297
204 268
206 248
209 279
211 230
211 272
212 236
212 248
213 257
214 253
214 282
215 265
216 221
217 271
218 239
218 254
219 254
220 292
223 241
223 295
224 295
224 298
225 292
227 251
233 234
233 279
239 264
240 298
242 260
244 277
248 266
248 284
250 273
252 268
254 284
255 260
255 268
260 292
271 291
273 291
279 281
286 296
