250 345
1 61
1 70
1 228
1 245
2 192
3 154
3 239
4 71
4 164
4 223
5 67
5 91
5 230
6 128
6 248
7 83
7 127
7 146
7 164
7 176
7 233
8 31
8 50
8 81
8 241
9 123
9 126
9 220
9 236
10 123
10 195
11 248
12 15
12 195
12 234
13 56
13 59
13 124
13 196
13 207
14 16
15 97
15 131
16 68
16 82
16 145
17 48
17 66
17 119
17 191
17 221
18 32
18 91
19 98
20 42
20 139
20 189
20 221
21 153
22 41
22 60
22 156
22 192
22 212
23 105
23 222
24 166
25 139
25 188
26 103
27 32
27 208
28 192
29 32
29 159
29 193
30 37
30 51
31 67
31 103
31 243
32 37
32 90
32 176
33 128
33 210
34 84
34 186
34 214
34 250
35 41
35 67
35 104
35 181
35 224
36 95
37 40
37 102
37 161
38 222
38 244
39 214
41 143
41 227
42 220
43 53
43 135
43 200
43 234
44 83
44 97
44 126
44 148
44 171
44 242
45 172
46 154
47 91
48 205
49 206
49 224
50 101
51 197
52 73
52 127
52 136
52 196
53 67
53 215
53 239
54 152
54 171
55 147
56 76
56 196
56 248
57 108
57 183
57 217
57 244
57 246
58 153
59 92
59 217
60 100
60 129
60 159
61 78
61 140
61 219
62 107
62 113
63 243
64 66
64 165
64 185
65 84
65 186
65 236
66 73
66 213
67 126
67 190
68 95
68 223
68 242
69 153
69 233
71 142
71 197
72 77
72 154
72 203
73 89
73 101
73 134
73 236
74 172
75 243
76 155
76 175
76 213
77 126
77 151
77 232
77 237
78 102
78 104
78 106
79 147
79 224
80 156
82 231
84 99
84 106
84 203
85 127
86 91
86 132
86 182
86 208
87 206
88 140
88 150
90 98
90 224
90 249
91 118
91 228
91 245
92 95
92 125
93 214
94 149
94 235
95 141
95 165
95 250
96 249
97 99
97 114
97 122
97 157
98 194
98 201
101 139
102 107
102 166
103 120
103 231
104 208
105 136
105 170
106 152
106 154
107 142
107 148
107 225
108 171
108 184
108 215
109 182
109 204
110 215
111 219
112 180
112 223
113 246
113 249
115 149
116 117
116 166
117 140
121 235
125 132
126 196
126 197
127 128
127 199
128 186
129 232
130 239
131 162
131 168
131 180
131 221
132 160
132 173
132 208
133 176
133 215
134 192
135 204
136 177
136 187
136 193
137 249
138 197
138 239
140 204
143 170
143 195
143 222
144 243
146 165
147 190
147 229
149 157
149 209
149 233
150 170
151 223
152 203
152 221
152 250
153 227
156 184
156 226
157 220
158 188
162 218
163 219
165 227
165 247
166 178
167 239
169 174
169 206
170 212
172 227
172 238
173 202
174 210
177 180
179 182
180 244
181 195
182 230
182 245
183 188
183 206
183 242
185 248
186 208
186 219
188 209
190 214
190 235
196 208
197 198
202 222
205 210
208 242
209 211
210 233
211 226
211 235
213 239
214 240
216 223
218 235
221 224
224 233
233 244
241 242
