200 289
1 12
1 41
1 77
1 174
2 160
3 10
4 172
5 90
6 23
6 54
6 69
7 81
8 125
8 128
9 106
10 69
10 77
10 92
10 158
10 191
11 172
12 39
12 136
12 137
12 150
12 177
13 44
13 96
14 185
14 194
15 129
16 111
16 122
16 127
16 155
16 166
17 35
18 37
18 63
18 91
18 96
18 193
19 61
19 93
19 121
19 147
20 72
20 154
20 165
20 186
20 194
21 33
22 87
22 94
22 134
23 60
23 107
23 188
24 38
24 40
25 128
26 115
26 150
26 170
26 194
27 45
28 94
28 104
28 125
28 132
29 172
29 191
30 80
31 49
31 57
31 121
31 125
31 144
31 182
31 187
32 47
32 48
32 68
32 90
32 96
33 59
33 88
33 151
33 187
34 38
34 79
35 65
35 85
35 121
35 149
36 97
36 155
37 87
37 97
37 106
38 103
38 169
39 95
39 156
39 173
40 43
41 183
42 106
43 44
43 75
43 81
43 83
43 119
44 128
45 62
45 106
45 109
45 125
45 157
46 47
46 65
46 96
46 135
47 67
47 114
47 155
48 81
48 91
48 184
49 108
49 129
50 81
50 110
51 177
52 124
52 153
52 161
52 187
53 90
53 160
53 180
54 57
54 67
54 137
54 200
55 56
55 188
56 84
56 137
56 157
56 171
56 194
57 74
58 71
58 133
58 137
58 146
58 165
59 96
61 200
62 144
63 168
64 143
64 185
64 199
66 90
67 173
68 107
68 111
68 182
69 85
69 113
69 153
69 172
70 144
71 99
73 87
73 176
73 185
73 191
74 163
75 87
75 94
75 128
76 138
76 180
78 144
79 87
79 113
79 118
79 133
79 182
80 164
80 169
80 197
81 107
82 154
82 196
83 102
85 89
85 101
85 175
85 195
86 154
87 98
87 191
92 135
93 198
94 112
94 168
96 139
97 107
97 110
97 190
98 145
99 159
100 185
101 129
102 152
105 154
105 180
105 187
106 162
106 167
107 130
107 196
108 177
109 176
111 145
111 154
113 137
113 194
116 129
117 119
117 176
118 169
118 177
120 159
120 184
121 144
122 169
123 154
123 186
124 187
125 132
125 144
125 178
125 197
126 155
126 178
129 138
130 152
131 178
132 180
134 152
134 163
135 163
136 138
136 169
136 178
136 182
137 152
138 159
138 160
139 199
140 145
141 188
141 196
142 180
143 196
144 162
144 171
145 148
153 194
159 195
159 199
160 179
160 189
163 169
163 198
165 199
172 192
173 192
175 176
178 181
180 187
183 191
184 191
192 193
