100 159
1 4
1 15
1 30
1 54
1 59
1 88
2 5
3 85
4 37
5 36
5 43
5 44
5 61
6 93
7 17
7 48
7 51
7 78
8 99
9 76
9 86
10 35
10 85
10 96
11 28
11 39
11 52
11 59
11 82
11 87
12 30
12 67
13 17
13 20
13 57
13 67
13 68
14 21
15 50
16 40
17 21
17 32
17 99
18 63
18 78
19 41
19 68
19 82
19 88
20 41
20 60
20 81
21 33
21 35
22 49
23 70
24 76
25 63
25 93
26 60
26 62
26 63
26 64
26 83
26 92
27 93
29 49
29 60
29 75
29 96
29 100
30 33
30 37
30 67
30 69
30 79
31 67
31 70
32 97
33 62
33 67
33 97
34 97
35 63
38 63
38 98
39 76
40 58
40 67
40 71
40 89
41 85
41 94
41 98
42 80
42 86
43 76
43 80
43 81
44 45
44 62
44 71
45 56
45 60
45 63
45 87
46 75
47 99
49 50
49 57
49 73
49 96
50 64
52 63
53 96
54 59
55 68
55 74
56 85
56 98
57 63
57 70
58 68
58 81
58 85
58 97
59 77
59 81
59 90
61 90
64 75
64 79
65 74
65 76
66 90
66 96
67 68
67 73
67 93
68 95
69 97
70 91
70 99
71 99
72 99
72 100
73 95
74 76
74 90
75 94
77 79
77 90
78 95
80 84
80 95
80 98
85 88
85 92
86 90
