40 81
1 39
2 13
2 15
2 16
2 24
2 28
3 21
3 25
3 26
3 29
4 18
4 39
5 8
5 12
5 23
5 33
6 16
6 20
6 32
6 40
7 23
8 10
8 16
8 34
8 36
9 11
9 12
9 21
9 35
10 18
10 28
10 29
10 37
10 38
11 25
12 16
12 30
13 19
13 22
13 29
13 33
14 26
14 29
14 39
15 30
15 32
16 24
16 25
16 28
16 38
17 23
17 25
17 31
17 32
17 34
18 31
19 39
20 22
20 26
21 23
21 28
21 32
22 23
23 31
23 34
23 35
23 37
25 26
25 27
25 33
25 36
26 27
26 29
27 36
29 39
30 36
30 38
31 35
31 36
33 40
35 38
