400 489
1 310
2 193
2 287
2 349
3 240
4 272
4 377
5 215
5 334
5 335
5 374
5 375
6 117
6 150
6 182
6 388
7 340
8 221
9 123
9 127
9 196
9 325
9 364
10 363
11 58
11 108
12 369
12 371
13 27
14 389
15 45
15 171
15 278
15 327
15 346
15 386
16 165
17 110
17 172
17 225
17 249
18 200
19 147
19 381
20 313
21 85
21 111
21 304
21 308
22 66
22 136
22 223
23 85
23 128
23 169
23 274
23 332
23 365
24 96
24 312
24 356
24 382
25 117
26 222
27 69
27 105
27 221
27 278
28 400
29 77
29 221
29 227
29 310
30 198
31 274
32 230
32 379
33 235
34 227
35 368
36 62
37 186
38 148
38 235
38 339
39 399
40 287
41 57
41 122
41 241
41 337
42 49
42 173
42 209
42 290
43 85
43 161
43 202
43 282
43 331
44 399
46 135
46 276
47 66
47 142
47 237
47 306
48 150
48 231
48 363
48 377
49 270
50 240
51 153
52 70
52 112
52 189
52 306
53 396
54 376
55 388
56 347
57 108
57 306
57 361
58 166
58 243
58 252
58 284
59 361
60 237
61 88
61 278
62 96
62 229
62 238
62 259
62 287
63 66
64 222
65 115
65 199
65 356
65 390
66 119
66 295
67 397
68 263
68 268
68 289
68 356
69 170
70 110
70 201
70 284
70 366
71 389
72 313
73 107
74 323
74 396
75 112
75 186
75 379
75 399
76 302
77 191
77 220
77 258
78 180
78 300
78 358
79 182
80 380
81 380
82 305
83 97
83 257
84 148
85 381
86 107
87 274
88 120
88 286
88 293
88 387
89 269
90 165
90 254
91 159
91 248
92 240
93 101
93 212
93 236
93 325
94 274
95 363
97 101
98 298
98 330
98 367
98 391
99 127
99 388
100 138
100 203
100 298
100 370
101 285
101 338
102 237
103 379
104 162
105 138
105 174
105 175
105 199
105 354
105 358
106 144
106 284
106 359
106 384
107 156
107 209
108 133
108 250
109 155
110 347
110 376
112 327
112 392
113 358
114 212
116 260
116 273
117 264
117 277
118 230
121 245
123 219
124 132
124 153
125 230
126 178
126 221
126 388
129 340
130 325
130 354
131 137
132 362
133 286
134 160
134 347
135 178
135 231
135 254
136 197
136 280
136 297
137 193
137 246
137 279
137 298
139 168
139 325
140 235
141 260
141 289
141 342
142 207
142 328
142 348
143 273
145 153
145 208
145 257
145 350
146 230
146 235
146 310
147 353
148 244
148 321
148 323
149 162
150 197
150 331
151 353
152 177
152 380
153 320
154 362
155 164
155 226
155 366
157 386
158 275
159 205
159 291
159 394
160 400
161 198
161 240
161 276
162 197
162 228
162 385
163 227
165 166
165 265
165 392
167 354
168 178
168 190
168 205
168 300
170 376
174 331
174 335
174 336
175 222
175 386
176 233
176 251
176 387
176 398
177 219
177 303
177 392
179 302
179 312
180 269
181 198
182 255
182 307
182 384
182 391
183 288
183 381
184 397
185 305
186 341
186 395
187 257
187 369
188 222
189 220
189 331
190 333
191 235
191 340
191 400
192 386
194 275
195 231
197 368
198 246
198 348
200 201
200 202
200 296
202 230
202 251
202 326
203 329
204 363
205 336
205 353
206 313
206 349
208 217
208 256
208 344
209 350
209 371
210 261
211 400
212 234
212 351
212 397
213 276
214 396
215 249
215 259
216 326
218 318
219 342
220 236
220 350
221 378
222 309
222 375
223 275
224 326
227 316
228 366
229 332
231 254
232 340
236 356
236 387
237 247
238 305
238 313
238 336
239 358
242 257
245 262
245 313
245 321
245 352
248 311
253 277
253 347
258 261
258 380
258 397
260 267
260 272
260 375
261 365
261 393
266 399
269 271
269 327
270 388
272 287
273 288
273 317
273 366
274 321
275 284
276 299
281 377
282 377
283 354
286 380
287 361
287 366
288 296
292 376
294 305
294 312
294 353
298 306
298 378
301 371
302 349
302 364
303 361
305 372
309 325
309 328
310 339
310 369
311 329
311 335
311 345
314 368
315 379
317 350
318 322
318 327
318 383
319 368
319 392
321 336
324 397
325 333
325 361
326 373
334 362
335 364
335 396
337 349
339 379
342 389
343 371
350 375
355 361
357 381
360 361
362 385
362 387
364 386
389 392
