450 614
1 26
1 232
1 363
1 364
1 371
1 376
2 290
2 301
3 320
3 403
4 78
4 222
5 16
5 51
5 312
5 318
5 382
6 177
6 273
6 394
6 419
7 114
7 191
7 200
7 444
8 393
8 436
9 219
10 316
11 109
11 236
12 88
12 216
12 359
13 145
13 221
13 256
13 351
14 80
14 92
14 225
14 404
14 448
15 122
16 35
17 212
17 310
18 45
18 240
19 77
19 128
20 338
21 320
22 47
22 86
23 34
23 84
23 324
23 432
24 77
25 87
25 91
25 224
25 333
26 114
26 151
26 292
26 407
27 78
28 40
29 395
30 247
30 395
30 442
31 179
31 215
31 271
31 336
32 237
33 63
33 140
33 431
34 76
34 112
34 120
34 122
34 206
35 405
36 74
36 78
36 173
36 237
36 242
37 64
37 193
38 341
39 245
39 294
40 130
40 155
40 240
40 285
40 447
41 231
41 287
41 301
41 347
42 124
43 442
44 75
44 132
44 355
44 376
45 66
45 126
45 321
46 382
47 442
48 226
48 374
48 420
49 125
49 249
49 384
49 422
50 60
50 134
50 295
50 315
50 364
50 379
51 87
51 183
51 270
51 361
52 251
53 149
53 276
53 402
54 99
54 188
55 128
56 72
56 221
57 182
58 105
58 167
58 256
58 410
58 448
59 210
59 262
60 112
60 378
61 223
61 365
61 397
61 426
62 266
62 280
62 383
63 89
63 97
63 450
64 215
64 282
64 367
65 378
66 164
66 244
66 309
67 395
68 436
69 145
69 442
70 205
70 295
70 299
70 353
71 169
72 169
72 407
73 284
74 81
74 106
74 160
74 351
75 345
76 241
76 355
76 364
77 113
77 149
77 176
77 184
78 388
78 393
79 361
80 185
81 257
82 83
82 110
82 168
82 191
82 411
83 169
83 244
83 345
85 145
85 216
85 426
85 440
86 114
86 220
86 253
87 189
87 273
87 298
88 107
88 185
88 228
88 337
89 244
89 317
90 397
91 166
91 206
91 212
91 277
92 416
93 365
93 372
94 135
94 203
94 433
95 188
95 302
96 138
97 174
97 212
97 324
97 354
98 187
98 391
99 414
100 104
100 259
100 375
100 409
101 124
102 380
103 128
103 179
105 216
105 433
108 139
108 239
108 367
108 372
109 236
110 171
110 183
110 316
111 313
111 428
112 175
112 186
112 368
113 254
114 221
115 391
116 306
117 244
118 172
119 142
119 263
119 287
119 351
119 393
119 427
120 138
121 148
121 180
121 184
121 348
121 449
122 127
122 406
123 332
124 331
124 398
125 266
125 381
126 288
126 382
126 431
128 170
129 396
130 238
130 267
130 271
130 425
131 275
131 378
132 264
133 143
133 199
135 294
135 401
136 153
136 169
137 258
138 248
138 385
138 397
139 157
139 206
139 297
139 423
140 250
140 345
141 270
143 222
144 361
145 184
145 307
145 336
145 358
145 429
146 405
147 170
147 176
147 314
147 362
150 440
152 296
152 442
153 221
153 255
154 226
155 226
155 237
155 267
155 303
155 341
155 417
156 361
158 341
159 439
161 329
162 258
163 229
163 235
163 400
163 438
164 357
165 365
166 182
166 306
166 350
168 340
170 242
170 391
171 203
171 302
171 334
172 184
172 207
172 401
173 226
174 186
176 216
176 431
177 195
178 313
180 236
181 316
182 278
182 374
183 275
183 291
183 373
184 290
184 333
186 357
186 436
187 192
187 195
187 253
187 390
188 212
188 445
189 199
189 310
189 357
190 224
190 242
190 311
190 426
191 224
191 241
192 372
192 437
193 211
193 252
193 444
194 195
194 347
195 204
195 265
195 331
195 339
196 238
196 397
197 281
197 382
198 360
198 402
199 202
199 283
199 418
200 222
200 249
200 405
201 350
202 246
202 252
202 279
202 369
206 294
206 417
206 442
208 382
209 262
210 439
212 367
212 450
213 219
213 311
213 338
213 340
214 433
216 272
216 328
216 431
217 442
218 281
218 369
219 308
219 404
220 258
220 286
221 286
222 309
223 257
223 304
223 343
223 399
227 340
228 345
229 242
229 280
229 332
230 279
233 391
234 249
234 302
234 378
236 248
236 341
237 356
237 370
238 448
239 269
240 402
241 288
241 417
242 443
243 284
244 393
244 413
245 440
246 383
246 397
247 294
248 288
248 402
249 358
249 423
250 269
251 281
251 411
251 450
254 310
254 437
255 332
256 365
257 258
257 446
258 287
259 329
259 417
259 433
260 344
261 357
262 355
262 446
264 290
265 315
266 337
266 434
268 316
269 331
269 400
269 447
270 303
270 335
271 395
271 426
273 284
273 290
274 433
276 332
277 378
277 396
277 437
279 323
279 364
279 377
280 322
280 326
280 330
281 385
282 338
283 422
284 373
284 429
285 287
285 357
285 396
286 311
287 311
288 331
289 431
290 352
292 413
293 338
294 307
295 313
295 333
295 374
295 439
296 309
296 342
296 372
296 408
296 411
298 350
300 344
302 318
305 391
306 383
306 412
310 327
310 443
311 337
313 421
317 348
317 365
317 396
319 341
320 366
320 411
325 329
325 379
329 403
333 448
335 390
337 414
339 345
340 384
344 349
344 430
344 444
346 440
349 405
349 443
350 360
351 355
351 437
355 380
356 376
359 367
365 422
367 408
369 435
369 448
376 388
379 445
380 392
380 420
381 437
386 439
387 414
389 414
390 428
390 436
390 444
396 408
396 441
402 416
404 444
415 436
424 431
