160 257
1 116
1 130
2 7
2 41
2 145
2 153
3 21
3 104
4 73
4 95
4 116
5 26
5 50
5 81
5 82
5 97
5 113
6 8
6 13
6 33
6 129
7 78
7 81
7 91
7 106
8 13
9 43
10 24
11 27
11 73
11 124
12 26
12 126
12 145
13 50
13 106
13 118
13 156
14 120
15 124
15 160
16 148
17 38
17 120
18 37
18 122
18 141
18 145
19 33
19 36
19 37
19 124
20 22
20 36
20 65
20 66
20 71
20 103
21 23
21 122
21 143
21 158
22 35
23 34
23 53
23 87
23 146
24 93
24 98
24 110
25 50
25 96
25 115
25 129
25 144
25 156
26 37
27 113
27 119
27 140
28 59
29 34
29 82
30 42
30 90
31 125
31 130
32 68
32 95
33 36
33 47
33 74
33 84
33 88
34 57
34 61
34 157
34 159
35 105
35 114
35 137
36 39
36 43
36 48
36 85
36 159
37 72
37 111
37 145
38 41
38 130
39 52
39 113
39 153
40 43
40 52
40 68
40 73
40 75
40 152
41 51
41 67
41 139
42 65
42 138
42 149
42 154
43 109
43 149
44 64
44 98
44 126
44 129
44 154
45 73
45 116
45 156
46 94
46 100
46 114
46 142
48 54
48 55
48 130
49 94
49 146
50 153
52 53
52 75
52 80
53 98
53 114
54 93
56 69
56 87
56 125
56 132
57 89
57 115
58 59
58 142
59 113
59 121
60 67
60 92
60 141
61 93
62 92
63 92
63 115
63 158
65 116
65 153
68 86
68 117
68 135
70 86
72 75
72 80
72 86
72 89
73 98
73 139
73 140
74 89
74 100
75 87
76 145
77 102
77 120
77 135
78 82
79 80
80 85
80 128
80 160
81 123
82 96
82 147
82 148
83 148
84 93
84 159
85 88
85 152
85 154
85 155
86 127
86 147
87 92
87 102
87 148
89 100
89 151
90 102
92 158
95 130
97 152
98 104
99 146
99 154
100 135
101 102
103 109
104 107
104 133
105 159
107 122
108 124
108 140
110 133
110 151
110 159
111 154
112 145
113 148
114 120
114 121
115 130
115 155
116 123
116 131
116 136
116 141
120 134
124 141
129 156
130 147
133 146
134 152
136 139
140 141
140 150
143 153
146 159
147 150
148 150
