450 515
1 41
1 390
2 266
2 372
2 393
2 429
3 32
3 116
3 265
3 424
4 100
5 67
6 361
7 144
8 58
8 276
8 335
8 337
9 14
10 424
11 156
11 230
11 353
11 355
12 27
12 187
13 351
14 196
14 226
14 435
15 30
15 328
16 144
17 444
18 348
18 399
19 53
19 124
19 152
19 251
20 351
21 148
21 245
21 273
21 388
22 119
22 401
23 380
24 67
25 67
25 119
25 176
25 357
26 55
26 69
26 333
26 352
26 438
27 33
27 68
28 118
28 241
28 381
28 448
29 419
30 280
30 308
31 88
32 38
32 83
32 412
33 75
33 76
33 114
33 300
34 270
35 104
36 355
37 248
37 357
39 357
40 66
40 78
40 242
41 100
42 295
43 272
44 108
44 200
44 312
44 432
45 217
46 283
46 302
46 313
46 326
47 87
47 169
47 330
47 423
47 430
48 139
49 168
49 376
50 195
50 334
51 378
52 197
54 150
54 419
56 156
57 191
59 208
60 150
61 377
61 390
62 166
63 274
64 154
64 440
65 221
65 411
65 413
65 429
66 150
67 293
67 449
68 334
70 149
70 151
70 216
70 320
70 391
71 161
71 217
72 144
73 188
73 316
73 331
73 350
74 78
74 215
75 222
75 242
75 351
76 394
77 95
77 107
77 134
77 252
78 301
78 395
78 422
79 93
79 132
79 176
79 218
79 219
80 125
80 256
81 119
82 91
82 159
82 237
82 448
84 357
85 125
85 271
85 290
85 334
85 338
86 208
86 308
88 170
88 296
88 397
89 226
89 283
89 342
89 447
90 164
92 150
93 184
93 251
93 423
94 398
96 113
97 405
98 234
98 235
98 349
98 450
99 102
100 229
100 428
101 106
101 165
101 318
101 331
102 256
102 277
102 337
103 324
104 141
104 342
104 439
105 160
105 213
109 355
109 398
110 114
110 185
110 353
110 417
111 133
112 139
112 150
112 271
112 398
112 439
113 249
113 262
113 394
114 155
114 193
114 311
114 344
115 294
115 423
116 195
116 231
116 403
116 437
117 405
118 340
119 240
120 185
121 444
122 369
123 270
125 289
125 360
126 290
127 271
127 303
127 309
127 353
128 387
129 282
130 228
130 426
131 272
132 183
132 205
132 331
133 184
133 287
133 304
135 146
136 308
137 399
138 295
139 263
139 401
140 285
140 380
142 290
143 361
144 366
145 247
146 367
146 415
146 448
147 191
147 242
147 247
147 280
149 399
152 288
153 354
154 251
154 373
154 385
156 180
156 359
157 380
158 261
158 346
158 348
158 368
158 400
160 419
161 323
161 338
161 395
162 213
163 185
164 207
164 288
164 333
164 388
166 186
166 218
166 331
167 187
168 213
170 369
171 202
171 324
171 351
172 230
173 174
173 320
173 347
173 384
175 433
176 388
176 395
177 197
178 405
179 222
181 268
182 224
182 369
183 282
183 375
183 387
184 294
184 356
185 232
187 279
187 296
189 253
189 333
189 371
190 355
191 243
191 442
192 205
192 223
192 363
192 407
192 446
194 247
196 426
197 210
197 258
198 274
199 228
199 291
199 365
199 407
200 270
200 272
200 303
201 229
201 278
201 292
201 370
202 251
202 299
202 406
203 417
204 356
204 371
205 274
205 444
206 268
208 226
208 383
209 375
210 265
210 328
210 354
211 374
212 238
213 283
214 426
215 306
215 388
215 420
216 357
217 254
217 423
217 441
219 309
219 447
220 233
220 374
222 314
222 392
224 343
225 280
226 257
226 404
227 376
228 246
228 265
228 333
229 339
229 405
230 421
230 443
233 246
235 242
235 324
235 437
236 266
236 284
236 380
238 248
238 315
238 429
239 444
241 385
242 309
244 324
245 371
246 298
246 329
247 325
250 270
251 439
252 295
252 341
252 343
255 378
257 281
257 284
257 382
258 323
259 343
260 426
263 381
264 330
264 361
265 309
267 328
268 283
268 307
269 290
271 296
272 321
274 319
275 294
280 396
282 317
282 358
285 322
285 337
285 431
286 333
287 332
293 294
295 414
296 374
297 356
303 313
303 394
303 429
304 345
305 398
308 348
308 362
308 408
310 375
311 324
318 450
320 339
320 378
327 354
328 440
332 369
334 425
336 378
337 339
339 404
339 447
340 437
341 348
341 447
341 448
342 380
342 426
343 368
345 433
348 433
351 430
353 366
354 445
355 389
356 377
358 431
361 366
363 441
364 437
366 390
366 433
369 394
374 427
375 418
376 395
376 404
379 424
386 433
387 402
387 434
390 436
394 419
398 449
399 423
409 417
410 437
416 424
417 438
