180 242
1 90
1 153
2 88
3 96
4 66
4 72
4 99
4 137
4 140
5 76
5 124
5 132
6 34
7 39
7 47
7 72
7 106
8 15
8 40
8 48
8 103
8 133
8 141
9 48
9 92
9 123
10 161
11 49
12 33
13 32
13 167
14 102
14 103
14 154
15 44
15 87
15 115
15 147
15 180
16 36
16 73
16 126
17 34
18 44
18 111
18 112
18 156
19 114
19 174
20 166
21 26
22 40
23 94
23 107
23 127
23 144
24 27
24 164
25 48
25 170
26 55
26 124
26 159
27 88
27 131
28 89
28 101
28 153
28 174
29 138
30 49
30 148
30 159
31 110
32 136
33 56
33 57
33 95
33 109
34 51
34 95
35 138
36 43
36 77
36 169
37 63
37 71
37 75
37 77
38 107
38 126
40 82
40 158
41 179
42 46
42 86
42 141
42 164
42 172
44 116
44 176
45 153
46 168
47 68
47 81
47 92
48 57
48 145
49 134
49 141
49 146
50 64
50 67
50 85
50 94
51 72
51 141
52 109
52 164
53 89
53 103
53 109
54 90
55 88
55 90
55 119
58 114
59 136
60 151
60 166
61 153
62 151
63 67
63 103
63 173
64 160
65 87
65 161
66 89
66 103
66 130
68 176
69 116
69 138
69 156
69 167
70 148
70 178
71 129
71 138
71 164
73 93
73 121
73 168
73 179
74 82
74 111
74 125
74 152
74 155
74 178
75 78
75 110
75 153
76 97
76 100
76 152
77 166
77 167
77 172
78 101
78 104
78 151
78 163
79 114
80 148
81 141
81 154
83 110
84 161
88 175
89 122
90 109
91 129
92 129
94 102
94 116
94 161
95 103
95 151
96 105
96 106
96 149
98 176
100 161
101 156
101 176
102 132
102 151
104 157
106 173
106 179
108 176
110 115
110 131
113 120
114 143
116 152
116 173
117 133
118 136
119 141
119 143
119 173
120 141
120 145
120 160
120 165
121 151
123 130
126 152
126 170
126 177
128 166
129 139
130 132
130 157
133 150
133 180
135 154
136 143
138 142
141 170
143 154
148 155
148 179
152 161
153 162
164 174
164 179
167 171
169 179
