500 603
1 340
2 187
2 299
3 18
4 317
5 383
6 67
6 300
6 486
6 488
7 119
7 152
8 81
8 206
8 232
8 320
8 419
9 162
9 200
9 215
9 349
10 25
11 348
12 131
12 219
12 337
13 257
14 285
15 443
15 461
16 199
16 271
16 436
16 452
16 491
17 18
17 221
17 360
17 410
18 145
18 204
18 288
19 59
19 339
19 375
19 383
20 142
21 435
22 453
23 142
24 66
24 483
25 298
25 319
25 397
26 65
26 172
26 352
26 369
27 76
28 132
28 248
29 460
30 101
31 35
31 78
31 94
31 229
31 363
31 463
32 131
33 38
34 97
35 197
35 362
35 396
36 134
37 240
38 84
38 286
38 346
38 364
39 201
39 235
39 439
39 469
40 84
41 93
41 98
42 253
43 158
44 212
44 263
45 132
46 100
46 182
46 321
46 336
47 139
47 344
47 346
47 350
48 118
48 191
48 226
49 62
49 116
50 262
50 410
51 463
52 301
53 360
53 410
54 70
54 116
54 149
54 354
54 425
55 91
56 356
56 414
57 383
58 90
59 271
59 282
59 382
59 470
60 109
60 190
61 298
61 325
61 365
61 367
62 80
62 97
62 115
62 458
63 105
63 117
63 210
63 251
63 455
64 225
64 242
64 416
64 432
66 109
66 442
66 485
67 245
68 194
69 74
69 194
70 127
70 160
70 322
71 91
72 76
72 345
73 198
73 207
73 320
73 368
73 471
74 98
74 333
74 420
75 151
75 236
75 456
75 487
76 335
76 384
76 424
77 247
77 328
77 368
77 434
78 141
78 181
78 431
79 358
80 274
80 287
80 398
81 133
81 393
81 497
82 87
83 393
84 104
84 154
84 236
85 107
85 391
85 422
85 451
86 158
87 121
87 168
87 273
88 240
89 268
89 308
90 138
90 343
90 443
91 307
91 373
91 422
92 134
93 119
93 231
93 266
93 308
93 392
94 340
94 482
95 165
96 153
97 123
97 137
97 254
97 324
97 398
99 229
99 255
99 273
99 299
99 395
101 117
101 438
101 477
102 428
103 137
103 252
103 297
103 378
104 315
104 394
104 475
105 229
105 253
105 257
105 411
106 460
108 167
109 146
109 163
109 354
110 445
111 149
112 191
113 410
114 421
115 209
115 223
115 311
115 479
116 120
116 143
116 183
116 295
116 377
117 132
117 348
118 241
119 193
119 337
119 390
120 151
120 327
122 211
123 476
124 128
124 226
124 389
124 420
125 132
126 475
129 494
130 421
131 193
131 256
131 269
131 373
133 144
133 147
133 284
134 305
134 448
135 405
136 208
137 411
140 348
142 171
142 218
142 377
144 393
145 245
145 268
146 342
146 404
146 413
146 466
148 196
148 251
149 184
149 366
150 158
151 299
152 272
153 189
153 384
153 462
155 241
156 230
156 303
156 376
157 212
157 395
158 199
158 350
159 410
160 259
161 358
162 433
163 331
163 340
163 372
163 474
164 262
165 326
165 406
165 447
166 453
166 469
167 359
167 377
167 430
167 483
168 238
169 205
169 349
169 377
169 407
170 193
170 199
170 412
170 420
173 224
173 244
173 273
173 401
173 495
174 203
174 238
174 263
174 281
175 269
175 339
176 201
176 205
176 458
176 497
177 351
177 405
178 445
179 267
179 346
179 370
179 440
179 455
180 257
180 348
180 473
182 332
182 355
182 468
183 290
183 308
185 381
186 308
187 315
188 435
189 298
190 310
190 407
190 409
191 314
191 382
191 448
192 219
193 317
194 285
194 312
194 384
194 459
195 211
196 454
197 342
199 380
200 437
201 211
201 331
201 456
202 297
205 256
205 412
208 220
208 245
208 280
208 427
209 443
210 221
210 256
210 354
211 467
212 237
212 407
213 299
214 428
216 381
217 360
218 393
219 420
219 478
220 454
221 300
221 424
222 318
222 371
222 433
222 493
223 495
224 315
225 374
227 456
228 453
229 342
230 465
231 375
231 445
231 495
233 495
234 381
239 500
240 290
240 371
240 377
241 276
241 424
242 296
243 494
246 262
248 383
248 481
249 425
250 348
251 275
251 415
251 480
252 268
253 417
253 441
255 460
256 418
257 357
258 260
258 349
258 361
258 489
259 265
259 448
261 393
262 300
264 380
265 283
265 291
265 346
268 316
268 371
269 383
270 500
272 292
272 403
272 455
273 458
277 435
278 340
279 495
280 299
280 347
280 421
281 340
281 358
281 497
285 378
285 437
285 455
289 425
293 411
294 303
295 379
296 476
297 429
297 432
298 394
298 460
300 435
301 306
301 349
301 419
302 475
303 385
303 480
304 379
308 369
309 376
309 465
313 355
315 338
315 484
317 413
317 423
323 463
324 373
327 410
328 428
329 476
330 465
332 412
332 432
332 443
333 465
334 456
335 427
339 387
339 464
341 360
345 405
346 363
347 406
347 418
347 422
351 406
351 490
351 499
353 468
354 480
355 376
355 496
356 414
356 500
358 402
359 448
363 368
363 418
368 428
369 375
369 453
371 497
374 425
375 411
375 418
379 406
379 492
380 400
380 482
381 401
381 432
384 454
384 458
386 463
388 421
394 412
394 448
398 425
398 435
399 414
405 450
405 480
407 465
408 428
411 436
414 448
414 473
422 476
424 494
425 434
426 494
430 468
431 483
443 461
443 500
444 461
445 472
446 460
449 454
457 475
461 498
468 473
481 500
