200 222
1 7
1 125
1 129
1 148
2 10
2 13
2 88
2 195
3 118
3 133
4 128
5 11
5 29
5 78
5 128
5 152
6 144
8 134
9 188
9 199
10 51
10 61
10 129
12 40
12 112
12 118
12 178
13 31
13 56
13 75
14 43
14 45
14 64
14 176
15 107
16 48
16 135
16 145
16 172
17 153
18 36
18 79
19 161
20 109
21 36
21 37
21 127
21 175
21 187
22 134
23 88
24 110
24 118
24 120
24 188
25 142
26 51
26 90
26 126
26 139
27 195
28 153
30 107
30 108
30 179
32 51
32 149
32 177
32 183
33 96
34 89
35 63
35 80
35 94
35 132
35 165
36 106
36 127
36 155
38 160
39 84
41 97
41 127
41 131
41 198
42 87
44 161
46 53
46 58
46 71
46 128
46 174
47 53
47 61
47 78
47 80
49 133
50 93
51 153
52 133
53 107
53 161
54 195
55 96
57 195
58 165
59 77
59 104
59 127
59 172
60 73
60 119
60 181
60 191
61 64
61 77
61 173
61 199
62 72
65 96
66 122
66 161
67 87
68 84
69 194
70 108
72 73
72 103
72 124
72 147
73 84
73 173
74 196
76 141
77 138
78 82
78 93
79 105
80 134
80 142
81 107
82 98
82 114
82 192
83 88
84 167
85 199
86 102
87 168
87 172
88 91
89 93
89 159
89 162
89 193
92 160
93 116
93 184
95 113
95 154
95 180
95 190
96 118
96 177
97 198
99 196
100 128
101 132
101 153
102 158
102 189
102 190
104 108
104 163
104 165
105 129
105 169
105 182
107 146
108 122
109 136
109 140
109 156
109 176
111 141
115 134
117 194
118 153
118 173
121 144
122 195
123 141
128 186
128 197
129 199
130 151
133 190
137 163
138 159
138 186
138 190
140 194
141 172
143 160
144 159
144 185
147 163
150 151
151 159
151 171
156 167
157 199
160 176
163 179
164 196
165 166
165 170
165 200
173 176
173 191
186 194
186 196
