500 637
1 44
1 87
1 193
1 411
2 109
2 183
3 12
3 149
3 161
3 288
3 472
4 9
5 9
5 123
6 19
6 127
6 166
6 244
6 264
7 167
8 239
8 277
8 348
8 398
8 465
9 279
9 283
9 322
9 495
10 23
10 200
10 343
10 379
11 36
11 187
13 433
14 86
14 325
15 325
16 136
16 250
16 353
16 362
17 458
17 500
18 19
18 88
18 484
19 321
19 341
19 452
20 113
20 122
21 52
21 111
21 492
22 69
22 460
23 257
23 326
23 370
24 321
25 116
25 352
25 424
25 459
26 90
26 195
27 396
28 232
28 247
28 324
28 347
29 60
29 186
29 362
30 57
30 388
30 395
30 469
31 352
32 163
32 212
32 213
32 307
33 223
33 323
34 84
35 374
36 134
36 307
36 310
36 492
37 357
38 130
38 301
38 344
38 353
39 160
39 318
40 398
41 184
41 330
41 358
41 377
42 126
42 168
42 198
43 248
43 269
43 368
43 478
44 186
44 363
44 488
45 416
46 230
47 96
47 126
47 169
47 449
48 55
48 259
49 128
49 433
49 449
49 451
50 404
50 459
51 252
51 274
51 313
51 314
51 350
52 212
53 278
54 384
55 66
55 188
55 422
55 461
56 87
56 416
57 471
58 70
58 98
58 103
58 105
59 67
60 84
61 303
61 361
62 94
63 238
63 399
64 162
64 165
64 190
64 245
64 410
64 421
65 126
65 399
66 122
67 309
67 408
67 491
68 219
68 330
68 385
68 441
69 159
69 194
69 368
70 244
70 307
70 399
70 467
71 96
71 230
72 82
73 92
73 428
74 396
75 459
76 86
76 213
76 312
77 106
77 145
77 360
77 379
78 459
79 265
79 450
80 354
81 160
81 451
82 185
82 439
82 462
83 92
84 323
84 343
85 287
85 304
85 384
85 443
86 290
86 304
86 333
86 481
86 495
87 423
88 89
88 99
89 131
89 177
89 251
89 415
89 431
89 445
90 151
90 292
90 325
90 368
90 401
91 134
92 200
92 312
93 337
94 216
94 282
94 327
95 296
95 327
95 375
96 123
96 156
96 174
96 263
97 333
98 137
98 234
98 346
98 373
99 310
100 341
101 169
102 337
104 276
105 337
107 155
108 109
109 143
109 279
110 479
111 237
111 258
111 320
111 343
111 450
112 124
112 210
112 391
112 415
113 305
113 348
113 392
114 141
114 285
114 365
114 449
115 256
115 379
115 430
115 499
116 460
116 461
116 469
117 212
118 134
118 191
119 384
119 443
120 301
120 345
120 407
120 436
121 315
122 485
123 138
123 171
123 370
124 190
125 132
125 176
126 466
128 332
128 356
128 382
128 383
129 421
131 396
132 238
133 371
134 366
135 234
135 444
136 450
137 398
138 150
138 334
138 414
139 290
140 144
140 245
140 253
140 317
140 343
141 191
141 257
141 307
141 354
142 205
142 357
142 439
143 285
143 477
143 485
146 357
147 467
148 467
150 418
152 163
153 337
154 493
155 170
155 198
155 291
156 335
157 315
158 481
160 183
160 235
161 332
162 187
163 260
163 328
163 476
164 223
164 287
165 356
165 438
166 421
166 453
167 189
167 386
167 495
168 221
168 229
168 438
169 173
169 247
169 439
171 260
171 266
171 412
172 293
172 443
175 492
176 226
176 400
176 469
178 374
178 394
179 295
180 223
180 326
180 374
180 484
181 424
182 458
186 191
186 247
186 318
186 380
187 200
187 480
188 223
190 341
191 213
191 293
191 452
192 483
195 236
195 261
195 454
196 296
197 485
198 238
198 245
198 417
198 449
199 333
200 473
201 466
202 217
202 226
203 417
204 207
205 236
206 493
207 265
207 267
207 309
208 428
209 399
209 436
211 418
212 429
213 233
213 426
214 215
214 243
214 343
214 380
214 447
214 492
217 338
217 355
217 379
218 303
218 418
219 261
220 238
222 295
224 352
225 332
227 249
227 288
227 347
227 350
228 278
230 300
230 435
230 469
231 321
233 277
234 262
234 289
234 340
235 393
235 404
235 450
236 247
236 254
240 481
241 367
241 384
241 477
242 421
244 429
245 321
245 326
245 466
246 315
247 357
249 459
250 290
250 406
251 310
252 293
252 299
252 337
253 373
254 482
255 303
257 460
259 473
261 371
261 450
267 422
268 451
270 287
271 295
271 466
272 374
273 341
275 417
276 288
276 402
276 475
277 326
278 308
278 342
278 348
280 433
281 290
281 492
283 358
284 372
285 301
285 439
286 451
287 294
287 299
287 381
288 416
288 452
289 318
289 350
289 362
289 370
289 449
290 421
292 473
293 330
293 348
294 300
295 489
295 492
296 435
296 439
297 443
298 350
299 389
299 442
299 456
301 315
302 417
303 327
303 394
303 482
304 368
304 460
306 339
306 369
308 320
309 325
309 326
309 356
309 493
310 444
311 369
315 398
316 363
316 420
318 332
319 477
321 336
321 458
322 371
325 487
325 489
327 393
327 427
329 354
330 396
330 456
331 333
332 438
335 488
339 398
341 423
342 418
343 354
346 473
349 424
350 464
351 405
352 446
354 440
359 369
359 452
359 457
361 427
362 375
363 397
363 500
364 460
364 479
365 369
365 371
365 428
367 466
370 489
371 490
372 378
372 421
372 438
372 463
373 424
376 428
378 449
380 385
380 479
380 483
387 467
390 477
393 438
393 460
398 489
399 420
403 493
404 434
404 455
405 419
405 448
405 461
406 479
409 433
413 492
415 421
415 449
416 432
418 495
423 444
425 481
427 437
427 494
428 471
434 477
443 445
449 483
451 468
452 495
453 483
454 488
458 461
458 474
470 477
482 488
483 498
484 486
484 497
485 496
