450 548
1 57
2 322
3 78
3 192
3 330
4 81
4 229
5 409
6 150
6 321
7 412
8 311
9 106
10 436
11 34
11 71
11 147
11 385
12 369
13 406
14 31
14 39
14 110
14 216
14 361
15 161
15 171
16 27
16 104
17 196
17 349
17 421
18 229
18 399
19 20
19 168
20 31
20 117
20 121
20 164
20 206
20 392
21 141
22 128
22 218
22 306
23 425
24 436
24 450
25 184
25 401
26 35
26 47
26 205
26 308
26 371
27 225
28 172
28 195
28 204
28 425
28 427
29 34
29 300
29 302
29 332
29 339
30 141
31 252
31 267
31 270
31 355
32 69
32 74
32 173
32 176
33 283
33 356
34 81
34 180
34 334
34 358
35 57
35 243
36 110
36 119
36 251
36 359
37 405
38 72
38 255
40 351
41 398
42 229
43 185
43 280
43 424
43 447
44 98
44 167
44 224
44 233
44 408
45 105
45 116
45 310
45 336
46 169
46 211
46 429
46 439
48 181
48 284
49 290
50 59
51 135
52 208
53 330
53 411
54 432
55 393
56 136
56 425
57 144
57 381
58 342
59 95
59 137
59 177
59 219
60 303
61 138
61 282
61 300
61 446
62 157
63 393
64 327
65 204
65 356
66 306
67 107
67 183
67 276
67 332
68 225
68 274
68 301
68 326
70 162
70 279
70 293
70 433
71 176
72 97
72 125
72 308
73 435
75 190
75 382
75 429
75 442
76 143
77 301
78 90
78 123
78 175
78 186
78 292
79 99
79 229
80 271
80 402
81 298
81 364
82 225
83 160
83 191
83 221
83 260
84 333
85 300
85 315
85 339
86 397
87 440
88 333
89 153
91 204
92 130
93 406
94 136
94 332
94 338
94 390
95 375
95 417
96 287
99 207
99 250
99 291
100 366
101 198
101 414
102 161
102 206
102 280
102 358
103 141
103 427
104 212
104 344
104 415
106 401
106 411
106 424
108 283
109 435
110 195
110 229
111 326
112 118
112 232
112 328
112 441
113 402
114 199
114 353
114 415
114 437
115 259
115 267
115 279
115 314
115 413
117 342
117 377
117 396
120 375
122 393
123 189
123 340
123 397
124 266
126 342
127 141
127 182
127 184
127 337
128 247
129 208
130 187
130 289
130 310
130 429
131 189
132 277
133 277
134 145
135 200
135 352
135 360
135 418
137 389
139 178
139 244
139 260
139 284
140 432
141 450
142 228
143 344
143 410
143 448
144 274
144 399
144 438
145 245
145 295
145 351
145 360
145 400
146 398
148 316
149 409
150 153
151 228
152 199
152 219
152 286
152 429
152 441
153 388
153 433
154 319
154 438
155 397
156 366
156 379
156 406
157 166
157 169
157 193
157 419
158 331
159 440
160 210
160 274
160 340
161 403
163 303
164 180
164 405
165 425
166 287
166 333
166 393
166 396
168 267
168 394
168 407
170 285
170 307
170 345
171 248
171 251
171 255
171 297
172 437
173 210
173 228
173 358
174 387
175 237
175 254
175 255
175 263
178 226
178 313
178 318
179 377
180 275
180 368
180 380
181 427
182 236
182 238
182 246
184 278
184 354
187 439
188 321
189 285
189 417
190 234
191 207
191 310
191 344
191 371
192 316
193 388
194 210
194 321
194 398
194 405
195 203
195 302
195 424
197 247
198 260
198 322
198 362
198 387
198 409
199 221
199 337
199 396
201 403
202 377
203 358
204 239
204 443
206 376
206 450
207 249
207 316
208 227
208 400
209 432
210 408
213 228
214 327
214 442
215 403
217 351
218 262
218 271
218 441
219 247
219 367
219 432
220 366
221 302
222 244
223 311
224 260
224 266
224 303
224 423
225 316
225 445
229 323
229 383
229 443
230 265
230 342
231 287
234 306
235 316
235 317
239 301
240 406
241 326
242 287
242 380
243 412
244 264
244 273
244 384
246 425
247 288
249 317
249 329
249 428
253 301
253 334
255 404
255 437
256 369
257 414
258 266
259 266
261 409
262 428
265 284
266 395
266 422
267 396
268 351
268 414
269 331
272 387
274 433
277 296
277 308
281 306
281 337
281 351
281 406
283 367
283 408
284 350
284 373
286 322
287 424
290 362
290 365
290 418
294 402
295 401
299 353
300 307
300 403
302 404
303 325
304 340
304 369
304 375
304 414
305 405
306 416
307 320
307 350
308 337
309 330
310 311
310 349
311 348
312 438
315 344
315 356
315 360
317 322
318 410
319 423
321 449
322 338
322 420
324 438
326 431
327 349
327 384
328 334
330 408
331 374
331 434
332 440
333 389
334 398
335 399
335 419
339 397
340 374
341 349
342 400
343 358
344 368
345 387
346 427
347 375
351 379
353 357
353 433
354 431
363 369
363 421
366 441
370 399
372 436
374 412
374 435
376 423
377 444
378 423
381 411
384 402
386 435
390 423
391 412
396 401
400 402
400 404
404 418
408 411
418 436
422 437
426 440
430 437
