100 129
1 50
2 87
3 80
3 94
4 87
5 9
5 27
5 69
5 87
6 33
6 35
7 70
8 13
8 28
8 43
8 48
9 36
9 47
9 61
10 69
11 76
11 77
12 60
12 63
12 83
12 91
13 31
13 56
13 83
14 52
14 55
14 93
14 97
15 74
16 41
16 65
17 33
17 95
18 19
18 31
18 84
19 27
19 69
19 70
19 83
19 96
20 79
21 79
21 91
21 92
22 76
23 94
24 91
25 45
25 74
25 77
26 56
27 34
27 45
27 46
28 59
29 63
29 70
30 91
31 60
31 86
31 88
32 33
33 65
34 44
34 64
34 68
35 74
37 41
37 86
38 92
39 44
40 44
40 54
41 46
41 58
41 81
42 60
43 88
44 84
45 68
46 50
46 70
47 66
47 97
49 60
50 53
50 80
51 69
54 61
54 63
56 62
56 71
57 94
59 79
60 88
60 90
62 98
63 75
64 66
64 67
64 72
64 85
65 76
65 96
68 82
68 98
69 73
70 77
70 99
74 96
75 80
76 93
76 100
78 91
79 95
79 97
80 85
82 92
83 97
85 87
89 92
92 97
94 96
