60 95
1 13
2 5
2 7
2 8
2 13
2 18
2 26
2 27
2 42
2 59
3 8
3 12
3 34
4 9
4 21
4 25
4 33
4 41
4 47
4 50
6 7
6 39
6 43
6 48
6 59
7 15
7 25
8 11
8 47
8 51
8 57
8 59
9 19
9 54
10 12
12 20
12 32
12 46
12 59
13 25
13 30
13 38
14 16
14 60
15 16
15 19
15 32
15 42
15 51
15 60
16 20
16 31
16 52
17 24
18 34
18 49
19 60
22 28
23 51
24 35
24 39
24 54
25 28
25 58
26 43
27 31
28 45
28 50
28 53
29 44
29 48
29 58
31 57
32 57
33 56
33 60
34 39
34 40
34 45
34 56
35 39
35 41
36 51
37 60
39 42
39 43
39 45
41 48
42 43
43 53
43 55
46 51
48 49
49 54
49 57
