500 672
1 100
1 124
2 266
2 381
3 271
3 348
4 158
4 305
4 409
4 434
5 144
5 205
5 336
5 341
5 395
5 499
6 388
7 184
8 91
8 205
8 490
8 496
9 129
10 46
10 445
11 178
12 99
12 317
13 17
13 28
13 260
13 329
13 392
14 89
14 246
14 259
14 486
15 101
15 123
15 294
15 335
15 349
16 57
16 388
18 48
18 402
19 92
19 144
19 331
19 498
20 297
21 104
21 284
21 365
21 413
22 141
22 145
22 301
22 479
22 489
23 218
23 296
23 338
23 479
24 161
24 183
24 280
24 341
24 470
25 430
25 434
25 448
25 495
26 324
26 389
27 441
28 162
28 220
28 248
28 441
28 485
29 61
29 69
29 215
29 272
29 410
29 464
30 389
31 79
31 124
31 203
31 427
31 444
32 366
33 110
34 56
34 162
34 190
34 300
34 357
34 359
35 200
35 314
36 238
36 296
36 357
36 368
37 40
37 469
38 248
38 317
39 60
39 166
39 336
39 440
40 46
40 316
40 333
40 383
41 310
41 323
41 358
41 459
42 92
42 243
42 445
43 386
44 69
44 109
44 170
44 198
44 254
44 411
45 113
45 162
45 163
45 259
45 285
45 290
45 485
45 486
46 231
47 147
47 328
47 348
47 498
48 80
48 88
48 380
49 80
49 203
50 87
51 72
51 319
51 365
51 454
52 440
53 79
53 115
53 397
54 149
54 202
54 246
54 358
55 338
56 423
56 469
57 95
58 110
58 174
58 229
58 400
58 444
59 425
60 145
60 355
60 381
62 205
63 378
64 121
64 226
65 70
65 385
65 425
66 283
66 321
67 154
67 185
67 255
67 277
67 484
68 318
69 382
70 441
71 137
71 210
71 328
71 360
73 233
73 399
73 442
73 451
74 84
75 469
76 278
77 98
77 427
78 112
78 255
79 105
79 227
79 446
79 458
80 306
81 198
81 246
81 362
81 380
82 224
83 256
84 351
84 375
84 450
85 227
85 313
85 344
85 407
86 129
86 157
86 212
86 250
86 380
86 419
87 151
87 204
87 497
88 201
89 258
89 357
89 417
90 168
90 210
90 442
91 391
93 127
93 410
94 174
94 435
94 482
95 182
95 216
95 268
95 342
95 343
95 353
96 98
97 394
98 149
98 292
98 304
99 402
99 425
100 167
100 202
100 452
100 464
100 470
101 115
101 199
101 205
101 302
101 422
102 321
103 131
103 301
103 416
104 373
106 321
107 203
107 249
108 406
109 178
110 482
110 492
111 112
111 179
111 326
111 433
112 412
113 177
113 326
113 403
114 476
115 160
115 487
116 456
116 494
117 268
118 278
118 289
119 165
119 180
119 235
119 294
119 371
120 400
121 134
121 337
121 357
121 431
122 276
122 444
124 165
124 181
124 192
124 259
125 168
125 355
125 403
125 453
126 189
126 202
126 274
126 428
127 178
127 294
127 327
127 343
128 472
129 253
129 307
129 358
130 186
130 196
130 333
130 347
131 330
132 225
132 237
132 273
132 325
132 393
133 195
133 268
134 161
135 381
136 201
138 249
139 178
140 200
140 329
141 143
142 254
142 477
143 375
143 420
143 429
146 289
146 301
146 303
146 378
147 259
147 393
147 401
148 249
149 432
149 469
150 299
151 391
151 401
151 439
152 431
153 394
155 496
156 199
156 451
157 432
158 313
159 268
159 291
159 438
162 216
162 272
162 365
163 303
164 361
166 178
166 329
166 330
169 391
170 415
171 432
172 205
173 389
174 275
174 387
174 390
175 439
176 216
176 324
176 377
176 396
177 187
177 242
177 256
177 303
178 191
178 216
178 490
179 400
181 463
184 272
184 302
184 304
184 478
187 230
187 242
187 341
187 447
188 289
188 292
188 340
190 314
191 468
192 378
193 361
194 209
194 348
194 437
194 445
194 483
195 386
197 198
197 446
197 461
197 471
197 493
198 318
198 434
198 477
199 347
199 372
199 500
200 228
200 329
200 466
201 202
201 412
201 415
203 289
204 332
206 457
207 432
208 220
209 262
211 268
211 321
211 486
211 496
212 498
213 472
214 229
217 219
217 311
217 365
217 367
217 421
218 330
218 487
220 308
220 488
221 328
221 353
221 354
221 463
222 468
223 256
224 257
224 414
224 479
226 399
227 386
227 393
229 298
229 352
229 462
230 434
231 255
232 255
233 348
233 369
233 449
233 460
234 278
235 500
236 248
236 260
236 444
236 498
239 406
240 476
241 317
242 335
242 437
243 366
243 368
244 440
245 496
246 379
247 252
247 356
247 494
247 498
248 384
248 424
249 254
249 364
251 456
253 430
254 297
254 379
255 333
256 491
258 271
258 323
258 418
258 457
259 338
261 386
262 456
263 439
263 467
264 465
264 472
265 299
266 457
267 297
269 416
270 427
271 282
271 295
271 335
272 468
273 320
273 476
276 362
276 404
276 481
278 390
279 445
280 378
281 442
282 479
283 431
285 287
286 476
287 291
287 385
287 484
288 418
290 340
293 299
294 401
294 490
297 435
299 310
299 336
299 452
300 395
303 376
305 360
306 496
309 345
311 427
312 431
314 356
314 405
314 498
315 318
317 348
318 339
320 442
322 418
322 439
325 366
325 393
325 394
325 492
326 378
326 440
328 388
328 444
329 422
329 442
330 336
332 400
333 422
334 366
335 388
335 468
336 485
338 375
338 419
340 403
340 462
340 475
341 484
342 463
343 456
345 380
345 397
345 473
345 480
346 432
350 469
351 442
351 499
356 492
358 472
361 370
361 390
362 381
362 389
363 400
363 470
364 495
367 418
368 486
369 459
371 493
373 418
374 382
375 379
378 451
379 470
382 417
382 473
386 462
388 474
389 431
390 393
391 475
394 426
396 439
398 416
399 465
399 479
401 479
402 439
402 491
403 431
405 426
406 443
406 470
408 477
409 435
410 458
416 417
417 425
422 486
423 441
425 450
434 444
434 445
436 468
438 470
444 486
455 477
456 470
457 467
476 484
484 485
