250 297
1 164
2 3
3 89
3 109
3 172
4 16
4 68
4 116
4 222
5 9
5 30
5 73
5 176
6 43
6 61
6 112
6 132
7 40
7 79
7 95
7 179
8 115
8 175
10 200
11 17
11 127
12 89
12 91
12 110
12 229
13 226
14 106
15 60
17 120
17 221
17 246
18 213
18 236
19 87
20 39
20 139
20 183
20 244
21 88
21 128
21 131
21 223
22 175
23 160
24 123
25 248
26 114
27 47
27 68
27 72
27 119
28 87
28 149
28 232
28 236
29 228
31 161
32 107
33 151
34 63
34 112
35 45
35 130
35 168
35 250
36 125
36 248
37 125
37 192
38 111
39 78
39 83
39 160
40 58
41 90
42 155
44 149
44 157
45 71
45 92
45 180
45 206
46 159
46 198
46 220
47 125
48 250
49 60
50 141
50 164
50 175
50 226
51 175
52 167
53 68
53 107
53 225
54 212
55 64
55 89
55 102
55 125
55 166
55 232
56 216
57 126
57 144
57 150
57 209
58 80
58 163
59 155
59 168
59 229
60 89
60 203
61 78
61 114
61 245
62 247
63 79
63 159
63 184
64 74
65 198
66 76
66 216
67 161
68 166
68 200
69 106
70 241
73 75
73 221
74 165
74 182
74 239
75 90
76 87
77 83
77 177
78 221
78 224
79 107
79 168
79 183
80 81
80 86
80 137
81 90
81 141
81 228
82 177
83 113
83 185
83 195
83 217
83 231
84 131
84 147
84 148
84 195
85 215
87 211
90 98
93 114
94 127
95 99
96 216
97 191
99 167
99 233
100 151
101 167
101 216
101 241
101 242
102 141
102 224
102 249
103 164
104 118
104 133
104 180
104 189
105 108
105 245
106 127
106 217
106 243
107 145
108 113
108 124
111 115
111 119
111 204
111 207
114 225
115 189
117 135
121 191
122 250
123 138
123 205
123 221
124 136
124 173
124 189
125 134
125 204
126 132
127 201
127 221
127 227
129 164
130 192
130 193
130 218
131 151
131 232
135 157
135 171
135 204
140 247
141 189
142 241
143 245
146 215
149 162
149 169
149 219
150 164
150 191
150 242
150 247
151 169
151 179
151 249
152 161
153 228
154 241
155 178
155 220
156 215
158 163
160 187
160 235
161 165
161 188
163 176
163 197
163 230
165 185
165 198
165 242
166 178
166 217
167 199
168 176
168 224
170 212
171 205
172 223
174 200
176 248
177 178
177 213
178 215
181 184
181 212
181 244
186 250
187 218
188 217
189 212
190 226
191 194
196 248
198 214
200 202
204 232
208 236
210 228
217 233
217 242
219 247
224 242
226 238
234 245
236 240
236 248
237 248
