100 174
1 24
1 59
1 92
2 59
3 17
3 34
3 100
4 14
4 29
4 78
5 28
5 29
5 89
6 22
6 27
6 35
6 53
6 68
6 80
7 44
7 51
7 79
7 82
8 25
8 38
8 41
8 80
8 95
9 13
9 36
9 42
9 67
10 56
10 70
11 51
11 59
11 83
12 25
12 29
12 52
12 57
12 70
13 73
13 93
14 79
15 74
16 78
17 22
17 38
17 84
17 89
17 92
17 97
18 43
18 73
18 81
18 90
19 34
19 37
19 54
19 94
19 99
20 36
20 38
20 54
21 28
21 30
21 38
21 52
21 70
21 78
21 89
21 95
22 38
22 55
22 74
23 26
23 36
23 39
23 58
23 98
24 88
26 30
26 43
26 61
26 64
26 65
28 51
28 83
29 73
29 90
29 99
30 86
30 98
31 74
32 45
32 77
32 86
33 74
33 96
34 35
34 71
34 85
35 57
35 75
36 45
36 47
36 97
37 40
37 82
37 93
38 49
39 63
39 72
39 75
40 77
42 48
43 47
43 49
43 93
44 49
44 52
45 89
45 92
46 67
46 70
47 91
47 96
48 53
48 58
48 98
49 58
49 71
49 79
49 86
49 92
49 98
50 92
51 72
51 88
52 55
52 69
52 81
54 57
54 95
54 98
55 98
56 68
56 99
57 79
57 88
57 90
57 99
59 95
60 99
62 76
62 83
62 90
62 92
65 67
65 81
66 88
67 90
70 95
71 88
73 78
76 99
77 90
79 85
79 94
86 93
86 100
87 98
92 100
