160 179
1 99
2 23
2 26
2 121
2 154
3 15
3 62
3 105
3 124
4 138
5 114
5 120
6 84
6 126
6 130
6 151
6 156
7 28
8 10
9 94
10 46
10 70
10 87
11 41
11 102
11 119
11 137
12 83
12 115
12 147
13 75
14 96
14 132
15 60
15 77
15 117
16 107
16 137
17 148
18 38
18 73
18 82
18 147
19 80
20 85
21 62
21 74
21 86
21 147
21 158
22 91
23 28
23 91
23 96
24 35
24 61
24 74
24 88
25 85
25 132
27 50
28 89
28 127
29 78
30 37
30 64
30 124
30 128
31 80
32 134
33 78
34 114
34 148
35 75
36 75
39 72
39 130
39 151
39 158
40 145
42 132
42 154
43 160
44 55
44 91
45 138
46 62
46 83
46 85
46 104
47 91
48 51
49 62
49 96
49 113
50 63
50 74
50 116
51 52
51 105
51 136
53 83
54 123
55 66
55 100
55 105
55 149
56 145
57 134
58 114
59 85
64 66
65 103
67 113
67 114
67 134
67 148
68 138
69 123
71 86
71 104
72 106
74 123
75 76
75 143
76 78
78 125
78 142
79 99
80 86
80 129
81 104
82 160
83 98
83 122
83 142
85 150
85 158
86 107
86 145
90 114
92 103
93 115
94 102
94 135
94 157
95 107
96 102
96 151
97 160
99 108
99 151
101 155
102 138
103 111
103 147
104 109
105 115
106 134
107 144
110 120
110 133
110 140
110 143
112 115
113 142
113 143
118 148
123 141
124 146
124 153
126 149
131 145
132 143
139 155
142 155
147 160
152 160
155 159
