80 93
1 35
2 57
3 13
3 37
4 16
4 34
5 18
5 32
5 36
5 62
5 66
6 12
6 21
6 32
6 34
7 63
8 75
9 39
9 57
10 63
11 53
12 20
12 70
13 34
13 45
13 61
13 78
14 15
14 40
14 70
14 76
15 33
16 19
16 32
16 50
17 58
20 24
20 53
20 57
21 27
21 35
21 80
22 24
23 28
23 62
23 63
23 68
23 70
24 31
24 32
24 54
25 27
25 75
26 63
27 36
27 45
29 58
30 60
32 75
33 58
34 58
34 65
35 56
35 72
37 60
38 65
38 79
39 74
41 48
42 65
42 75
43 48
44 57
44 66
46 53
47 68
48 64
48 69
48 72
49 74
51 80
52 80
53 73
55 75
58 73
59 65
60 69
60 79
67 74
69 70
69 74
71 75
77 80
