120 152
1 64
1 87
1 97
2 62
3 8
3 53
3 112
3 114
4 16
4 108
5 30
5 32
5 46
5 99
6 31
7 18
7 57
8 9
8 27
8 31
9 35
9 36
9 40
10 118
11 19
11 23
11 29
11 50
11 87
11 91
12 83
13 118
14 120
15 20
15 64
15 84
15 93
15 109
16 76
17 76
18 19
19 63
19 77
21 23
21 37
21 40
21 76
21 119
22 48
22 58
22 95
22 113
23 28
23 30
23 69
23 81
24 87
24 97
25 80
25 105
26 66
26 115
26 119
27 28
27 41
27 93
27 95
28 115
29 34
29 39
29 47
29 89
30 47
30 115
30 120
31 51
31 54
33 55
36 110
36 114
37 71
37 86
37 91
37 102
38 64
38 72
38 74
38 98
40 70
41 57
41 75
41 80
41 89
42 119
43 75
44 75
45 70
47 78
47 96
47 110
49 57
49 74
50 76
50 90
50 107
52 70
55 60
55 81
55 101
55 109
56 94
57 104
59 75
60 73
61 116
62 95
62 111
62 115
62 117
65 97
66 94
67 70
68 83
69 83
69 94
69 116
70 98
73 83
75 88
75 95
79 108
79 109
80 88
80 106
81 112
82 87
85 116
87 101
90 97
92 94
93 111
95 118
97 109
98 108
98 115
100 108
102 119
103 120
105 116
107 118
109 115
115 116
