100 144
1 12
1 21
1 86
2 87
3 46
3 47
4 11
4 96
5 54
5 56
6 14
6 91
7 39
7 87
7 88
7 90
7 98
8 78
9 23
9 89
10 21
10 97
11 23
12 34
12 35
12 65
12 71
12 85
13 25
13 30
14 16
14 26
14 40
14 48
14 91
15 21
15 39
15 56
15 63
17 79
17 99
18 19
18 57
19 31
19 37
19 49
20 36
20 39
20 64
21 28
21 51
22 43
22 58
22 64
22 69
22 93
23 52
23 58
23 95
24 25
24 50
25 26
25 38
25 77
26 64
26 68
27 87
28 47
28 74
29 46
29 50
29 71
30 77
30 96
32 54
32 58
32 80
32 95
33 57
33 98
36 49
36 69
36 72
36 76
36 81
36 99
37 49
37 71
37 82
37 98
39 81
40 78
41 63
42 49
43 92
44 48
44 75
45 68
45 84
46 99
47 81
47 100
49 78
50 72
50 81
53 75
54 61
55 90
55 98
56 60
56 83
56 100
57 73
57 85
57 86
58 64
59 62
59 65
59 76
61 76
62 63
63 92
64 85
66 87
67 68
68 91
69 73
69 74
70 98
71 98
74 90
75 84
75 85
76 88
76 97
78 79
78 89
79 99
81 96
82 96
88 98
90 94
92 96
98 99
