120 152
1 30
1 69
1 76
2 14
2 23
3 31
3 89
4 14
5 33
5 50
5 81
5 94
5 95
5 104
6 23
6 115
7 14
7 55
8 58
8 101
9 110
10 26
10 88
11 94
12 28
12 105
12 109
12 119
13 63
13 111
14 66
14 91
15 116
16 55
17 22
17 104
18 110
19 115
20 76
21 40
22 34
23 66
23 92
23 97
24 50
25 54
25 116
26 60
26 116
27 67
27 69
28 33
28 71
28 73
28 102
28 111
29 32
30 32
31 69
32 45
32 101
33 66
33 80
34 53
34 63
34 90
34 95
35 54
36 49
37 40
38 46
39 112
40 68
40 81
40 89
40 97
41 46
42 98
43 111
44 76
46 56
46 59
46 119
47 49
48 53
48 67
48 100
48 101
48 106
49 73
49 105
50 52
50 96
51 112
53 71
53 78
53 108
54 72
54 87
54 109
55 103
55 114
55 119
56 99
57 78
58 64
58 70
58 97
59 101
60 98
61 110
62 111
63 89
65 77
65 88
66 116
68 84
69 74
69 101
71 97
71 101
75 80
75 88
76 109
77 115
78 99
78 117
79 89
80 89
80 110
80 115
82 84
83 94
84 93
84 105
85 99
86 99
87 102
88 105
89 90
89 103
94 120
97 99
98 118
98 119
101 112
102 104
104 113
107 115
108 112
109 111
111 115
