500 637
1 456
2 49
2 175
2 271
2 277
2 315
3 210
3 293
3 349
3 411
4 199
5 368
6 116
7 80
8 90
8 126
8 177
8 240
9 154
9 203
9 300
9 458
9 473
10 161
10 212
11 62
11 468
12 116
12 451
13 59
13 276
14 224
15 129
15 400
15 439
16 249
17 42
17 124
17 375
17 475
18 164
18 430
19 242
19 490
20 212
20 444
21 248
21 282
21 291
21 376
22 169
22 215
22 217
22 222
22 240
22 358
23 100
24 118
24 232
24 439
24 464
25 32
25 61
26 63
26 386
26 459
26 469
27 199
27 243
28 61
28 353
28 447
28 452
29 106
29 162
29 269
29 287
30 151
30 368
31 458
32 157
32 279
32 391
32 421
33 76
33 108
33 250
33 314
33 323
34 169
34 401
35 242
35 361
36 97
37 223
37 259
37 300
37 399
38 66
38 103
38 187
38 218
39 266
39 281
40 339
41 381
42 224
42 284
42 424
43 272
44 53
44 345
45 340
46 318
46 349
47 453
47 493
48 53
48 92
48 144
48 334
48 456
50 500
51 189
51 244
51 406
52 196
53 207
53 366
54 164
54 181
54 420
55 208
55 300
56 361
57 295
58 353
59 187
59 344
59 363
60 320
61 149
61 151
61 431
61 466
62 88
62 326
62 333
64 361
64 430
64 491
65 455
66 333
67 281
68 242
69 127
69 161
69 413
69 420
70 265
70 271
70 300
70 346
71 341
71 387
72 168
72 276
73 265
73 314
73 330
73 447
74 109
74 224
74 490
75 430
76 227
77 144
77 490
78 353
79 286
79 295
80 280
80 285
80 287
81 370
82 407
83 191
84 325
84 407
85 119
85 400
85 424
86 246
86 325
86 381
87 96
87 155
87 465
87 477
89 212
89 403
91 243
92 148
92 287
92 321
93 266
93 270
93 411
93 435
94 140
94 326
94 368
94 384
94 483
94 499
95 217
95 441
97 236
97 314
97 463
98 164
98 284
99 196
99 261
100 227
100 327
100 346
101 410
102 164
103 160
104 439
105 211
107 111
107 387
107 422
107 464
108 178
109 155
109 359
110 356
111 117
111 130
111 241
111 290
112 180
112 372
112 452
113 340
114 281
115 249
115 321
115 440
115 483
115 496
116 136
116 206
117 188
117 322
118 170
118 354
118 438
119 184
120 182
120 393
120 416
120 433
120 474
121 143
121 455
122 417
123 229
124 256
125 309
125 411
125 437
125 471
126 312
126 406
128 199
129 430
131 313
132 171
132 211
133 138
133 384
133 458
134 192
134 257
134 440
134 445
135 409
137 171
138 190
138 371
138 378
138 496
139 495
141 334
142 171
142 281
142 400
142 447
143 320
144 368
144 436
145 362
146 275
147 151
147 196
147 318
147 447
148 211
148 228
148 345
149 340
150 264
151 249
151 260
151 457
152 229
153 369
154 477
156 249
157 325
158 196
158 249
158 370
158 452
159 385
160 385
161 212
161 233
161 495
163 264
164 348
164 483
165 195
165 319
165 462
165 479
166 255
166 289
166 307
166 436
167 439
168 306
168 419
168 451
169 262
171 372
171 373
171 430
172 347
173 304
173 339
173 430
173 464
174 409
175 387
176 489
177 400
177 447
178 252
179 322
179 404
180 264
181 263
181 338
181 440
181 442
183 318
184 283
184 432
184 433
184 496
185 203
185 256
185 360
185 368
185 443
185 459
186 489
187 282
187 412
187 441
188 208
189 254
189 349
189 350
191 388
191 470
191 486
193 228
193 381
194 221
194 246
194 288
194 434
196 405
196 485
197 408
197 441
198 456
199 417
199 433
200 347
201 359
202 251
202 287
202 390
202 396
204 394
205 356
205 418
206 330
206 362
206 417
207 288
208 454
208 462
209 345
209 447
210 213
210 265
210 412
211 264
211 336
211 484
213 383
213 421
213 451
213 477
214 303
214 311
214 352
214 481
214 491
216 252
219 318
220 409
222 410
224 294
224 308
224 405
225 452
226 252
226 425
228 292
228 312
228 364
228 400
229 271
229 343
230 235
230 244
230 310
230 329
230 451
231 345
232 238
232 402
232 491
233 289
233 395
233 433
234 353
235 275
236 294
237 458
239 410
240 370
240 412
242 288
242 403
243 293
243 298
243 341
244 256
245 293
245 297
245 328
245 444
245 458
246 332
246 387
247 453
249 379
249 421
249 477
249 498
252 363
252 451
253 325
258 265
258 321
258 395
260 477
261 334
262 346
262 364
262 467
264 311
264 319
267 332
267 428
268 495
271 381
272 358
272 408
272 414
272 470
273 325
274 340
275 450
275 496
276 365
277 394
278 441
281 348
283 442
284 355
284 397
285 500
286 356
287 307
288 380
288 383
289 359
289 394
291 380
291 409
291 490
293 369
295 410
295 426
295 477
296 456
299 339
299 447
299 487
300 410
301 383
302 313
304 316
304 323
304 423
305 359
308 439
309 331
309 386
311 330
311 458
313 346
313 382
314 411
314 453
317 381
320 415
320 427
321 424
321 435
321 485
322 460
322 462
324 417
325 411
326 330
326 361
326 407
331 495
332 356
332 425
332 448
332 483
334 377
335 400
337 489
339 487
340 349
341 459
342 422
345 449
347 427
347 461
349 500
351 362
356 496
357 383
361 374
362 406
365 379
365 389
365 477
367 500
368 394
368 408
368 428
368 459
368 488
369 392
369 492
370 468
371 478
373 422
373 491
380 395
380 470
383 429
385 421
385 494
387 398
387 472
391 435
392 416
393 452
394 480
395 464
401 404
401 470
401 482
407 497
412 441
412 462
417 446
418 453
422 488
424 427
424 459
425 428
427 489
440 455
445 489
446 481
453 487
455 476
476 489
478 500
