350 435
1 12
1 52
2 298
3 28
3 127
3 133
3 164
3 267
4 51
5 105
5 108
5 158
5 271
6 31
6 331
6 338
7 302
8 38
8 57
8 128
8 189
9 73
9 273
9 279
9 323
10 53
11 118
11 253
11 257
11 314
12 19
12 179
12 192
12 259
12 298
13 266
14 16
14 35
14 93
14 143
15 87
15 218
16 245
17 203
17 276
18 124
19 50
20 310
21 90
21 158
21 304
21 309
22 276
23 277
24 37
24 183
25 217
26 268
27 287
29 159
29 275
29 283
29 305
29 306
30 114
30 218
30 250
31 310
32 57
32 114
32 186
32 285
33 247
33 326
34 48
35 195
36 302
37 44
37 67
37 98
37 194
37 337
39 59
39 214
39 315
39 340
40 205
41 229
42 63
42 65
42 100
42 304
43 277
44 91
44 105
44 115
44 331
45 205
46 114
46 177
46 301
47 146
47 289
47 346
48 227
48 237
48 252
49 65
50 213
51 168
51 243
51 321
52 78
53 88
53 265
53 283
53 343
54 215
54 217
55 138
55 205
55 215
55 322
56 181
56 211
57 266
57 271
58 199
58 208
58 209
58 332
60 115
60 311
61 326
62 120
62 130
62 181
62 276
62 286
63 97
63 146
63 293
63 297
64 149
64 239
65 83
65 188
65 315
66 140
67 130
68 193
68 195
68 222
68 227
69 90
69 324
69 334
69 336
70 203
71 180
72 153
72 161
72 232
72 270
74 184
74 255
74 272
74 350
75 174
76 119
76 215
77 91
77 286
78 107
78 182
78 230
79 171
79 335
80 126
80 287
81 326
82 102
82 104
82 110
82 255
82 290
83 181
84 255
84 287
85 200
86 205
87 200
88 287
89 97
89 111
90 143
90 273
90 298
90 320
91 144
91 236
92 215
93 333
94 122
94 243
95 218
96 163
96 238
96 269
96 315
97 122
98 105
99 282
99 298
100 173
100 225
100 278
101 207
102 105
102 326
102 346
103 274
104 123
105 227
106 126
107 217
107 248
107 309
108 118
108 273
108 283
109 132
109 196
111 159
111 170
111 265
111 348
112 180
113 175
114 275
115 148
115 234
115 349
116 337
117 331
118 140
118 233
119 174
120 240
120 299
120 317
121 126
122 198
122 256
122 283
123 158
123 185
123 286
123 322
124 227
124 244
124 344
125 229
126 246
126 283
126 347
129 266
130 169
130 178
130 295
131 175
131 206
131 277
132 143
132 201
132 342
133 226
134 175
134 340
135 186
135 274
136 254
136 303
136 308
136 315
137 200
138 142
138 216
138 281
139 155
140 152
140 329
141 203
143 262
145 149
147 177
148 213
148 304
148 345
149 288
149 333
150 262
151 177
152 188
153 308
154 203
154 229
154 309
154 325
155 166
155 288
155 330
156 335
157 180
159 180
159 304
160 162
162 202
162 204
162 241
164 260
165 264
167 325
168 175
168 181
168 271
170 287
171 174
172 276
174 273
176 325
177 232
181 239
181 242
183 197
183 228
183 232
183 306
183 341
184 307
185 195
185 267
185 332
185 347
185 350
186 227
186 311
187 346
190 262
191 229
192 310
194 335
195 332
196 282
200 202
202 277
202 286
203 307
206 213
207 249
207 267
207 300
208 213
210 250
211 250
212 248
213 223
215 219
215 319
217 313
218 255
219 345
220 345
221 268
224 337
226 251
226 258
226 328
229 268
231 264
232 286
233 247
233 276
233 318
233 327
235 262
239 270
244 327
245 312
245 315
248 284
248 338
250 283
250 343
250 350
251 264
251 268
251 322
255 282
255 322
257 269
259 266
260 282
261 274
263 339
264 289
265 287
267 337
268 292
271 315
273 287
274 347
275 291
277 296
280 318
280 346
281 345
288 302
288 309
291 312
294 337
297 331
298 339
301 325
302 311
304 332
306 323
310 332
312 316
312 347
313 333
320 345
324 345
325 343
332 335
