400 459
1 50
1 145
1 340
1 355
1 361
2 101
2 219
3 219
3 259
4 47
4 88
4 142
4 206
5 350
6 255
7 24
7 100
7 108
7 123
7 166
8 48
8 94
8 106
8 284
9 75
10 164
11 153
12 46
12 129
13 49
13 87
13 192
13 258
13 271
13 369
14 128
14 188
15 175
15 234
16 287
16 390
17 144
18 129
19 129
20 75
20 325
21 251
21 280
21 304
21 358
22 189
23 331
23 349
24 297
25 325
26 235
27 102
28 255
29 36
29 277
29 297
29 311
30 296
31 153
32 80
32 98
32 157
32 263
33 161
33 162
33 248
33 382
34 144
35 281
36 62
36 152
36 170
36 392
37 135
37 147
38 163
38 233
38 238
38 260
38 354
38 359
39 111
40 133
40 158
40 202
40 230
40 303
40 316
41 129
41 139
41 172
41 394
42 348
43 239
44 125
44 170
44 201
44 294
45 51
46 298
47 62
47 125
47 171
47 375
51 77
51 112
51 279
52 109
52 128
52 308
52 400
53 126
53 261
53 279
53 389
54 236
54 238
54 271
54 299
55 395
56 229
57 147
58 234
59 100
59 127
59 171
59 280
60 141
60 168
60 210
60 270
61 83
63 94
63 137
63 266
63 362
64 400
65 82
66 154
66 364
67 188
68 224
69 337
70 154
70 315
70 380
70 382
71 124
71 199
71 246
71 271
71 336
72 81
72 267
73 343
74 111
75 157
75 293
76 217
76 254
78 307
79 386
81 182
81 241
81 351
82 97
82 151
82 186
83 135
83 244
83 333
84 153
84 226
84 255
84 260
84 311
84 390
85 172
86 255
88 167
88 195
88 378
89 198
90 142
91 119
91 190
91 218
91 221
91 232
92 244
92 390
93 144
94 325
94 363
94 380
95 185
95 282
95 283
95 355
96 296
99 128
99 204
100 224
100 239
101 265
101 363
101 372
102 194
102 312
102 314
102 388
103 229
104 262
105 349
107 257
107 329
109 286
109 328
109 338
109 390
110 206
111 125
111 249
111 280
113 198
113 234
113 264
113 307
114 257
115 191
115 225
115 291
115 314
116 400
117 139
118 364
120 147
121 329
122 231
125 281
127 147
127 181
127 235
128 305
129 158
130 138
131 257
132 275
132 319
134 172
134 335
135 298
135 329
135 394
136 267
136 329
138 148
138 313
138 340
139 309
139 341
140 250
142 253
142 369
143 307
143 388
144 214
146 278
148 264
148 364
148 395
149 310
150 343
150 386
153 384
155 318
156 298
157 300
157 349
158 343
159 181
160 180
160 371
164 205
164 218
164 397
165 387
169 387
171 187
171 300
172 330
173 219
174 285
175 202
175 274
175 398
176 206
177 390
178 234
179 189
180 252
180 288
180 382
181 183
181 192
182 285
182 300
182 310
184 187
184 264
184 311
184 322
186 216
186 250
186 308
187 240
187 248
188 214
188 230
188 381
189 242
189 273
189 279
189 387
191 255
191 391
193 198
196 218
196 237
196 254
196 360
197 353
198 269
199 235
200 325
202 217
202 264
202 396
203 219
203 386
204 206
204 386
206 371
207 224
208 231
209 285
210 257
210 377
210 387
211 229
212 263
212 278
213 318
214 228
214 350
215 234
216 287
216 289
216 290
217 354
217 356
218 300
219 375
220 250
221 353
222 239
223 319
224 385
226 296
226 337
226 377
226 386
227 379
228 260
228 322
228 355
229 375
231 280
231 285
231 321
231 355
235 242
239 245
240 308
240 377
240 394
243 298
243 350
247 262
247 318
247 319
247 322
250 399
252 372
256 297
257 326
258 386
259 349
260 353
260 357
262 331
262 393
267 357
268 281
271 311
272 317
275 394
275 395
276 317
276 374
277 301
277 367
277 391
278 314
278 323
279 394
280 343
281 347
285 345
292 297
295 350
296 320
300 381
300 388
302 400
306 395
307 388
308 314
310 324
310 376
317 370
317 375
318 383
319 335
322 363
325 342
327 348
329 339
332 379
334 364
337 346
337 365
339 350
344 386
348 355
348 374
352 379
353 373
357 366
357 396
363 379
368 387
377 382
386 387
