250 273
1 16
1 79
1 133
1 239
2 102
2 197
3 191
4 225
5 177
6 72
6 179
6 199
7 17
7 37
7 174
7 190
8 130
8 165
8 183
8 212
9 91
9 104
9 192
9 250
10 191
11 28
12 51
12 57
12 75
12 122
12 229
13 25
14 59
14 90
14 101
14 121
15 171
16 67
16 87
16 219
18 102
18 229
18 234
18 243
19 133
20 96
21 193
22 204
23 100
23 121
23 231
23 242
24 206
25 132
25 158
25 163
25 244
26 73
27 193
28 62
28 139
28 217
29 97
29 125
29 178
29 245
30 72
30 109
30 119
30 154
31 199
32 128
33 78
34 242
35 100
36 81
36 153
37 63
37 73
37 81
37 229
38 243
39 101
39 185
39 215
39 229
40 144
41 54
41 149
41 179
41 217
41 241
42 59
42 128
42 129
42 225
43 46
43 80
43 90
43 166
44 207
45 56
45 200
45 236
45 240
46 142
47 52
47 191
48 85
49 202
50 102
51 83
51 114
51 180
52 112
53 171
55 81
56 81
56 202
56 215
57 127
57 172
57 196
58 194
59 192
59 205
60 138
61 96
63 140
63 153
63 221
64 75
65 78
65 79
65 96
65 191
66 167
68 243
69 187
70 177
71 242
73 110
73 208
74 222
75 111
75 192
75 209
76 78
77 234
78 164
79 101
79 244
81 143
82 129
84 90
84 170
84 210
84 230
84 246
85 115
85 124
85 152
85 238
86 222
88 207
89 122
90 193
91 159
92 194
92 200
93 133
94 187
95 134
96 124
97 201
98 155
99 167
100 159
100 213
102 201
102 219
103 239
105 128
105 211
106 206
107 204
108 239
109 169
109 207
109 215
112 118
112 146
112 187
113 158
113 185
113 189
113 194
115 138
115 144
115 185
116 144
117 231
118 123
120 129
121 130
121 187
122 216
122 230
123 222
125 177
125 185
125 212
125 220
126 189
128 203
129 137
130 134
130 206
131 135
131 136
131 141
131 205
133 186
134 233
134 235
138 218
138 223
142 204
144 179
145 158
147 202
148 189
150 225
151 220
155 175
155 237
155 244
156 207
157 239
158 160
158 197
161 171
161 189
162 231
167 182
167 192
167 234
168 169
168 223
169 214
169 226
171 176
171 217
173 177
181 202
184 234
188 220
189 223
193 198
194 248
195 231
199 205
199 224
204 205
206 211
213 246
215 217
220 247
222 244
225 232
227 242
228 243
234 249
