300 326
1 130
1 140
1 150
1 271
2 86
3 261
4 72
5 56
6 183
7 148
8 42
9 247
10 11
11 107
11 196
11 219
12 184
12 210
13 49
13 86
14 42
15 37
15 101
15 151
15 156
16 163
17 85
18 66
19 183
20 184
20 193
21 268
22 62
22 129
22 170
22 228
23 26
23 27
23 83
23 254
24 52
24 69
24 173
24 180
25 119
27 131
27 145
27 217
28 29
29 79
29 98
29 153
30 295
31 215
32 144
32 196
32 264
32 293
33 104
33 217
34 295
35 239
36 280
38 226
39 48
39 133
39 216
39 289
40 86
41 195
42 118
42 186
43 71
43 280
44 103
45 90
45 95
45 118
45 124
46 97
47 291
49 128
49 189
50 79
50 80
50 131
50 192
50 255
51 66
51 92
51 163
51 236
51 269
53 247
54 253
55 63
55 97
55 111
55 138
56 106
56 149
56 160
56 213
57 210
58 76
58 106
58 164
58 276
59 94
59 184
59 236
59 275
60 192
61 275
63 64
63 96
63 109
63 140
64 86
64 183
64 295
65 120
65 203
65 236
65 268
66 187
66 197
67 116
68 225
70 118
70 152
70 167
70 180
71 282
72 179
72 198
72 200
73 163
74 284
75 119
77 221
78 103
79 213
79 277
80 253
80 258
80 280
81 217
82 211
84 103
85 106
85 110
85 148
85 204
87 206
88 225
89 145
91 275
92 136
92 218
92 223
92 267
93 184
94 123
94 159
94 252
96 103
96 116
96 117
97 273
97 297
99 189
99 192
100 277
101 210
101 227
101 290
102 280
104 154
104 176
104 244
104 288
105 285
106 235
108 217
108 222
109 127
109 236
109 248
111 141
111 157
111 263
112 203
113 277
114 283
115 253
116 224
116 272
117 188
117 260
117 284
117 294
118 226
119 150
119 222
120 128
120 212
120 287
121 206
122 277
125 138
126 268
127 131
127 152
131 150
131 233
132 223
133 211
133 220
133 248
133 285
134 165
135 195
137 213
138 161
138 251
139 189
140 178
142 268
143 284
145 214
145 230
145 231
146 221
147 258
148 176
148 231
148 242
150 239
152 235
152 290
155 227
158 291
162 165
162 237
163 185
163 229
165 234
165 299
166 247
167 221
167 278
167 282
168 203
169 278
170 208
170 215
170 235
171 278
172 223
174 225
175 253
176 205
176 290
177 227
178 282
179 206
179 248
179 283
180 195
180 223
181 211
182 225
182 230
182 284
182 290
182 291
183 209
184 194
185 291
186 273
189 262
189 299
190 282
191 283
192 257
193 275
195 265
196 216
196 247
196 248
197 274
199 226
201 261
202 205
203 249
205 255
205 269
206 266
207 285
208 256
208 259
208 274
210 279
211 246
213 235
213 241
213 298
215 232
215 270
220 227
220 271
221 300
223 243
226 250
233 258
235 299
237 284
238 261
239 286
239 296
240 278
245 283
261 299
281 285
292 295
