80 106
1 17
1 41
2 30
2 49
3 69
4 8
5 28
5 59
5 66
6 44
6 54
6 64
6 69
7 54
7 58
7 66
7 78
8 9
8 20
8 26
8 47
8 65
9 17
9 36
9 54
9 56
10 12
10 34
10 59
10 68
11 12
11 37
11 43
11 49
11 73
12 54
13 17
13 36
13 59
14 18
14 43
15 28
15 37
15 42
15 62
15 69
16 20
16 30
17 23
17 74
19 44
21 26
21 46
22 42
22 58
24 68
25 34
26 27
26 37
26 41
26 80
27 69
29 49
30 43
30 77
31 34
32 59
32 73
33 78
34 56
35 69
36 40
36 76
37 50
37 80
38 45
38 64
39 43
39 66
40 50
43 54
44 53
44 72
45 49
46 64
47 54
47 68
48 68
48 78
49 52
50 66
51 78
55 66
57 58
58 75
59 63
59 70
60 80
61 64
62 79
67 73
67 80
69 73
71 78
73 74
79 80
