160 198
1 5
1 14
1 17
1 84
1 145
2 84
3 129
3 146
4 95
5 69
5 97
5 130
6 141
7 68
8 25
8 55
8 146
9 13
9 89
10 67
10 98
10 120
10 154
11 71
12 42
12 63
13 21
13 150
14 40
14 50
14 146
15 71
15 81
15 95
15 111
16 96
17 66
17 119
17 127
18 36
18 48
18 102
19 47
19 114
20 66
20 84
21 89
22 48
23 35
23 158
24 45
24 92
24 97
25 38
25 146
25 148
26 53
26 133
26 137
26 145
26 155
27 158
28 123
29 111
30 45
31 142
32 61
32 123
33 105
34 73
35 67
35 80
35 100
35 104
35 108
36 47
36 65
36 154
36 156
37 96
39 102
39 110
39 112
39 139
40 47
40 89
40 140
41 51
42 44
42 60
42 132
42 146
43 61
43 103
45 46
45 110
47 100
48 63
48 74
48 126
49 150
50 65
50 81
51 76
51 124
51 126
51 130
52 149
53 142
54 125
55 74
55 79
55 92
55 103
56 141
57 68
58 129
58 132
59 123
60 71
60 124
60 146
61 78
61 91
61 115
62 95
63 133
64 122
65 74
65 88
65 155
67 125
67 126
68 88
68 94
68 144
70 93
70 121
70 138
70 141
70 155
71 143
72 123
73 99
73 114
73 146
74 122
74 158
75 125
77 89
78 140
81 113
81 126
82 105
82 115
83 142
84 101
85 111
86 149
87 113
87 123
87 129
87 141
88 105
88 142
90 140
94 96
95 134
96 155
98 116
100 108
100 117
105 160
106 158
107 109
107 122
109 137
110 113
110 149
110 150
111 151
113 115
115 137
115 150
116 149
117 137
118 124
118 160
122 131
124 156
124 157
125 153
128 141
129 152
135 150
136 140
137 159
142 147
