140 157
1 22
2 124
3 40
3 70
4 114
5 114
6 28
6 49
6 73
6 113
7 21
7 72
7 104
7 113
8 50
9 85
9 86
9 93
9 105
10 73
11 139
12 120
13 58
13 107
14 19
14 139
15 50
16 40
16 54
17 120
18 41
18 43
18 98
18 100
19 140
20 120
21 24
21 30
21 38
22 60
22 79
23 33
23 117
23 130
23 134
25 49
26 60
26 67
26 97
26 130
27 60
27 99
28 55
28 81
28 84
29 134
31 37
31 42
31 51
31 116
32 137
33 87
33 97
33 115
33 127
34 47
35 95
36 99
37 113
37 130
39 47
40 97
40 132
41 47
41 113
41 124
42 95
42 121
42 125
43 68
44 78
44 117
45 140
46 70
47 57
48 107
49 78
49 94
50 88
50 105
51 56
51 107
51 120
52 80
52 121
53 56
54 137
56 92
56 123
57 71
57 138
58 124
59 124
60 64
60 91
61 104
62 140
63 95
65 68
65 112
66 72
66 139
67 70
67 101
67 139
67 140
68 121
69 75
69 97
69 103
69 133
70 89
70 129
71 112
72 116
72 128
72 138
73 102
73 135
74 125
76 81
76 134
77 107
79 139
80 117
82 110
83 99
90 108
90 121
95 96
97 137
99 105
101 110
104 131
104 136
105 130
106 117
108 134
109 137
110 116
110 118
111 112
112 116
114 116
114 122
119 125
125 126
