350 435
1 228
1 280
1 297
1 309
2 41
2 185
3 90
4 276
5 180
5 315
6 59
6 67
6 141
6 228
7 30
7 76
7 191
7 216
8 16
8 96
8 104
8 276
8 320
9 138
9 331
10 21
10 32
10 256
10 285
10 324
11 74
11 190
11 245
11 275
11 279
12 108
12 123
12 248
12 344
13 23
13 312
14 133
15 210
15 213
15 243
15 301
16 102
16 127
16 129
17 225
18 22
19 52
19 128
19 215
19 269
20 269
22 165
22 272
22 280
23 133
23 186
23 221
24 27
24 41
24 125
24 150
24 183
24 217
24 261
25 153
26 161
26 173
26 277
26 346
27 245
27 251
27 341
28 341
29 55
29 75
31 185
33 60
33 111
33 126
33 243
33 266
33 295
34 150
34 155
34 187
34 286
34 289
35 55
35 129
35 189
35 193
35 314
36 225
37 152
37 290
38 325
39 77
39 149
39 287
40 50
40 109
40 144
40 148
41 111
41 172
41 195
41 201
42 57
42 93
42 171
42 263
42 285
43 47
43 84
43 99
43 155
43 243
44 144
45 164
46 236
48 51
48 100
48 224
48 280
49 291
50 275
50 288
50 307
52 168
52 231
52 343
53 85
54 178
54 274
56 112
57 149
57 320
57 325
57 335
58 222
61 161
61 227
61 241
61 248
61 335
62 63
62 89
63 143
63 191
63 336
64 178
65 284
66 84
66 125
67 272
68 290
68 305
69 178
70 348
71 247
72 153
72 219
72 267
73 85
73 148
73 179
73 223
73 332
74 208
74 212
74 320
75 246
75 259
75 287
77 85
77 143
77 257
78 91
78 240
79 182
79 343
80 153
80 173
80 195
81 84
82 131
82 245
82 269
83 92
83 151
83 169
83 264
83 299
84 96
84 116
84 300
85 140
86 284
87 167
87 207
87 256
87 342
88 348
89 285
90 110
90 196
90 271
90 321
91 122
91 259
91 302
94 212
95 103
95 120
96 106
96 115
96 170
97 106
97 276
98 112
100 319
101 182
102 153
103 113
103 133
103 134
103 280
104 198
104 249
104 294
105 151
106 160
106 205
106 243
107 218
109 213
109 234
109 254
109 270
110 247
111 202
111 238
111 300
112 117
112 262
113 147
114 152
114 255
115 147
115 244
115 339
117 171
118 179
119 295
120 333
121 212
121 223
124 247
126 310
128 186
128 262
128 297
128 330
129 141
130 184
131 180
132 295
133 344
135 170
136 170
136 285
137 179
138 239
138 298
138 309
139 222
142 333
144 206
144 235
144 341
145 212
146 338
147 285
148 160
148 161
149 197
149 209
150 278
150 318
151 205
151 240
151 331
152 157
152 265
153 177
153 303
153 330
154 225
155 219
156 184
158 349
159 160
159 194
159 266
159 297
160 193
160 320
161 218
162 269
163 295
164 174
164 253
164 304
166 305
168 239
170 175
170 252
174 182
174 260
174 323
176 215
177 276
178 205
179 319
180 243
180 273
181 278
182 211
184 265
184 290
185 280
185 337
186 285
187 345
188 278
191 260
191 285
192 223
193 300
193 305
193 332
194 260
194 318
194 344
197 326
199 278
200 208
202 267
203 212
204 264
204 341
205 236
205 301
208 258
208 347
213 229
214 332
215 315
215 329
218 237
218 253
218 311
219 312
220 332
222 271
222 313
223 274
223 277
225 228
226 283
226 293
226 309
226 328
228 284
229 267
230 291
231 303
232 251
232 257
232 271
232 296
233 323
236 281
236 287
236 308
238 242
238 316
238 317
244 256
247 259
250 325
251 336
255 305
256 333
256 344
257 341
259 318
260 299
261 333
262 341
262 349
265 318
265 348
267 283
267 330
268 325
270 326
271 300
280 334
280 340
282 323
284 322
286 335
291 310
291 330
292 349
295 299
297 300
299 338
302 336
303 310
306 338
309 312
312 350
323 327
326 348
332 334
338 340
342 347
345 349
