160 237
1 32
1 50
1 103
1 113
2 55
2 112
2 133
2 135
3 12
3 120
4 21
4 51
4 65
4 73
4 146
5 10
5 139
6 46
6 47
6 86
6 123
6 126
6 132
7 98
7 107
7 143
8 131
9 43
10 22
10 27
10 94
10 160
11 125
11 150
11 156
12 18
12 24
12 67
12 75
12 126
12 130
12 142
13 92
13 102
14 30
14 138
15 37
15 74
16 33
16 48
16 72
16 106
16 135
16 140
17 93
17 101
17 120
17 132
17 150
18 30
18 97
18 121
18 124
19 102
19 120
19 152
20 29
20 63
20 65
20 78
21 56
21 70
21 99
21 150
22 150
23 70
23 131
23 145
24 105
24 110
24 140
24 153
25 72
25 99
26 51
26 56
26 80
27 81
27 102
27 109
27 142
28 85
28 130
28 159
30 67
30 92
31 36
31 82
31 107
31 116
31 138
32 100
33 75
33 100
33 112
34 130
34 150
35 123
35 132
35 156
36 53
36 115
37 42
37 53
37 78
37 136
38 115
38 146
39 70
39 129
40 104
40 132
41 104
41 144
41 150
42 141
43 45
43 107
43 114
44 130
45 136
46 83
46 145
46 151
47 59
47 117
47 147
48 62
48 76
48 134
48 150
48 159
49 134
51 119
51 132
52 120
52 123
52 143
53 118
54 70
56 109
56 127
57 134
58 96
60 101
61 118
62 115
62 119
62 135
64 93
64 106
64 152
65 95
65 122
65 138
66 111
67 138
68 99
69 130
70 126
70 138
71 92
73 92
73 98
73 118
74 118
75 78
75 98
77 85
77 107
77 137
77 139
79 111
80 96
80 104
81 127
81 143
81 154
81 156
82 113
84 101
84 146
84 150
86 104
86 122
87 125
87 131
88 118
89 111
89 159
90 152
91 115
92 95
92 157
93 99
96 125
96 129
96 136
97 123
98 105
100 122
100 143
101 155
102 146
102 148
104 113
107 119
108 144
108 152
111 113
113 142
115 149
118 134
118 140
119 142
122 144
122 146
123 158
128 131
128 134
129 155
131 135
132 136
134 158
136 152
138 141
157 159
