200 312
1 78
1 85
1 105
1 120
2 33
2 102
2 143
2 195
3 86
3 170
4 87
4 129
5 62
5 107
5 124
5 191
6 109
7 162
8 76
8 151
9 28
9 53
9 147
10 30
10 129
10 150
10 156
10 159
10 168
10 182
11 177
11 190
12 56
12 76
12 96
12 104
12 122
12 134
12 177
13 47
13 121
13 124
13 182
13 199
14 17
14 45
14 197
15 23
15 37
16 42
17 83
17 116
17 164
17 188
18 127
19 86
19 142
20 126
20 159
21 77
21 110
21 137
21 146
21 177
21 190
22 105
22 128
22 130
22 184
23 179
23 186
24 45
24 67
24 76
24 92
24 152
25 125
25 130
26 54
26 98
26 134
26 185
26 194
27 65
27 122
28 57
28 93
28 151
28 155
29 82
29 83
29 180
30 127
31 33
31 95
32 43
32 122
32 157
32 161
32 177
32 196
33 93
33 153
33 154
34 36
34 154
35 42
36 95
36 146
37 49
37 71
37 84
37 117
37 146
37 182
37 196
38 126
39 50
39 59
39 63
39 77
39 88
39 100
39 198
40 75
40 161
41 135
42 49
42 61
42 68
42 97
42 183
44 55
44 105
45 66
45 74
45 148
45 168
46 137
46 141
46 142
46 179
46 184
48 186
49 93
49 97
49 176
51 118
52 109
53 146
54 181
55 61
55 74
55 82
55 100
55 145
55 185
56 63
56 81
56 93
57 79
57 149
57 167
58 87
59 185
59 197
60 91
60 116
62 161
62 193
63 64
63 100
63 124
64 86
64 95
64 118
65 122
65 139
65 175
65 187
68 119
69 135
70 115
71 194
72 170
72 171
73 131
73 146
74 142
75 87
75 126
75 161
75 192
76 109
76 135
77 112
77 118
77 125
77 155
77 159
78 133
78 151
78 170
78 192
79 174
80 136
80 142
80 195
81 87
81 137
81 192
82 176
83 180
84 112
85 88
86 172
87 169
88 92
88 109
89 153
90 106
90 162
91 181
91 184
93 190
94 115
94 164
95 101
95 153
95 171
96 136
96 188
97 154
99 137
99 146
99 163
100 130
100 160
101 180
103 176
104 150
104 154
105 170
106 116
106 127
106 137
106 186
108 116
110 142
110 195
111 127
113 190
114 141
115 168
115 178
117 148
118 119
118 173
118 198
119 121
119 129
121 188
122 165
122 180
123 127
124 162
126 179
128 151
128 175
129 186
130 159
131 140
131 142
131 163
132 190
133 138
133 163
133 200
134 136
134 194
135 175
136 148
136 157
136 158
137 156
137 179
138 192
139 152
140 161
141 174
141 181
144 153
151 177
151 183
152 157
152 161
153 197
157 170
160 184
161 164
162 199
163 171
165 184
166 194
168 170
168 192
169 180
170 193
171 200
176 189
183 188
188 194
