250 369
1 86
1 213
2 151
3 11
4 11
4 27
4 33
4 122
4 136
4 190
5 61
5 111
5 112
5 146
5 160
6 138
6 200
7 197
8 64
8 179
9 219
10 100
10 116
11 51
11 119
12 86
13 64
13 109
13 164
14 196
15 71
16 67
16 217
17 41
17 43
17 49
17 180
17 187
17 219
18 200
19 31
19 53
19 91
19 200
19 234
20 92
21 59
21 68
21 139
21 205
21 241
22 26
22 70
22 138
22 229
22 231
23 30
23 90
23 124
23 154
24 222
25 78
25 109
25 220
26 98
26 127
26 135
27 29
27 159
27 185
27 244
28 184
28 212
29 63
29 113
29 155
29 219
30 64
30 70
30 141
31 40
31 78
31 230
31 237
32 190
33 136
34 217
35 63
36 82
36 219
37 232
37 236
38 85
38 184
38 188
38 236
38 249
39 103
39 247
40 138
40 178
40 206
40 241
41 156
42 57
42 130
42 191
43 143
43 230
44 197
45 78
45 100
45 162
46 200
47 63
48 77
48 124
49 72
49 192
49 223
49 231
50 228
52 196
52 205
53 75
53 83
53 248
54 185
54 222
55 204
55 212
55 233
56 71
56 120
56 183
57 63
58 155
59 60
59 66
59 159
59 211
60 172
60 196
60 197
60 241
61 238
62 73
62 89
62 114
62 239
64 93
64 156
64 221
65 77
65 104
65 179
65 234
66 82
66 174
66 247
67 172
67 209
68 178
68 191
68 202
69 86
70 85
70 105
70 183
70 231
71 125
71 141
72 102
72 142
72 166
73 101
74 91
75 98
76 91
76 156
77 95
77 126
77 144
77 201
78 132
79 143
80 122
80 147
81 91
82 108
82 176
82 186
83 166
83 244
84 87
84 114
84 151
84 184
84 234
85 116
85 136
85 158
85 162
86 106
86 117
87 131
87 182
87 199
88 151
89 113
89 156
90 183
90 198
90 224
91 117
91 123
91 125
91 212
91 242
92 153
92 171
92 196
92 210
92 244
93 146
93 215
93 240
93 250
94 143
96 147
97 223
99 104
99 208
100 132
100 191
100 197
101 122
101 207
101 209
102 156
102 187
103 174
104 145
104 177
105 159
105 202
106 232
107 154
109 111
109 120
109 245
110 143
110 218
111 147
111 203
111 231
112 241
113 132
113 139
113 203
113 209
113 239
114 149
114 208
114 221
115 197
116 165
116 170
116 188
117 202
117 231
117 232
118 141
118 191
119 135
121 228
124 168
124 192
125 127
127 210
128 195
129 174
130 178
130 211
131 161
131 215
133 136
134 219
136 175
137 151
138 146
138 210
140 223
141 180
141 222
141 228
143 211
146 194
147 225
148 222
149 243
150 232
151 240
152 176
152 200
152 248
153 249
154 206
154 238
155 204
155 213
156 217
156 244
157 229
158 179
159 234
160 187
161 178
162 186
162 194
163 179
164 195
165 239
167 216
169 228
171 195
172 181
172 202
172 227
172 242
173 195
174 189
175 237
178 201
178 248
179 208
180 233
181 209
182 212
184 190
185 229
185 236
188 229
190 193
190 220
193 218
194 247
195 211
196 203
196 214
200 225
202 209
204 223
208 231
209 212
210 225
211 217
212 215
216 218
216 227
216 244
217 246
219 222
219 226
219 232
223 243
228 248
233 247
235 247
