80 147
1 4
1 17
1 23
1 59
1 73
1 80
2 4
2 58
3 7
3 10
3 18
3 19
3 25
3 30
3 72
4 16
4 18
4 19
4 27
4 43
4 48
4 61
4 79
5 11
5 48
5 52
6 11
6 38
6 76
7 51
8 46
9 62
9 64
9 76
10 74
11 12
11 24
11 39
11 46
11 49
11 56
11 68
12 17
12 75
13 14
13 37
13 41
13 48
14 15
14 18
14 23
14 44
15 77
17 69
18 57
18 75
19 20
19 63
20 30
20 32
20 44
20 47
20 57
21 52
22 46
23 42
23 59
23 63
23 67
23 76
24 52
25 50
26 29
26 47
26 79
27 75
27 79
28 58
29 42
29 68
30 42
31 57
32 59
32 60
32 78
33 66
33 78
34 75
35 54
35 77
36 44
36 61
36 62
36 71
36 72
37 43
37 68
37 70
37 77
38 58
38 73
40 57
41 73
42 44
42 49
42 55
42 79
43 78
44 78
45 75
45 76
46 51
46 65
46 68
47 80
48 58
48 73
49 80
50 59
50 73
51 52
52 60
52 70
53 70
54 63
54 69
55 67
57 63
57 64
57 70
57 77
58 66
60 77
61 78
62 73
62 79
63 71
64 71
65 70
66 76
67 75
67 76
67 77
68 79
69 79
70 78
74 79
