160 179
1 122
2 50
2 71
2 105
2 129
3 38
3 54
3 82
3 118
4 100
5 70
5 103
5 137
5 148
6 154
7 17
8 79
8 124
9 21
9 27
9 45
9 120
10 13
10 28
10 143
10 156
11 142
12 53
13 22
13 107
13 159
14 73
15 49
15 111
15 137
15 158
16 47
16 58
16 65
16 131
16 137
17 23
17 37
17 134
18 26
18 44
18 61
18 150
18 158
19 54
20 68
22 53
22 82
22 102
22 108
24 145
25 154
26 149
29 54
30 90
30 126
31 146
32 33
32 51
32 111
32 116
34 38
35 145
36 52
37 91
37 100
37 146
38 39
38 147
40 97
40 118
41 79
42 159
43 122
45 83
45 133
45 154
46 124
48 138
49 82
49 83
51 141
52 96
52 113
52 158
53 93
53 117
54 102
55 144
56 120
56 144
57 127
57 142
57 144
59 107
60 69
60 87
60 101
60 150
62 108
63 105
63 140
64 118
65 157
66 146
67 157
68 127
68 149
68 158
69 91
69 122
69 140
72 79
72 119
73 76
73 78
73 151
74 138
75 133
76 83
76 145
76 157
77 140
78 149
79 135
79 137
80 126
81 133
82 91
83 88
84 142
85 159
86 92
86 99
86 110
86 111
87 97
88 124
88 138
88 144
89 108
90 124
91 129
94 159
95 144
96 120
97 117
98 138
100 114
100 153
104 107
106 154
107 116
107 123
108 155
109 145
109 154
111 142
112 117
115 119
117 130
118 152
119 121
119 129
119 141
122 128
123 126
125 140
126 129
126 132
133 160
136 157
139 146
154 157
