300 353
1 9
1 163
1 212
1 247
2 172
3 68
3 93
3 123
3 154
3 239
4 41
5 7
6 216
7 220
7 221
7 276
7 298
8 123
10 219
11 85
11 87
11 89
11 162
11 189
12 264
13 37
13 85
14 82
15 287
16 55
16 79
16 91
16 167
16 168
17 238
18 158
19 100
20 37
20 266
21 24
21 150
21 208
21 283
22 203
23 73
23 165
25 74
25 80
25 232
25 288
26 293
27 89
27 98
27 153
27 296
28 34
28 135
28 141
28 276
28 278
29 187
29 226
29 245
29 263
30 201
30 224
30 254
30 288
31 38
31 58
31 127
31 244
31 246
32 72
32 171
32 175
32 227
32 229
33 237
34 242
34 264
34 274
35 150
35 177
35 207
35 233
36 82
37 94
37 162
37 213
38 166
38 241
38 300
39 136
40 67
40 86
40 115
40 246
40 297
41 64
41 216
41 221
41 243
42 289
43 175
44 73
44 154
45 232
46 260
47 60
47 120
47 150
47 209
47 249
47 261
48 265
48 289
49 103
50 66
51 68
51 101
51 109
51 128
52 258
53 216
54 173
55 146
56 100
56 216
56 248
57 74
59 287
60 216
61 93
62 110
63 122
63 132
63 156
63 162
65 155
66 152
66 164
66 206
66 217
66 291
67 95
67 109
67 173
67 219
68 150
68 221
69 262
70 285
71 267
72 95
72 102
72 117
72 238
73 169
73 174
73 178
73 286
74 125
74 211
75 173
76 284
77 231
78 178
78 196
78 250
78 282
80 142
80 228
80 281
81 203
81 266
81 287
81 288
82 163
82 198
83 219
84 161
85 87
85 97
85 113
85 140
85 299
87 262
87 297
88 274
89 158
89 293
90 111
91 238
92 258
93 96
93 182
95 225
99 132
99 277
100 147
100 148
101 105
101 148
101 187
103 149
103 193
103 248
104 129
104 131
104 221
104 279
105 155
105 214
105 237
106 285
107 252
108 136
108 145
108 229
108 275
109 127
109 193
109 215
110 166
110 190
110 192
111 127
111 176
111 257
112 262
113 241
114 163
114 178
114 189
114 217
116 267
118 123
119 264
120 289
121 266
123 292
124 264
125 213
126 136
127 267
128 189
128 242
130 184
133 186
133 187
133 255
133 271
134 185
134 260
136 204
136 235
137 227
138 262
139 297
141 232
143 145
144 173
144 203
145 210
145 268
146 158
148 202
148 285
149 162
149 214
150 296
151 215
151 266
152 227
152 232
154 259
154 290
155 200
155 265
157 297
158 197
159 237
160 175
161 167
161 170
161 199
162 258
163 231
163 297
164 274
165 173
166 172
166 242
166 277
167 229
167 252
169 227
171 275
172 240
172 241
175 236
178 289
179 208
179 214
180 293
181 293
183 274
184 187
184 195
184 269
185 297
188 246
188 287
189 208
189 229
190 227
191 202
193 216
193 238
193 245
194 232
201 273
202 273
202 295
204 243
204 260
205 252
207 292
214 234
214 239
215 275
217 260
217 284
218 277
219 225
222 284
223 238
226 248
230 237
231 272
231 280
242 282
242 288
251 267
252 253
256 285
258 270
268 287
275 299
277 288
277 294
284 300
