160 218
1 14
1 43
1 91
1 120
1 144
2 36
2 73
2 87
2 127
2 136
3 127
4 33
4 46
4 77
4 110
4 121
5 107
5 133
5 134
6 44
7 88
8 121
9 39
9 53
9 73
9 81
10 148
11 27
11 51
11 103
11 136
11 152
12 63
13 63
13 73
13 96
13 134
13 142
14 92
15 55
15 88
15 159
16 81
17 75
17 127
18 29
18 105
18 112
18 118
18 148
19 97
20 51
20 104
21 96
22 36
22 93
23 121
24 31
24 41
24 127
25 64
25 86
26 36
26 67
27 31
28 41
29 94
29 106
29 114
29 136
30 93
31 39
31 81
31 89
32 107
32 158
33 155
34 109
34 111
34 137
35 50
35 132
35 149
35 152
35 153
36 109
36 124
37 107
37 156
38 66
39 40
39 59
39 150
41 56
41 149
42 128
44 68
44 94
44 146
44 153
45 76
45 132
45 148
45 153
45 154
47 63
47 125
48 107
49 92
50 73
50 100
51 60
52 86
53 85
53 95
53 113
54 114
55 106
57 58
57 122
57 138
57 142
60 93
61 71
62 111
63 70
63 104
63 142
64 97
64 141
65 96
66 67
66 102
66 133
67 90
69 114
69 160
70 131
71 78
71 138
71 157
72 82
72 115
74 126
75 134
77 82
79 113
79 158
80 82
80 97
80 140
81 123
82 94
82 122
83 141
84 134
86 135
86 138
86 145
87 91
87 136
88 114
88 119
88 133
89 110
89 148
90 97
91 124
92 108
92 152
92 156
93 153
94 100
94 121
95 145
96 101
96 126
97 114
97 116
97 130
97 149
98 158
99 127
100 136
100 138
100 160
103 128
104 125
104 144
104 147
106 129
106 151
107 137
107 142
107 152
111 131
111 155
111 159
112 159
114 135
115 148
117 129
117 136
126 139
126 155
126 159
128 130
128 140
128 159
133 141
133 160
136 143
141 156
144 158
144 160
148 149
153 157
159 160
