80 93
1 44
2 69
3 30
3 61
4 11
4 18
4 52
4 58
5 71
6 44
7 70
8 32
9 17
10 69
11 22
12 68
12 75
12 76
13 41
14 44
15 38
15 50
16 17
16 32
17 25
17 27
17 67
17 73
18 27
19 30
19 35
19 57
19 63
20 46
20 70
21 56
22 80
23 26
23 38
24 78
25 44
25 46
25 75
26 34
28 46
29 78
30 31
30 76
32 74
32 77
33 71
34 42
34 51
34 59
36 50
36 64
37 46
38 39
38 68
40 78
41 42
41 53
41 64
41 74
42 69
42 75
43 59
43 70
45 55
45 56
46 47
48 50
49 55
50 73
50 76
50 79
53 70
54 56
55 68
55 72
56 58
56 60
58 76
58 80
62 80
64 75
65 80
66 69
67 71
68 71
70 74
74 75
74 78
