180 263
1 117
1 123
1 131
1 171
2 26
2 69
2 150
3 7
3 161
4 94
4 115
5 6
5 96
6 83
6 98
6 150
6 154
7 33
7 50
7 132
7 166
8 13
8 65
8 93
8 132
9 81
10 53
10 78
10 87
10 103
10 119
10 149
10 156
11 18
12 80
13 36
13 72
13 114
14 29
14 41
14 64
14 73
14 103
14 112
14 162
15 69
15 109
16 28
16 52
16 54
16 72
16 132
16 163
16 167
17 141
18 49
18 75
18 90
18 133
19 33
19 62
19 81
19 87
19 134
20 134
21 136
22 30
22 78
22 151
23 24
23 73
23 76
23 96
24 55
24 158
25 102
25 134
26 46
26 62
26 108
26 113
26 125
27 147
28 69
28 95
28 118
29 88
29 109
30 41
30 67
30 132
30 175
31 120
32 110
32 163
33 48
33 130
33 148
34 57
34 83
34 115
35 61
35 103
35 119
35 172
36 115
36 134
37 110
38 80
38 109
38 146
39 160
39 174
40 107
41 147
41 158
42 137
43 87
43 141
43 174
43 178
44 173
45 141
47 105
47 173
49 56
51 100
51 107
52 66
52 158
55 158
56 129
56 132
56 152
56 168
57 74
57 147
58 81
59 137
60 85
60 87
60 94
60 137
61 165
61 167
63 174
64 82
64 116
65 173
66 113
66 143
66 161
66 170
67 106
68 75
68 79
68 101
68 106
68 125
69 98
70 92
70 120
71 94
72 120
72 153
73 139
74 116
74 136
75 116
75 173
75 178
77 158
80 155
80 167
81 97
81 144
81 170
82 87
82 113
82 131
84 91
84 99
84 120
84 125
85 138
85 153
85 154
85 180
86 94
86 159
88 120
89 117
91 99
92 111
92 112
92 126
93 148
95 171
96 99
96 105
96 116
97 99
97 154
98 110
98 116
99 101
99 106
100 117
100 129
100 165
101 116
102 136
102 166
103 136
104 170
105 138
105 145
105 151
107 112
107 157
107 174
108 138
108 178
109 152
109 160
109 167
109 174
110 146
111 122
111 157
112 115
113 120
113 132
114 137
115 157
115 165
117 179
118 123
119 155
120 156
120 160
121 161
121 167
122 147
123 139
123 159
124 135
124 141
124 171
127 128
127 171
128 178
131 132
131 167
134 135
140 152
140 173
142 161
162 174
164 170
169 178
170 176
171 177
