250 297
1 106
1 160
1 174
1 230
2 160
3 190
4 5
4 28
4 38
4 86
4 128
6 225
7 36
7 94
7 209
7 243
8 94
8 187
9 120
9 168
10 105
11 53
11 191
12 19
12 34
12 39
12 68
12 84
13 40
13 237
14 143
15 49
15 84
16 133
16 192
17 170
17 175
17 202
17 204
18 51
19 131
19 162
19 182
19 218
20 161
21 25
21 31
21 62
22 91
22 115
22 128
22 168
22 188
23 60
23 68
23 76
23 175
24 61
24 98
24 146
24 238
25 136
25 162
25 248
26 48
26 71
26 135
26 215
26 247
27 116
27 141
27 144
27 189
28 42
28 48
28 73
28 149
28 165
29 126
30 106
31 47
32 114
32 121
33 58
33 124
33 126
33 236
34 95
34 152
34 183
35 222
37 55
39 45
39 64
39 109
40 70
40 151
40 206
41 124
43 93
43 137
43 151
43 213
43 240
44 187
46 200
47 93
47 124
47 205
47 226
48 81
48 158
48 176
49 190
49 250
50 176
50 247
51 52
51 177
51 224
53 200
54 192
55 96
55 100
55 112
55 180
56 134
57 222
58 128
58 145
58 189
59 106
60 89
60 148
61 126
62 73
62 161
63 156
65 120
65 146
66 101
67 108
67 169
67 172
67 205
69 97
71 119
71 120
72 214
73 134
74 118
75 77
75 79
75 181
75 218
76 92
77 101
78 230
80 160
80 181
80 193
81 214
82 191
83 110
83 134
83 161
83 187
84 115
84 171
84 193
85 159
87 105
87 232
88 101
89 97
90 221
92 155
92 242
96 169
97 163
97 199
99 134
100 236
101 147
101 209
102 140
102 167
102 179
102 189
103 110
103 131
103 145
104 156
105 114
105 222
106 186
107 108
107 119
107 182
110 146
110 180
110 250
111 236
113 143
116 124
117 239
118 129
118 150
118 151
118 222
119 148
119 173
119 175
120 218
120 229
121 130
121 207
121 219
122 200
123 131
123 175
123 199
123 205
124 228
124 244
125 176
126 157
126 208
127 128
127 241
128 241
131 158
132 138
132 184
132 195
132 218
133 154
133 162
133 185
139 225
142 176
143 193
143 224
145 174
145 209
146 200
146 242
149 163
151 158
153 221
155 214
155 239
156 162
156 216
158 207
159 178
159 180
159 194
160 211
161 201
164 182
165 229
166 197
166 207
166 212
166 233
174 222
174 224
178 179
180 192
182 207
182 249
187 235
189 190
189 220
190 210
191 199
191 232
192 196
192 234
198 239
199 221
203 242
205 239
209 225
214 224
214 248
217 230
219 241
220 225
221 246
223 241
227 230
231 236
237 242
239 245
241 250
