400 489
1 143
2 305
2 357
2 390
2 398
3 152
4 121
4 221
4 342
4 350
5 49
5 116
5 136
5 171
5 287
6 19
6 169
6 247
6 316
7 113
7 209
7 257
7 368
8 143
8 330
9 18
9 108
9 198
9 250
9 357
10 62
10 81
10 212
10 256
11 262
12 81
12 225
12 262
12 399
13 111
14 202
14 310
14 366
14 373
15 68
16 269
17 349
17 360
20 102
21 78
22 23
22 275
23 63
23 111
23 150
23 238
24 188
25 260
26 196
26 275
26 309
26 316
26 395
27 139
27 155
28 128
28 235
29 201
30 37
30 356
31 87
32 47
32 98
32 110
32 268
33 249
34 350
35 285
36 360
37 132
37 274
37 370
38 103
38 152
38 377
39 62
39 135
39 228
39 321
39 385
40 255
41 242
41 350
41 393
42 123
43 113
43 143
44 100
44 183
44 194
44 400
45 397
46 58
46 233
48 50
49 249
49 255
49 282
50 137
50 303
50 372
51 146
51 161
51 203
51 395
52 226
52 293
53 121
54 82
54 230
55 150
55 350
56 159
56 186
56 241
56 252
56 293
57 157
57 169
57 262
58 397
59 249
60 149
61 236
62 166
62 315
62 346
63 106
63 328
63 342
64 142
64 317
65 162
66 79
66 308
66 349
66 397
67 68
67 82
67 184
67 338
68 125
68 244
68 305
69 255
70 164
70 194
70 199
70 225
70 229
71 306
72 328
73 85
73 143
73 151
73 300
74 132
74 230
75 271
76 104
77 111
77 236
78 197
78 291
78 325
79 90
79 154
79 378
80 87
81 171
81 276
82 196
82 293
82 373
83 183
83 236
84 210
84 220
85 149
86 330
87 92
87 204
88 121
89 243
90 336
91 118
91 170
91 216
91 290
91 392
93 106
94 134
94 168
95 173
95 234
95 374
95 380
96 211
97 212
99 162
101 111
101 127
102 136
102 259
102 363
103 109
104 273
104 341
104 372
105 359
106 120
106 235
106 243
107 256
108 255
109 197
109 265
109 313
110 205
110 379
110 387
111 276
112 347
113 138
114 214
115 292
115 393
116 168
116 210
116 377
117 143
118 128
118 318
118 342
119 225
120 321
121 140
122 144
123 176
123 234
123 239
124 151
126 377
127 329
128 314
128 367
129 220
129 269
130 209
130 210
130 394
131 211
132 243
132 271
132 351
132 371
133 272
133 312
134 181
134 197
134 258
134 263
134 368
135 294
136 275
136 359
136 394
138 150
138 389
139 151
140 233
141 221
142 359
143 213
144 190
144 195
144 277
144 286
145 236
147 155
148 338
148 387
149 286
149 290
151 232
151 316
152 355
152 373
153 221
153 338
154 176
154 317
155 213
155 284
155 294
156 243
157 285
157 371
158 201
158 344
158 387
159 163
159 352
160 394
162 204
162 207
163 360
165 253
167 347
168 175
168 381
171 189
171 336
172 195
172 200
174 318
177 306
178 214
179 184
179 340
180 214
181 189
181 342
181 379
182 306
184 206
184 271
184 279
184 361
185 211
186 225
187 242
188 231
188 245
188 286
189 196
190 271
191 250
192 256
193 338
194 220
194 379
195 338
195 349
196 308
197 214
200 205
200 224
200 254
200 352
201 304
201 309
201 375
204 260
204 336
205 233
205 296
206 212
208 210
210 365
211 395
212 369
213 329
213 336
215 394
216 311
217 296
218 221
219 243
220 246
220 323
222 242
223 253
225 302
226 240
226 258
226 283
227 312
228 230
228 284
228 300
228 308
230 319
233 326
233 356
234 242
234 303
234 308
236 309
237 269
241 351
242 259
242 298
244 332
248 377
249 331
250 272
250 340
250 368
251 264
253 276
253 337
254 285
255 292
255 335
256 287
258 306
258 389
260 280
260 391
261 270
262 371
263 264
264 368
264 382
265 299
265 399
266 318
267 387
269 307
269 373
270 293
270 334
270 354
271 284
274 282
275 292
276 360
278 399
281 282
282 301
282 311
283 390
285 395
286 351
288 317
289 329
292 353
292 372
293 317
295 330
296 324
296 376
297 349
299 322
299 328
300 327
300 358
305 394
307 351
309 312
312 396
316 330
317 388
318 344
320 328
322 387
325 362
329 339
332 360
333 338
336 357
336 384
338 370
339 385
343 359
345 389
347 357
347 386
348 377
349 362
349 390
351 372
351 379
364 399
383 389
384 397
388 393
393 399
