450 482
1 246
2 20
2 103
2 345
2 352
3 44
3 54
3 178
3 430
4 428
5 101
6 189
7 424
8 311
9 27
9 36
10 280
11 43
11 68
11 94
11 383
12 197
12 356
13 77
13 93
13 123
13 216
14 245
15 330
16 261
17 377
18 272
18 330
19 260
21 388
22 140
22 256
22 396
22 448
23 65
24 230
25 53
25 307
25 408
25 446
26 130
27 62
27 168
27 443
28 318
29 289
30 211
31 205
31 246
31 313
31 327
32 38
32 269
32 272
32 414
33 127
33 160
33 253
33 351
34 401
35 288
36 336
37 67
37 199
37 307
37 427
38 98
38 111
38 248
39 97
39 245
39 272
39 356
40 173
40 283
41 181
42 170
43 240
43 314
43 343
45 211
46 407
47 101
48 91
48 103
48 287
48 402
49 206
50 327
51 169
52 407
55 262
56 230
56 431
57 116
58 64
58 119
58 175
58 191
59 117
59 121
59 288
59 403
60 107
60 132
60 187
60 433
61 83
63 118
65 109
65 194
65 334
66 231
69 327
70 112
71 240
72 294
72 299
72 323
72 387
72 421
73 321
74 259
75 170
75 320
76 77
76 137
76 360
76 404
77 99
77 172
78 230
79 220
79 312
79 370
79 450
80 262
81 167
81 214
81 255
81 300
82 198
83 158
83 320
83 358
83 436
84 222
85 378
86 121
86 218
86 272
86 343
87 321
88 224
88 369
88 406
88 429
89 415
90 278
92 117
95 297
96 261
97 125
97 386
97 438
99 238
99 273
99 305
100 242
101 150
101 443
102 200
102 226
102 275
102 361
103 331
103 337
104 174
104 291
104 300
104 405
105 324
106 182
107 136
108 135
108 424
110 354
112 170
112 342
112 388
113 149
114 289
115 325
115 428
116 139
116 306
116 323
117 252
117 437
118 279
118 339
118 375
120 202
120 302
120 385
120 395
121 146
121 203
121 369
122 414
123 250
124 403
126 155
127 152
127 259
127 303
127 435
128 303
129 170
129 424
130 299
130 425
130 430
131 135
131 220
131 266
131 376
133 250
134 156
134 245
136 258
138 215
138 264
138 295
138 392
138 448
141 164
142 378
143 245
144 442
145 297
146 231
146 250
146 317
147 415
148 182
149 192
149 301
149 390
151 181
151 345
152 228
152 229
152 359
153 198
154 157
154 233
154 358
154 398
155 191
155 195
155 432
156 260
159 349
161 321
162 205
163 366
164 267
164 322
164 445
165 377
166 283
169 193
169 228
169 268
170 190
171 288
172 267
172 359
172 448
173 229
173 290
173 384
176 239
177 314
177 339
177 367
178 255
179 317
180 401
181 228
181 419
182 186
182 371
183 308
184 200
184 220
184 301
184 310
185 205
187 198
187 313
187 336
188 308
189 328
189 332
189 364
191 222
191 331
196 206
197 209
197 374
197 400
197 422
198 227
200 377
200 428
201 222
202 260
202 330
202 343
203 349
204 303
205 281
206 267
206 367
207 211
207 266
208 310
208 318
210 431
211 300
212 281
212 377
213 388
217 336
218 254
218 359
219 265
220 242
221 410
222 309
223 341
225 337
228 283
229 378
229 440
230 448
231 379
231 444
232 298
232 310
232 371
232 375
233 399
234 431
235 314
236 337
237 414
239 334
239 392
239 393
240 251
240 277
240 314
241 280
242 293
242 436
243 354
244 378
246 296
246 411
247 280
249 265
250 363
250 381
254 310
254 331
254 340
254 357
257 269
258 263
258 276
258 342
259 389
259 417
260 304
260 423
261 364
261 382
262 301
262 355
265 346
265 375
266 441
267 341
269 329
269 348
270 288
271 366
272 443
274 341
278 298
278 333
278 447
280 374
282 440
283 380
283 426
284 314
285 428
286 403
289 368
289 375
292 324
292 407
297 342
297 353
298 410
298 415
300 343
301 324
303 399
304 341
307 431
307 441
308 371
308 372
310 313
311 350
311 369
311 373
313 364
315 324
316 317
317 319
318 369
318 434
321 430
323 349
323 441
324 391
325 327
326 414
330 394
330 426
331 358
334 357
334 401
335 431
336 338
337 420
340 440
342 357
344 356
347 401
349 416
354 362
354 443
356 412
357 430
358 366
359 441
364 407
365 410
366 435
371 442
374 424
374 441
397 436
397 442
403 449
409 422
409 442
410 413
415 418
439 440
