450 548
1 36
1 117
1 135
1 176
1 299
2 39
2 119
2 128
2 341
3 90
3 106
3 441
4 115
5 83
6 61
7 122
7 221
8 15
8 330
8 386
8 403
9 48
9 113
10 13
11 276
11 314
11 391
12 296
13 175
13 234
13 434
14 29
15 271
16 90
16 338
17 125
17 127
17 327
18 66
18 238
19 95
20 165
20 219
20 259
20 324
20 402
21 127
21 158
21 245
21 370
22 67
22 81
22 108
22 250
23 302
24 108
24 300
25 37
25 96
25 341
25 342
26 207
27 149
27 158
27 190
27 285
27 375
28 333
28 369
29 99
29 335
29 393
30 276
30 370
31 232
32 60
32 133
32 136
32 183
32 381
33 92
33 238
34 440
35 232
35 257
36 163
36 383
36 423
37 117
37 220
37 382
38 60
40 63
40 158
40 214
40 383
40 419
41 111
41 191
41 240
41 245
41 308
42 100
42 374
43 310
43 426
44 428
45 164
45 183
45 358
45 386
46 428
47 314
47 323
47 353
47 380
48 413
49 89
49 172
49 196
49 197
49 400
50 86
51 306
52 238
53 159
54 300
55 107
55 167
55 249
55 320
56 174
57 252
57 422
58 117
58 216
58 274
58 286
58 335
58 390
59 276
60 145
60 218
61 124
61 145
61 160
61 448
62 256
63 421
64 307
65 76
65 172
65 309
66 291
66 388
66 414
68 134
69 151
69 226
69 355
69 449
70 195
70 422
71 113
72 73
72 236
73 83
73 145
73 209
73 296
73 297
73 395
74 248
74 271
75 247
75 348
76 130
76 164
76 329
77 429
78 359
79 380
80 311
82 135
83 195
83 365
84 188
85 369
86 196
86 351
86 447
87 131
87 158
87 235
87 266
88 252
88 337
89 149
89 385
89 405
89 412
90 171
90 186
91 115
91 172
91 300
91 369
92 152
92 165
92 223
92 269
93 202
94 116
94 138
94 183
94 363
95 151
95 157
95 318
96 134
96 276
96 317
96 440
97 256
98 282
98 394
100 164
100 322
100 446
101 134
101 355
102 427
103 135
104 326
105 141
105 142
106 248
106 252
107 221
107 251
108 288
108 382
108 429
109 159
110 422
111 213
112 238
113 201
113 335
114 144
115 193
115 348
115 392
115 430
115 446
117 291
117 364
118 273
119 141
120 191
120 275
120 361
120 362
121 236
121 422
122 199
122 342
122 406
123 215
123 303
123 424
123 436
124 257
125 149
125 211
125 339
125 433
126 340
129 314
131 372
132 179
134 228
135 185
137 296
137 350
139 359
139 413
140 347
140 382
141 234
141 345
141 357
142 378
143 172
143 263
143 273
143 423
144 241
144 249
144 360
145 338
146 400
147 236
147 435
148 257
149 260
149 328
149 432
150 326
151 209
151 442
153 368
154 312
155 359
156 307
159 169
159 291
160 315
161 380
162 271
162 414
164 411
165 263
165 279
166 261
166 288
166 418
168 437
170 174
171 227
171 340
171 422
172 259
172 375
172 449
173 368
174 186
174 231
174 396
176 197
176 261
176 334
177 315
178 378
179 223
179 280
179 352
180 429
181 271
181 284
181 311
181 373
181 382
182 202
183 313
184 202
184 281
187 299
188 203
188 259
188 325
189 232
190 234
190 358
190 389
190 401
191 227
191 236
192 445
193 204
194 313
197 221
197 366
198 435
200 284
200 353
200 375
202 293
204 225
204 351
204 354
205 276
206 416
207 247
207 283
207 293
207 299
208 450
209 251
209 424
210 293
210 312
212 299
213 432
215 299
215 405
217 312
218 310
220 251
220 358
222 307
223 302
223 323
224 431
227 351
227 358
229 359
230 435
231 238
231 367
231 435
232 364
233 260
234 252
236 417
237 277
238 344
239 442
242 416
243 257
244 277
246 311
248 368
249 315
249 323
249 427
251 367
251 375
252 346
253 282
254 411
255 326
256 371
256 401
257 373
257 386
258 411
259 445
260 279
260 295
261 437
262 431
263 353
264 427
265 361
265 421
265 432
267 450
268 411
270 380
271 287
271 351
272 348
273 319
273 341
274 313
275 329
277 321
277 364
278 311
278 399
281 288
282 341
282 443
284 305
284 372
284 439
285 306
285 315
285 378
288 332
289 348
290 437
291 307
292 378
293 327
293 367
293 418
294 348
294 382
294 413
294 431
296 298
297 429
299 302
299 391
300 356
301 369
302 398
302 444
304 315
306 397
306 438
309 413
310 389
310 418
310 420
312 364
313 379
314 384
316 432
317 353
322 332
323 375
326 424
327 377
327 410
327 413
328 442
331 427
333 337
334 445
335 367
335 431
336 428
337 351
337 395
340 374
340 407
342 347
342 428
343 344
343 401
343 408
343 426
346 445
347 394
347 399
349 450
350 431
355 416
359 386
361 421
368 424
374 405
376 442
382 434
387 445
389 437
389 450
400 404
400 415
401 416
409 416
421 422
425 440
433 436
440 441
