40 92
1 4
1 18
1 19
1 22
1 23
1 28
1 38
2 11
2 12
2 24
3 38
4 15
4 27
4 31
5 23
6 9
6 17
6 19
6 20
6 30
6 31
7 9
7 16
7 22
7 29
7 35
7 38
8 18
8 22
8 24
9 20
9 25
9 27
9 28
9 40
10 13
10 24
10 37
11 28
11 36
11 37
12 15
12 18
12 22
13 22
13 28
13 29
13 40
14 19
14 26
14 31
14 35
14 40
15 24
15 36
15 37
16 18
16 19
17 36
18 19
18 23
19 25
19 35
20 23
20 35
21 27
21 28
21 29
21 34
22 24
22 35
23 27
23 34
24 31
25 38
26 34
26 36
26 37
26 38
27 29
27 30
28 33
28 36
28 37
29 30
29 32
30 34
33 36
34 38
35 36
35 37
37 39
