400 459
1 67
1 153
1 263
1 323
2 397
3 349
4 213
4 312
5 12
5 42
5 236
5 325
6 18
6 42
6 70
6 117
6 391
7 51
8 349
9 215
9 252
9 322
9 368
10 106
11 17
11 46
11 275
11 287
12 23
13 273
13 350
14 362
15 110
15 187
15 200
15 248
16 22
16 67
16 355
16 382
19 154
20 386
21 63
21 273
21 284
21 378
21 393
22 60
22 188
22 383
23 252
24 106
25 113
25 217
26 37
26 338
26 367
26 378
27 28
27 133
27 157
27 171
28 65
28 233
28 254
28 308
29 104
29 134
29 281
29 297
30 75
30 184
30 267
30 365
31 79
32 73
32 137
32 174
32 394
33 222
33 353
33 359
33 389
34 138
34 294
34 312
34 355
35 85
36 370
38 183
39 270
39 322
40 58
40 113
40 179
41 160
41 290
41 357
41 379
42 130
42 169
42 383
43 68
44 159
44 189
44 240
44 278
45 65
46 274
46 276
46 388
47 59
48 144
49 295
50 388
51 132
51 143
51 361
52 86
52 322
53 327
53 367
54 100
54 104
54 139
54 360
55 72
55 167
55 311
55 315
56 198
57 286
58 172
58 210
58 225
59 191
59 205
59 400
60 136
60 143
60 198
60 400
61 308
62 265
63 193
63 208
63 310
64 309
65 97
65 212
65 393
66 185
66 201
66 234
66 268
67 129
67 186
68 165
68 171
68 229
69 220
69 332
71 313
74 213
75 135
75 145
75 150
76 354
77 116
78 150
79 128
79 330
79 393
80 262
81 158
81 307
81 352
81 387
82 310
83 308
84 216
85 111
85 185
85 347
86 96
86 230
86 382
87 102
87 111
88 137
88 272
88 366
88 396
89 327
89 348
90 388
91 169
91 239
92 115
92 142
92 221
92 378
93 171
93 260
93 277
93 320
94 269
95 209
95 389
97 98
98 266
98 381
99 245
99 255
99 278
99 283
100 116
100 140
101 243
101 390
102 149
102 285
102 291
103 208
104 251
104 256
104 277
105 381
106 364
106 393
107 368
108 335
109 114
109 198
109 295
109 354
112 164
112 305
113 150
113 176
113 227
113 382
114 160
114 201
114 273
114 352
116 190
116 259
116 400
118 214
119 379
119 381
120 144
121 143
121 223
121 303
121 321
121 322
122 136
122 241
122 351
122 376
123 368
124 198
125 129
126 276
127 327
129 148
129 224
129 304
130 174
130 232
131 145
131 269
131 313
131 390
133 145
133 188
133 215
135 214
135 232
135 370
136 335
136 386
137 274
137 309
137 358
140 332
141 254
142 326
143 166
143 362
144 343
144 352
145 271
145 274
146 370
147 386
148 309
150 173
150 199
151 179
151 207
151 238
151 400
152 309
153 161
154 157
154 180
154 217
155 370
156 335
157 209
157 262
160 194
160 327
161 371
162 283
162 354
163 254
164 310
164 382
166 194
168 193
169 182
169 218
170 265
171 216
172 391
175 193
175 346
177 230
177 362
178 233
178 362
181 233
181 246
183 285
183 334
183 392
184 188
185 251
185 265
186 211
186 250
186 336
188 273
192 213
192 343
193 348
194 195
194 341
196 302
197 313
198 369
200 251
200 286
200 295
200 381
202 292
203 289
203 333
203 355
203 391
204 252
206 354
206 387
208 293
208 306
209 288
209 356
210 243
210 341
213 311
214 258
214 282
215 278
215 359
216 337
216 384
219 332
220 300
220 355
220 363
225 230
225 292
225 383
225 397
226 368
227 256
228 292
231 305
232 249
232 326
233 244
233 346
234 265
235 262
237 305
239 247
242 399
243 256
246 350
246 383
247 342
247 344
247 382
251 273
252 261
253 371
254 398
256 301
256 319
257 371
262 317
264 286
265 266
269 314
269 373
270 393
270 397
271 276
274 311
276 298
276 329
278 305
279 322
280 332
284 390
285 332
285 383
286 340
289 400
292 324
293 363
295 345
295 385
296 397
298 310
299 335
302 329
302 377
302 378
308 339
310 395
311 371
313 331
316 386
318 349
322 380
328 399
334 400
349 352
350 359
350 374
358 388
359 399
372 390
375 399
