140 211
1 31
1 91
1 108
2 137
3 85
4 25
4 98
5 19
5 29
5 34
5 55
6 98
7 35
7 67
7 94
7 135
8 56
8 93
8 95
8 127
9 52
9 98
10 71
11 73
11 89
12 32
12 104
12 123
13 39
13 74
13 92
13 101
13 127
14 140
15 30
16 27
16 120
16 130
17 97
18 34
19 29
19 36
19 78
19 101
19 122
20 74
20 140
21 31
21 51
21 85
21 92
21 103
21 132
22 82
22 90
22 92
22 114
22 115
23 27
23 59
23 86
23 110
24 84
24 94
24 109
24 127
25 53
25 97
25 98
25 120
25 136
26 31
26 37
27 130
28 96
28 125
29 63
30 54
30 65
30 92
31 88
31 113
32 56
32 100
33 56
34 77
34 81
34 132
34 133
35 64
36 74
36 105
36 120
37 55
37 68
38 50
39 76
39 132
39 135
40 124
40 125
41 89
41 115
42 50
42 124
42 129
43 95
44 82
44 89
45 49
45 71
46 55
46 86
46 137
47 56
47 68
48 95
49 102
50 52
50 53
50 101
50 118
51 137
52 62
52 63
52 108
55 80
55 136
56 63
56 102
57 71
57 112
57 135
58 71
58 106
60 77
60 87
60 105
60 139
61 116
61 133
61 138
62 74
63 71
63 76
64 121
66 124
67 135
68 111
68 140
69 76
69 104
70 95
70 102
70 132
70 137
71 117
72 103
72 130
73 75
74 116
74 121
74 125
75 83
75 92
75 100
75 126
76 94
76 136
77 112
77 124
77 132
79 116
83 85
84 121
84 126
85 134
86 92
86 129
89 110
91 121
93 112
94 140
96 104
97 99
97 115
97 128
98 107
98 136
101 112
102 111
102 117
102 127
103 130
103 138
104 110
104 127
106 112
106 125
109 127
110 136
112 119
112 122
115 120
116 123
116 140
118 131
119 124
121 131
124 127
129 137
