100 159
1 18
2 7
3 7
3 35
4 65
5 43
5 44
6 21
7 10
7 31
7 98
8 24
8 54
8 55
9 15
9 45
9 68
9 99
9 100
10 18
10 35
10 63
11 20
11 41
11 42
11 59
12 61
12 67
13 40
13 45
13 46
13 70
13 87
13 88
13 92
14 59
15 54
16 34
16 49
16 52
17 28
17 38
17 54
17 88
18 30
18 32
18 53
18 83
19 22
19 34
19 58
19 87
20 27
20 37
20 63
21 25
21 64
21 75
21 97
22 68
23 41
23 72
24 28
24 73
25 35
25 44
26 32
26 35
26 99
27 45
27 49
27 78
28 64
28 70
28 74
28 78
28 88
29 54
30 93
32 37
32 44
32 55
32 59
32 71
33 55
33 62
34 70
34 96
35 60
35 75
35 94
36 67
36 90
36 93
37 45
37 58
38 45
38 53
38 62
38 69
38 81
38 95
38 97
38 98
39 59
40 41
40 45
40 66
40 88
41 46
41 56
42 67
42 72
42 90
43 49
44 79
44 99
47 71
48 65
48 67
49 73
50 77
51 65
52 80
54 73
54 96
55 68
55 84
56 84
57 67
57 68
58 65
58 77
59 81
60 62
61 64
61 74
61 76
61 83
62 90
63 64
63 73
65 73
65 86
66 71
68 91
70 73
71 77
71 93
72 81
73 80
77 82
77 91
80 85
80 89
82 89
83 94
89 95
90 98
