120 185
1 76
1 100
2 24
2 43
2 62
2 65
2 70
2 75
3 17
3 29
3 40
3 48
3 50
3 105
4 8
4 42
4 81
4 82
4 102
5 56
6 50
7 42
7 44
7 100
8 18
8 20
8 120
9 39
9 83
10 23
10 40
10 83
10 87
10 103
11 90
12 15
12 25
12 61
12 119
13 49
14 28
14 50
14 84
15 84
16 62
17 26
17 59
17 62
17 78
17 107
18 54
19 52
21 27
21 61
21 72
21 76
22 34
22 55
22 57
22 67
22 73
23 32
23 50
23 81
23 86
23 87
23 99
24 27
24 92
26 72
26 81
27 60
28 48
29 40
29 42
29 49
29 105
30 90
31 44
31 62
31 65
31 71
33 44
33 90
34 37
34 78
34 90
34 101
35 60
35 61
35 63
35 81
35 99
36 110
36 117
37 71
37 77
37 83
38 84
38 95
38 117
39 100
40 61
40 81
41 50
42 57
42 58
42 76
43 105
43 111
44 65
45 71
45 100
45 107
46 50
46 80
47 83
48 76
48 83
48 98
48 109
49 58
49 67
49 70
49 95
51 84
52 61
52 74
52 111
53 85
54 100
56 57
56 64
56 75
56 89
57 107
58 66
58 84
58 99
58 107
58 114
60 108
62 77
62 88
62 101
63 87
65 100
65 105
65 116
66 82
67 104
68 103
69 93
69 114
70 75
70 102
70 118
71 85
72 73
72 98
73 85
79 85
80 82
81 85
81 90
82 91
86 109
90 112
91 99
92 114
93 102
94 102
96 117
97 115
101 105
101 115
101 117
103 113
103 116
104 107
106 115
107 108
110 115
112 120
117 118
