60 83
1 20
2 47
3 35
4 29
4 33
4 41
5 32
5 41
5 44
5 58
6 20
6 27
6 34
6 58
7 33
7 37
7 51
7 58
8 47
9 20
9 41
9 60
10 56
11 26
11 43
11 46
11 48
12 48
13 22
13 25
13 50
14 16
14 31
14 51
14 54
15 35
15 47
17 35
17 46
17 47
17 58
18 26
18 27
18 33
19 34
20 39
20 49
21 46
21 54
22 24
22 28
22 40
22 43
22 51
23 27
24 30
25 53
26 48
26 55
27 33
29 56
30 34
30 46
31 39
34 50
34 60
35 45
36 41
36 53
37 38
37 48
37 52
37 56
38 40
38 42
38 49
38 57
40 41
43 56
47 59
48 55
51 53
52 53
