200 244
1 5
2 188
3 113
4 15
5 69
5 125
5 194
6 57
6 123
6 137
7 34
7 48
7 108
7 144
8 24
8 111
8 138
8 184
9 120
10 53
10 174
11 53
11 59
11 162
11 180
12 162
12 192
13 33
13 186
14 140
15 17
15 84
15 108
16 38
16 130
16 135
17 51
18 68
19 63
19 99
19 127
19 156
19 169
20 31
20 119
20 149
20 152
21 38
21 107
22 23
23 25
23 39
23 81
25 131
25 143
25 149
26 59
26 195
27 88
27 192
28 152
29 31
30 120
31 61
31 101
32 126
32 196
33 38
33 113
34 63
35 41
35 47
35 87
35 118
35 149
35 187
36 113
37 52
38 75
38 199
40 140
41 42
41 86
41 93
43 106
44 46
45 119
46 60
46 70
46 145
47 79
47 141
47 150
49 59
49 127
50 112
50 145
50 163
50 181
51 64
51 94
52 128
52 183
52 190
53 80
53 117
53 168
54 107
55 156
56 70
56 107
57 70
57 174
58 76
58 187
59 141
59 172
60 119
61 141
62 119
62 199
63 173
64 83
64 88
64 182
64 197
65 120
66 107
67 122
67 138
67 142
67 179
68 88
68 92
68 169
70 97
71 94
72 131
73 76
73 108
73 118
73 151
73 178
74 116
74 125
74 132
74 137
75 113
75 164
75 196
76 92
77 152
78 134
78 162
78 164
82 156
85 107
85 147
87 143
89 140
90 106
91 188
94 95
94 129
94 169
96 151
97 106
98 151
100 104
100 108
100 125
100 134
102 114
102 121
102 166
102 175
103 106
103 119
103 156
103 164
103 186
104 135
104 188
104 192
105 187
107 125
107 163
107 175
109 114
109 134
109 145
109 197
110 187
113 176
114 140
114 146
115 147
119 189
120 138
121 150
123 128
123 155
123 160
124 186
125 160
126 131
128 151
128 162
129 151
130 143
131 185
133 135
134 149
135 153
135 157
136 147
137 159
138 162
139 196
143 176
145 174
146 154
146 173
146 195
147 197
148 151
152 171
156 200
158 192
159 170
159 197
161 180
162 176
163 200
164 169
165 196
167 180
173 174
174 193
177 186
180 198
184 191
186 191
188 191
