200 267
1 142
2 189
3 10
3 161
3 162
3 190
4 44
5 72
5 120
5 122
6 28
7 16
7 87
7 95
7 106
7 126
8 189
9 12
9 58
9 86
9 104
10 96
11 102
13 97
14 21
14 54
15 182
16 27
16 46
17 19
18 85
19 35
19 88
19 104
19 156
20 121
20 138
20 158
20 162
21 29
21 39
21 85
21 122
21 137
21 179
22 102
23 135
24 63
24 92
25 57
26 36
26 75
26 85
27 55
28 49
28 169
28 186
29 167
30 120
31 46
31 93
32 100
32 111
32 117
33 84
33 133
33 159
33 171
34 104
34 134
34 153
34 175
36 102
36 173
37 137
38 46
38 168
39 76
39 79
39 104
39 132
39 193
40 54
40 59
40 187
41 135
41 137
42 151
43 56
43 95
44 45
44 82
44 138
44 143
46 63
46 184
47 54
47 69
47 146
48 87
48 165
49 95
50 60
50 140
51 103
52 89
52 114
53 107
54 144
55 80
55 132
55 156
55 178
56 93
56 168
57 132
57 173
57 191
59 77
59 128
59 200
60 63
60 75
60 92
60 99
60 187
61 122
62 142
63 67
63 70
64 142
64 194
65 73
66 163
67 129
67 176
67 198
67 200
68 92
68 108
68 167
68 199
69 182
70 133
70 144
70 158
70 179
71 93
72 114
73 123
73 162
73 173
73 193
74 151
76 112
76 199
77 85
78 189
79 112
79 126
79 158
81 107
82 163
83 100
83 127
85 113
87 88
87 89
90 135
91 119
91 127
91 155
91 177
92 166
92 185
93 139
93 165
93 170
94 129
94 163
95 116
95 153
95 172
96 167
97 111
97 121
97 145
97 148
98 114
98 124
100 109
100 155
101 149
101 168
102 132
103 138
103 160
103 179
104 188
105 135
106 147
106 156
106 174
106 182
106 192
107 125
107 176
108 125
108 155
108 158
109 189
110 151
112 130
112 133
112 136
113 183
114 121
114 132
114 144
114 158
115 167
117 199
118 127
118 144
118 194
119 149
120 125
120 156
120 197
121 128
121 182
122 141
122 146
122 171
124 133
124 152
124 181
124 188
125 142
126 170
126 186
128 145
128 150
131 140
135 170
137 195
138 140
140 149
142 182
143 175
144 164
147 150
151 164
151 170
154 170
154 182
155 168
157 182
157 183
162 189
163 186
164 183
169 176
180 199
183 186
184 200
196 199
