400 519
1 30
1 69
1 136
1 187
1 190
2 222
2 224
3 90
3 96
4 14
5 136
5 180
5 286
6 58
6 222
6 225
6 392
7 272
8 103
8 243
9 11
9 167
9 269
9 386
10 17
10 148
10 192
10 244
11 89
11 298
11 377
12 259
13 40
13 83
13 166
13 298
13 365
14 241
14 249
14 305
14 389
14 392
15 60
15 62
15 155
15 208
15 251
15 292
16 372
18 88
18 121
18 204
18 383
19 129
19 286
19 368
19 374
20 333
20 352
21 114
21 128
21 159
21 253
22 208
22 278
22 284
22 300
22 340
23 33
23 340
23 343
23 375
23 382
24 31
24 227
25 80
25 283
26 53
27 60
27 198
27 228
27 230
28 283
28 362
29 203
29 367
30 43
30 55
30 271
30 307
31 183
31 242
31 395
32 111
33 285
33 314
33 396
34 181
34 273
35 85
36 277
36 336
36 372
37 272
37 281
38 51
38 199
38 317
39 184
40 51
40 89
40 107
40 184
40 285
40 301
41 176
41 189
41 214
41 275
42 337
42 378
43 98
43 112
43 115
44 52
44 239
45 213
46 162
47 76
47 103
47 232
47 308
47 394
48 208
49 108
49 156
49 307
49 376
50 174
50 208
50 308
50 333
51 213
52 110
52 155
52 253
53 262
53 309
53 360
54 180
55 195
55 293
55 354
56 157
56 203
56 250
56 372
57 85
59 248
60 270
60 382
61 92
63 99
63 126
63 247
63 312
63 336
63 364
64 287
65 259
66 265
66 287
67 94
68 154
68 174
68 322
68 376
69 275
70 306
71 89
71 146
71 190
71 308
71 319
72 149
72 163
72 288
72 347
73 299
74 111
74 277
74 306
75 108
76 134
76 313
76 318
77 268
78 229
78 274
78 334
78 374
79 301
80 215
80 221
80 255
80 345
81 388
82 267
84 235
84 265
85 178
85 309
86 107
86 190
86 250
86 307
87 224
88 165
89 253
90 125
90 249
90 336
91 122
91 157
92 148
92 281
92 310
93 120
93 196
93 236
93 240
94 158
94 179
94 320
94 327
95 377
96 130
97 283
97 397
99 250
99 306
99 322
100 270
101 196
101 280
101 295
101 298
101 327
102 322
103 173
103 208
103 257
103 331
104 298
105 291
106 218
106 223
107 148
107 219
107 309
108 150
108 297
109 221
109 302
109 344
109 352
111 118
111 383
111 390
113 388
115 217
115 252
116 169
117 241
117 256
117 397
119 300
119 322
122 160
122 204
122 233
122 327
123 133
123 324
124 138
124 218
125 167
127 217
128 276
130 166
130 202
130 261
130 295
130 354
131 182
131 208
132 181
132 312
133 322
135 184
137 306
138 324
139 301
140 287
141 238
141 283
141 347
141 378
141 384
142 258
142 317
143 156
143 228
144 171
144 400
145 268
145 304
146 299
147 199
147 217
147 329
147 385
148 211
151 184
151 249
152 226
152 299
153 222
153 249
153 280
153 330
154 291
156 197
156 303
156 357
157 175
157 293
157 296
157 303
157 372
160 295
161 290
162 329
162 330
162 336
162 398
164 291
165 332
168 272
169 191
169 279
169 363
170 247
170 248
171 196
171 263
171 266
172 350
172 376
174 215
174 220
174 385
175 365
177 180
177 328
179 211
179 298
180 249
181 284
181 328
182 290
182 302
183 250
183 282
183 387
185 343
186 217
186 393
188 234
188 269
188 317
189 243
189 260
189 307
190 280
193 218
194 260
196 217
199 264
199 347
199 349
200 222
200 243
200 289
200 325
200 356
200 385
201 333
201 373
203 353
203 358
205 234
205 285
206 301
207 270
207 340
208 379
209 387
210 297
210 324
211 258
211 312
212 234
213 350
213 363
216 260
217 239
218 295
219 262
219 267
219 287
219 337
221 252
221 274
221 319
222 317
223 258
223 337
224 284
224 400
226 259
227 252
228 231
231 234
232 248
232 268
232 277
232 344
234 295
235 252
237 372
238 382
239 279
241 365
242 288
243 338
243 391
245 343
246 265
248 254
248 366
249 336
252 271
253 299
253 318
254 273
256 283
259 323
260 342
263 280
264 397
265 305
265 323
267 335
267 359
268 311
268 330
270 339
272 374
273 397
276 290
276 367
277 342
277 369
278 318
280 339
280 394
282 294
282 351
282 362
283 309
284 308
290 363
291 330
298 346
298 393
302 400
304 332
306 380
308 323
309 337
310 340
315 333
316 375
317 366
319 363
319 383
321 387
323 397
324 383
326 376
327 332
330 388
332 373
336 338
337 399
341 377
343 381
344 348
347 382
348 372
355 377
361 387
367 375
370 375
371 388
374 394
382 394
382 397
