300 434
1 71
1 84
1 122
1 136
1 137
1 229
1 279
2 7
3 54
3 69
3 231
3 260
4 60
4 72
4 93
4 159
4 217
5 57
5 217
6 35
6 71
6 74
6 162
6 276
6 284
7 91
7 142
7 243
7 295
8 19
8 79
9 120
9 202
9 255
10 215
11 56
11 138
11 140
11 182
11 241
12 29
12 132
12 191
12 241
12 282
13 64
13 255
14 63
14 149
15 254
16 85
16 127
16 162
16 192
17 138
18 28
18 53
18 154
19 193
19 284
20 140
20 197
21 168
21 182
22 88
22 229
23 58
23 60
23 93
23 283
24 228
24 232
24 235
24 293
25 80
25 112
25 145
26 117
26 232
27 77
27 110
27 157
27 164
27 214
27 297
28 169
28 172
28 201
28 292
29 65
29 119
29 157
29 241
30 59
31 236
32 112
33 56
33 59
33 79
33 259
34 144
35 167
36 53
36 97
36 233
37 62
37 79
37 80
37 139
37 149
37 254
38 89
38 106
38 199
38 267
39 158
40 67
40 88
40 120
40 268
41 65
42 113
42 149
42 248
42 252
42 281
43 184
44 81
44 165
44 189
45 49
45 83
45 253
45 275
46 74
46 232
47 63
48 152
48 247
48 289
50 66
51 66
52 81
52 97
52 112
52 191
53 254
54 57
54 68
54 181
55 79
55 126
55 163
55 164
55 171
56 57
56 119
57 178
57 216
57 224
59 143
59 221
60 173
61 123
61 235
62 145
62 207
62 228
63 139
63 207
63 218
63 257
64 164
64 237
64 274
65 179
65 247
65 257
66 106
66 206
66 248
67 134
68 92
68 146
68 162
70 79
71 299
72 255
73 131
73 233
73 275
73 280
73 292
74 181
74 298
75 183
76 111
76 151
78 124
78 215
79 89
79 198
80 195
80 279
80 287
81 108
81 154
81 181
82 120
84 120
84 177
84 193
84 241
84 265
86 197
86 214
87 106
88 107
88 220
88 243
89 111
89 130
89 248
90 211
91 195
92 99
92 114
92 121
93 101
93 134
93 191
94 114
95 235
96 188
96 199
97 147
97 165
97 176
98 138
99 128
99 209
99 263
100 141
100 202
100 205
100 275
101 232
102 156
103 125
103 149
103 219
103 262
104 185
104 221
104 255
104 264
105 237
105 267
106 168
106 177
107 158
107 265
108 119
108 179
108 271
108 293
109 121
109 174
111 166
111 230
112 115
112 183
112 222
112 240
112 246
114 249
114 258
116 193
117 162
117 226
117 228
117 240
117 296
118 232
118 278
119 128
119 133
119 175
120 178
120 299
121 149
121 204
121 269
122 139
122 144
122 215
123 211
123 233
124 140
126 158
128 175
128 200
129 181
130 132
130 151
130 225
130 234
130 239
130 249
131 264
132 146
134 147
134 160
135 265
138 189
139 146
139 149
139 296
140 180
141 259
144 171
144 196
144 289
145 207
145 256
146 189
146 293
148 299
149 184
150 211
151 182
152 207
152 208
152 288
153 184
154 164
154 194
155 188
156 175
156 238
156 291
156 292
157 172
157 181
157 272
157 286
158 218
158 275
158 292
160 182
161 173
164 293
167 222
167 256
170 223
173 234
173 242
173 273
173 298
174 215
176 187
181 186
181 187
182 278
183 190
183 225
183 285
184 210
185 247
186 236
188 234
188 287
189 239
191 207
193 248
193 271
193 289
194 228
194 243
194 264
197 214
199 200
199 203
199 212
199 296
202 219
203 265
205 250
207 211
213 214
214 248
215 257
221 223
221 261
221 293
222 234
223 234
223 266
223 268
225 236
225 251
226 230
227 254
228 275
228 277
230 275
234 256
235 259
235 268
236 270
238 268
239 251
243 282
243 299
244 245
244 246
244 248
244 294
245 256
248 281
248 299
250 251
251 300
256 299
260 264
261 299
265 298
267 290
267 295
272 275
275 282
281 294
282 292
287 288
