120 169
1 5
1 47
1 87
1 94
2 18
2 35
2 57
2 89
3 52
3 86
4 12
4 22
5 100
5 112
6 37
7 67
7 115
8 46
8 88
8 98
9 100
10 35
10 46
10 52
10 69
10 101
11 43
11 49
11 59
11 69
11 111
12 29
12 44
12 48
12 72
13 30
13 49
14 84
15 98
16 38
17 35
17 97
17 113
18 25
18 106
19 66
19 72
19 109
19 113
19 115
20 84
20 100
21 91
21 99
22 33
22 82
22 117
23 84
23 87
24 56
25 91
26 28
26 40
27 97
28 41
28 42
28 118
29 78
30 33
30 72
30 85
31 88
32 53
33 42
33 103
34 56
35 95
36 95
37 57
37 66
37 77
37 90
37 103
38 63
38 67
38 89
38 106
39 80
40 61
40 83
40 104
41 72
41 99
41 110
42 89
42 104
42 119
43 51
45 70
45 103
46 48
46 91
48 90
49 62
50 91
51 67
52 54
53 74
53 76
53 99
54 78
54 98
55 73
55 79
55 83
55 99
55 120
56 72
56 114
58 69
58 97
60 95
62 86
62 102
62 104
62 112
62 119
64 67
65 80
66 100
66 101
66 118
67 110
68 83
68 98
69 91
69 118
70 103
71 112
72 95
74 80
75 112
77 115
78 86
80 102
80 104
80 108
81 86
81 90
81 98
82 87
84 87
84 92
85 117
86 99
87 88
87 118
88 105
89 112
91 118
93 112
95 96
96 120
97 110
98 110
100 107
101 112
103 106
103 116
