200 222
1 15
1 31
1 41
1 185
2 37
2 83
2 151
2 185
3 12
3 56
4 45
4 139
5 87
6 193
7 141
8 63
8 65
8 146
8 179
8 190
9 40
10 30
10 33
10 79
10 157
11 96
12 76
12 146
12 163
13 163
14 30
15 86
15 139
15 199
16 47
16 73
16 132
16 164
17 18
17 37
17 171
17 180
18 187
19 153
20 124
21 49
22 64
22 80
22 85
22 109
23 37
23 104
24 90
24 199
25 57
25 101
26 163
27 105
28 32
28 81
28 83
28 189
29 30
30 138
31 91
31 114
31 186
33 69
33 89
33 95
34 64
34 79
34 116
34 124
34 153
35 83
35 97
35 172
35 192
36 57
37 96
37 146
38 87
39 137
40 44
40 80
40 102
40 160
41 102
41 104
41 129
41 191
42 186
43 174
44 111
44 120
44 133
44 148
45 116
46 145
47 113
47 145
47 167
48 139
48 145
49 68
49 72
49 188
50 134
50 186
51 108
52 54
52 58
52 100
52 188
53 74
55 86
56 93
56 110
56 133
57 106
57 159
59 141
60 149
61 87
62 178
64 160
66 149
67 105
69 92
70 166
71 82
74 118
74 176
74 179
75 96
76 131
76 137
76 141
76 163
77 113
77 131
77 185
78 124
79 80
79 185
80 178
82 151
82 158
82 160
82 187
83 174
84 167
86 156
86 197
87 159
88 91
90 108
91 115
91 155
92 186
92 199
94 166
95 117
96 169
98 178
99 137
101 146
103 157
104 134
104 135
105 122
105 159
107 146
108 152
108 179
109 161
112 146
113 166
113 179
113 188
114 127
114 136
114 150
114 194
116 126
116 154
117 119
117 123
117 128
117 151
118 128
121 166
124 142
125 178
129 147
130 153
131 133
131 159
133 193
137 181
139 177
140 167
141 195
143 199
144 174
145 165
145 200
149 161
149 188
151 166
153 198
157 168
157 183
162 191
167 182
170 174
173 191
175 193
184 191
193 194
196 199
