60 95
1 23
1 33
1 43
1 55
2 53
2 59
3 45
4 18
4 21
4 32
4 33
4 35
4 37
4 43
5 11
5 12
5 16
5 21
6 19
6 22
6 46
6 58
7 8
7 43
7 46
8 11
8 17
8 27
8 36
8 40
9 47
10 59
11 39
11 48
12 43
12 45
12 47
12 53
13 32
14 33
15 38
16 53
17 29
17 49
17 52
18 34
18 35
18 40
18 55
19 27
19 29
20 27
20 47
21 41
21 51
21 60
23 27
23 32
24 27
24 32
24 38
24 52
25 27
25 29
26 33
27 30
27 48
28 38
28 40
28 41
28 47
30 33
31 50
31 53
32 36
32 54
35 42
35 43
35 57
36 46
36 58
37 45
38 40
38 46
38 54
42 48
42 49
42 59
44 45
46 59
50 53
51 55
53 56
56 59
59 60
