160 237
1 49
1 132
2 42
2 89
2 92
2 97
2 124
2 153
3 17
3 50
3 126
3 127
3 131
4 40
4 78
5 126
6 44
6 66
6 83
6 117
6 155
7 19
7 53
7 84
7 137
8 22
8 66
8 71
8 96
8 142
9 128
10 13
10 53
10 64
10 80
10 128
11 81
12 50
12 59
12 88
12 108
12 132
13 74
13 82
13 135
13 145
14 152
15 18
15 52
15 65
15 100
15 131
16 22
16 103
16 137
17 85
17 95
17 146
18 61
18 73
18 89
18 156
18 157
19 29
19 41
19 60
19 90
20 108
20 153
21 35
21 132
22 34
22 51
22 77
22 131
23 124
24 104
25 54
25 81
26 32
26 86
26 101
26 117
26 125
27 57
27 84
28 40
28 100
28 109
29 49
29 100
30 77
31 32
31 128
32 64
32 87
32 147
32 148
33 84
34 54
34 110
34 113
35 43
35 69
35 76
35 101
35 105
36 127
37 64
37 108
37 133
37 159
38 97
39 147
40 51
40 87
40 101
40 131
41 121
42 100
43 77
43 142
44 47
44 92
44 121
45 111
46 53
46 67
46 71
46 104
47 58
47 91
47 151
48 126
48 136
49 87
49 98
49 133
49 152
50 54
50 59
51 53
51 92
51 135
52 136
52 138
52 143
52 148
53 62
55 65
56 70
56 99
56 101
56 139
56 149
57 109
57 111
57 143
61 68
61 80
62 69
62 78
62 109
62 111
63 65
65 116
65 137
66 156
67 81
67 121
68 152
69 75
69 135
69 139
70 120
70 137
71 92
71 152
72 77
72 80
72 150
73 92
73 104
73 107
74 80
77 119
78 115
78 141
79 102
79 121
80 130
81 108
84 94
84 130
85 157
86 98
87 90
87 108
87 117
87 147
88 111
88 120
90 129
91 100
93 147
97 136
97 144
98 160
100 122
102 137
103 122
103 147
104 120
104 147
106 121
106 128
107 123
107 150
107 158
109 153
110 112
111 132
111 136
112 124
114 126
116 148
116 150
118 124
121 147
127 140
127 160
128 134
129 153
135 153
136 141
137 154
146 156
