350 406
1 175
2 75
2 138
3 227
4 50
4 109
4 114
4 229
4 272
5 46
5 84
5 130
5 342
6 33
6 99
6 104
7 159
7 199
7 294
8 52
8 99
8 149
8 297
8 300
9 28
10 113
10 116
10 237
10 240
11 81
11 83
11 266
11 296
12 183
13 77
13 88
13 170
13 310
14 32
14 206
14 226
14 259
15 160
16 18
17 59
17 89
18 270
18 302
18 323
19 115
20 46
20 106
20 242
20 290
20 300
21 41
21 55
21 89
21 252
21 257
22 38
22 146
23 207
24 42
24 117
24 204
24 321
25 68
25 76
26 78
27 42
27 248
28 94
28 122
28 200
28 289
29 30
29 83
29 101
29 112
29 127
29 287
29 294
30 33
30 105
30 238
30 270
31 93
33 44
33 145
33 163
33 171
34 251
35 92
35 152
35 190
35 260
36 63
36 239
37 186
37 266
37 314
37 325
38 155
39 321
40 99
41 73
41 178
41 180
42 54
42 167
43 61
43 155
44 71
44 90
44 125
45 207
46 125
46 184
47 148
48 319
49 294
51 79
51 221
51 230
52 64
52 72
52 98
53 333
54 119
55 154
55 202
55 226
55 275
56 264
57 121
57 230
57 262
57 266
58 233
59 145
60 67
60 125
60 141
60 327
61 218
62 104
62 319
63 82
63 85
63 311
64 175
64 248
64 307
65 121
66 192
67 124
67 214
67 308
68 69
68 83
68 330
70 287
70 327
71 195
71 210
71 219
72 125
72 156
72 280
73 132
74 198
75 86
75 128
75 189
75 211
75 317
76 148
78 189
78 320
78 349
79 145
80 343
81 117
81 156
81 257
82 114
82 237
82 238
83 146
83 148
84 236
85 292
87 337
89 90
89 172
91 252
93 120
93 187
93 196
95 227
96 145
97 344
98 160
98 176
98 344
98 345
99 281
100 204
101 228
101 235
101 277
102 184
103 300
104 333
105 115
105 133
105 268
107 217
108 115
108 260
110 227
111 313
112 183
114 193
114 221
114 346
115 185
117 189
117 196
118 246
119 233
121 135
121 200
121 326
123 268
125 200
125 263
125 271
126 156
126 161
126 190
126 316
126 328
127 142
127 174
127 332
128 297
129 188
129 339
131 141
132 196
132 216
132 244
132 341
133 164
133 255
133 286
134 138
135 291
136 313
137 171
138 182
138 226
139 246
140 192
141 202
141 231
141 276
143 284
144 344
145 170
146 228
146 256
146 318
146 335
147 307
148 223
149 193
150 321
151 194
151 274
151 296
151 305
153 321
155 196
155 278
156 238
157 268
158 345
159 171
159 344
160 250
160 269
162 205
163 261
163 293
163 301
165 183
166 264
168 324
169 188
171 239
171 315
173 193
175 267
175 282
176 218
177 218
179 313
180 198
181 184
183 200
184 303
185 323
186 262
188 223
188 310
188 348
189 284
190 218
190 257
191 307
192 228
192 254
192 334
193 209
195 253
197 297
198 272
198 312
198 336
199 251
201 217
203 205
204 234
204 291
205 266
205 273
207 236
207 265
208 294
212 220
212 243
212 254
212 263
213 295
215 248
217 219
217 271
219 227
219 280
222 333
224 252
225 284
226 280
230 253
230 302
232 295
233 296
233 339
236 246
236 285
236 319
237 313
237 334
237 343
238 285
241 307
245 327
246 249
247 345
248 289
248 298
251 299
251 310
252 309
254 257
254 295
258 297
262 297
262 300
264 266
264 322
268 331
272 285
272 333
276 287
279 337
280 310
283 337
284 306
285 302
287 346
288 327
292 324
295 350
296 337
300 340
302 324
304 343
309 341
318 343
319 347
324 329
338 345
