80 120
1 12
1 23
1 58
1 65
1 73
2 6
2 8
3 7
3 43
3 52
4 45
4 52
4 60
4 70
5 50
6 45
6 71
6 76
7 12
7 28
7 33
7 57
8 41
8 44
9 41
10 37
10 63
11 61
12 15
12 44
13 15
13 42
13 46
13 48
13 70
13 76
14 43
15 69
15 76
16 34
16 42
17 49
18 22
18 31
18 38
18 41
18 62
18 69
19 52
19 66
19 70
19 73
19 77
20 30
20 35
20 78
21 42
21 44
22 43
24 28
24 32
24 48
24 57
24 60
24 80
25 49
26 27
26 30
26 39
26 76
28 57
29 43
31 50
33 52
33 64
34 37
34 57
34 62
35 74
36 78
37 74
38 50
39 40
39 59
39 66
40 42
41 53
41 77
42 48
42 54
43 69
44 67
44 80
45 79
46 49
46 52
46 77
47 61
47 62
48 51
48 62
48 63
49 68
50 77
51 63
52 59
55 62
56 74
57 75
61 75
61 77
62 64
63 74
63 76
63 79
64 75
69 74
69 78
70 78
72 78
