400 489
1 28
1 54
1 136
1 194
2 173
3 254
3 272
3 361
3 365
4 98
4 157
4 189
4 379
5 95
5 310
6 252
6 288
7 43
7 134
7 183
7 279
8 15
8 200
8 284
8 309
8 371
9 66
9 204
9 245
9 369
10 262
11 371
12 102
12 160
12 230
12 338
12 398
13 61
13 160
14 323
14 331
15 121
15 255
15 337
16 173
17 202
18 68
18 103
18 125
18 135
19 300
20 392
21 90
21 291
21 335
21 349
22 175
22 237
23 109
23 114
23 164
23 261
23 336
24 331
24 372
25 285
26 230
27 252
27 285
27 300
27 378
28 360
28 380
29 79
29 115
29 170
29 250
30 251
30 284
31 211
31 222
31 340
31 364
32 40
32 334
33 88
34 215
34 273
34 323
34 335
35 69
35 187
36 167
37 125
38 50
39 168
39 247
39 327
39 352
40 73
40 386
40 396
41 127
42 167
43 51
43 177
43 260
43 349
44 132
45 93
46 163
46 214
46 268
46 335
47 54
47 376
48 207
49 67
49 238
49 318
49 344
50 194
50 292
50 364
51 389
52 63
52 210
52 253
52 348
52 369
53 240
54 236
54 385
55 125
56 247
56 312
57 195
58 104
58 105
58 181
58 249
58 339
59 75
59 115
59 313
59 363
60 153
61 97
61 109
61 176
62 99
62 156
62 268
62 302
63 85
64 165
65 237
65 242
66 267
67 171
68 177
68 189
68 265
68 320
69 277
69 279
69 314
70 86
70 137
71 280
72 229
74 239
76 191
77 191
77 317
78 285
80 192
81 183
81 234
81 239
82 97
82 163
82 249
82 264
82 385
83 264
83 276
83 298
83 332
84 315
85 92
85 325
85 397
86 264
86 267
86 289
87 187
88 130
88 214
88 334
89 172
90 267
91 377
92 113
92 178
92 274
92 377
93 246
93 255
93 268
93 304
94 95
95 155
95 290
95 316
96 103
97 393
100 225
101 173
102 129
102 227
102 241
103 105
103 140
103 184
104 119
106 165
107 169
108 184
108 191
109 198
109 239
109 309
110 162
110 303
111 371
112 356
113 115
113 155
113 163
114 248
114 289
114 300
115 380
116 285
117 300
118 240
119 310
119 315
119 326
119 330
120 252
122 356
123 197
123 275
123 282
123 288
124 266
124 287
124 343
124 351
125 400
126 228
126 238
126 256
126 322
126 395
127 178
127 223
127 247
128 172
128 319
131 169
132 138
132 154
132 214
133 392
134 296
134 366
134 373
135 201
135 293
135 384
136 279
137 229
137 237
137 305
137 312
139 314
139 350
141 392
142 173
142 305
142 315
142 394
143 148
144 388
145 303
146 280
147 381
148 185
148 265
148 370
149 239
150 195
151 186
151 203
151 265
151 328
152 331
153 189
153 308
153 342
154 321
155 202
155 252
155 341
156 326
158 341
159 202
160 232
160 305
160 310
161 371
162 242
163 188
165 247
165 338
165 372
166 338
167 357
167 362
169 199
169 310
171 262
172 217
172 357
173 348
174 214
174 270
174 297
174 368
175 198
175 226
175 231
175 250
175 265
177 287
178 234
179 241
179 284
180 230
181 219
181 234
182 190
182 200
182 319
182 386
183 232
183 238
183 386
184 393
187 248
187 385
188 217
188 232
188 320
189 193
191 268
192 249
192 299
192 376
193 333
193 382
193 393
194 317
195 272
195 389
196 274
201 225
202 294
203 273
205 206
205 368
206 282
206 290
206 374
207 213
207 271
207 286
207 357
208 280
208 381
209 252
212 301
212 317
216 380
216 395
218 237
219 350
220 381
221 338
224 388
225 234
225 251
225 264
228 320
229 258
229 314
230 301
232 399
233 257
235 341
237 245
237 375
238 303
240 307
240 351
242 311
242 335
243 350
244 274
244 280
247 399
248 254
249 317
249 352
256 338
257 259
257 306
257 351
262 295
262 386
263 317
264 359
265 316
269 274
270 351
271 341
272 331
272 378
273 393
277 284
278 315
279 341
279 347
280 398
281 394
282 378
282 381
283 377
294 358
295 395
303 360
303 367
305 351
309 320
309 322
309 364
310 346
311 326
311 358
312 367
312 390
315 387
317 358
317 385
320 378
321 377
323 343
324 356
329 381
335 347
338 360
338 369
345 394
346 354
346 383
346 391
350 398
353 388
355 380
356 398
357 399
359 394
364 392
369 399
378 394
385 388
