140 193
1 44
1 76
1 93
1 96
2 135
3 32
4 100
4 106
5 49
5 51
5 71
5 88
5 103
6 12
6 39
7 98
7 104
7 140
8 52
8 137
9 54
10 38
10 44
10 45
10 71
10 117
11 46
11 83
11 100
11 105
11 139
12 52
12 67
12 78
12 111
13 45
13 62
13 75
13 83
13 134
14 38
14 63
14 70
14 130
15 104
16 66
17 41
17 137
18 55
18 79
18 88
18 112
19 58
19 74
20 59
20 125
21 22
21 49
21 57
21 63
21 126
22 60
22 101
23 28
24 50
24 84
24 108
24 138
25 52
25 57
25 116
26 54
26 69
27 53
28 31
28 71
28 98
29 95
30 57
30 84
30 109
31 62
32 67
32 87
32 126
33 120
33 132
34 106
34 122
35 137
36 84
36 113
36 135
37 56
37 92
37 100
38 77
38 100
38 102
38 138
39 66
39 90
39 108
40 59
41 60
42 105
42 129
43 46
43 47
43 65
43 117
43 125
44 106
44 137
46 58
46 97
46 117
46 131
48 90
52 93
52 101
52 132
53 61
53 73
53 130
54 108
54 115
55 83
56 68
56 70
56 86
56 137
57 70
58 131
59 63
59 140
60 112
60 121
62 110
62 118
63 95
63 111
64 122
66 102
66 117
66 133
67 74
67 82
67 116
68 121
69 74
70 110
71 89
71 132
72 116
72 119
72 120
72 129
74 128
75 94
77 83
77 108
77 116
80 110
81 109
82 106
83 109
85 132
89 90
90 112
90 113
91 95
92 132
94 111
95 114
96 131
97 106
99 104
101 110
104 130
106 116
106 123
107 109
108 135
109 127
111 113
111 136
112 116
114 119
118 135
122 124
122 130
124 129
