200 267
1 54
1 60
1 83
1 159
2 10
2 40
3 44
3 99
3 179
4 74
4 82
4 111
4 117
4 173
5 30
5 40
5 158
5 164
5 199
6 26
6 40
6 47
6 131
7 106
7 111
7 115
7 126
7 176
8 16
8 42
8 113
8 171
9 104
9 139
9 159
10 19
10 32
10 172
11 34
11 36
12 37
12 58
12 143
12 148
13 31
14 19
14 50
14 151
14 152
14 186
14 198
15 51
17 85
17 112
17 123
17 155
17 199
18 81
18 159
19 31
19 55
19 64
20 147
21 31
21 140
22 56
22 61
22 118
22 162
23 72
24 101
24 175
25 182
26 69
26 129
26 131
27 83
28 96
29 59
29 60
31 52
31 133
31 166
33 83
34 78
34 114
34 116
34 117
35 73
35 85
35 113
35 172
36 58
36 84
36 92
36 154
37 46
37 56
37 141
37 161
37 165
38 44
38 67
38 70
39 98
39 147
39 186
41 74
41 199
42 48
43 51
43 91
43 114
43 157
43 183
44 131
44 150
45 59
46 77
46 110
46 170
46 187
47 56
47 112
47 177
47 184
48 176
49 75
49 145
49 146
49 148
49 169
49 200
51 70
51 192
52 107
52 178
53 59
53 197
54 75
54 78
54 131
54 133
55 100
55 103
55 196
56 64
56 68
57 60
57 192
58 147
58 173
59 75
59 105
59 119
60 125
62 183
63 175
64 78
64 111
65 92
65 132
66 140
67 107
67 158
68 96
70 79
71 181
72 86
72 138
72 169
73 185
73 197
73 198
74 157
74 194
75 78
75 97
75 176
76 173
79 88
79 102
79 131
79 136
80 91
80 177
81 182
82 98
83 89
83 172
84 200
87 143
90 160
91 93
91 104
92 110
94 158
95 96
95 114
95 147
95 160
96 195
97 99
97 109
97 121
101 110
101 168
101 180
107 176
108 175
110 117
110 132
111 140
111 181
114 154
116 169
116 198
116 199
117 122
117 171
119 147
120 158
121 140
122 182
123 127
124 181
126 179
127 132
128 164
128 188
130 143
132 179
133 159
133 191
134 178
135 140
137 175
138 155
139 188
142 173
143 171
143 180
144 183
148 160
149 162
149 178
151 160
151 165
153 159
154 175
154 190
156 181
158 199
160 195
163 183
167 190
169 188
171 182
174 176
178 183
178 198
184 192
188 193
188 200
189 190
190 191
190 197
