120 152
1 106
2 37
2 67
2 94
2 110
2 114
3 51
3 60
4 76
4 105
5 20
5 40
6 84
7 86
7 109
8 10
8 46
8 71
8 81
8 102
9 61
9 86
9 88
9 105
10 25
10 39
10 108
11 15
11 41
11 58
11 85
11 107
12 44
12 108
13 25
14 34
14 88
14 116
16 35
16 62
16 101
16 103
17 49
17 60
18 19
19 36
19 49
19 114
20 33
20 82
20 112
20 114
21 41
22 115
23 28
23 95
23 102
24 45
24 57
24 80
24 89
25 32
25 69
26 84
27 30
27 53
27 73
27 76
28 41
28 56
28 86
28 108
29 60
31 72
31 112
33 39
34 87
38 88
38 94
38 100
38 111
38 116
39 75
39 93
40 56
40 72
40 77
40 102
41 43
41 97
41 100
42 102
43 90
44 101
44 104
44 109
44 117
45 56
45 84
45 115
47 106
48 105
50 78
51 102
52 109
54 77
55 115
56 90
56 114
57 69
59 79
60 90
60 100
61 84
61 95
61 99
63 72
64 84
64 89
65 77
66 87
68 78
68 119
70 106
70 112
71 97
72 92
73 118
74 88
76 79
76 87
76 108
77 96
78 85
78 98
78 109
79 113
79 118
81 82
81 91
83 87
83 115
85 106
85 108
86 100
86 101
88 90
91 115
101 109
105 119
109 120
115 120
