180 263
1 3
1 6
1 81
1 103
1 179
2 10
2 25
2 91
2 123
2 124
3 36
3 54
3 74
3 163
4 22
4 39
4 126
4 131
5 141
7 18
7 46
7 116
8 73
8 77
8 108
8 119
8 162
9 126
10 31
10 129
11 34
12 66
12 85
12 140
13 70
14 141
15 106
15 163
16 142
17 19
18 94
18 139
18 161
19 49
19 129
19 166
19 177
20 34
20 37
20 53
20 130
20 142
21 100
22 23
22 39
22 55
22 57
22 84
22 148
23 83
23 125
23 163
23 179
24 96
24 102
24 134
24 177
26 40
26 56
26 81
26 82
27 45
27 75
27 82
27 111
27 113
28 56
28 132
28 155
29 30
30 87
30 90
30 115
31 94
31 142
32 89
33 77
33 164
34 83
34 93
35 131
35 176
36 98
36 152
37 150
37 159
38 82
38 91
38 99
38 147
38 167
39 89
39 124
40 90
41 101
41 169
42 164
42 178
43 53
43 62
43 130
43 141
43 164
44 163
46 137
47 130
47 156
48 62
48 126
49 108
50 70
51 141
52 150
53 60
53 67
53 69
53 82
53 84
54 77
54 79
56 149
57 140
58 95
59 62
59 158
60 64
60 65
60 142
60 161
61 78
61 164
62 69
62 101
62 114
63 89
64 125
64 131
64 135
65 115
65 123
65 177
66 76
66 109
66 148
66 160
66 175
67 137
68 95
69 140
70 111
70 115
70 148
71 98
71 110
71 127
71 131
71 132
71 153
72 97
74 150
77 180
78 169
79 114
79 128
79 162
80 108
80 138
80 160
80 161
80 165
80 174
80 180
81 86
83 107
83 158
83 166
85 91
85 144
85 160
85 178
86 131
86 153
88 112
88 169
89 112
89 123
89 138
92 98
92 130
95 149
95 168
97 103
97 111
97 152
97 166
98 154
99 152
100 114
100 135
100 172
102 177
103 161
103 173
104 158
105 137
106 179
107 127
108 125
108 134
108 140
108 154
108 169
110 145
110 170
114 126
114 131
115 153
116 170
117 168
117 179
118 170
118 176
120 127
121 153
121 175
122 130
123 150
125 149
126 146
127 136
130 151
130 167
131 160
132 143
132 166
133 170
137 177
142 145
146 151
149 170
149 176
150 178
152 163
153 179
153 180
155 163
156 176
157 158
158 160
158 171
159 168
159 179
169 173
