120 169
1 29
1 30
2 27
2 36
2 73
2 104
2 114
3 18
3 26
3 30
3 93
4 44
5 24
5 62
5 87
5 103
6 92
7 20
7 74
8 52
9 63
9 71
9 75
9 100
9 101
9 104
9 118
10 21
10 75
10 80
10 89
11 65
12 53
12 72
12 103
12 117
13 24
13 34
13 58
13 90
13 97
13 112
14 34
14 44
14 111
15 73
16 49
16 89
17 23
17 77
19 29
19 107
20 35
20 37
20 50
20 99
21 64
21 88
21 106
21 108
21 117
22 37
22 76
22 78
22 96
23 42
23 49
23 56
23 61
23 113
24 108
24 117
25 43
25 114
26 57
26 63
26 99
28 57
28 75
28 86
29 59
29 84
29 104
31 100
32 34
33 77
34 56
34 93
34 99
37 43
37 52
37 75
38 40
38 41
38 70
38 103
38 115
39 89
39 101
40 41
40 102
40 105
42 51
43 51
43 68
43 81
44 97
44 109
44 119
45 96
45 105
46 92
47 65
47 106
48 107
49 73
49 86
49 92
50 86
51 62
51 73
52 85
52 91
53 79
54 108
55 94
57 93
57 97
57 103
60 108
61 81
61 85
64 98
64 101
65 83
65 118
66 80
67 73
69 100
70 98
73 104
74 83
74 92
75 83
76 102
77 98
77 99
77 114
79 94
80 89
80 112
80 120
82 105
82 119
83 107
83 108
84 102
86 99
86 104
89 111
92 99
93 94
93 105
94 110
95 107
96 100
97 100
100 116
102 108
