450 581
1 363
2 402
3 51
3 300
4 258
5 254
5 444
6 87
6 204
7 208
7 224
7 286
7 344
8 88
8 372
9 445
10 32
11 290
12 95
12 183
12 208
12 262
13 160
14 47
14 56
14 206
14 293
14 366
15 328
16 112
16 268
17 393
18 29
18 73
18 116
18 374
18 448
19 148
19 162
20 64
20 182
20 201
20 276
21 254
21 420
22 88
22 170
22 301
22 346
23 28
23 152
23 268
23 425
23 436
24 78
24 196
24 274
24 337
25 33
25 70
25 81
25 103
25 127
25 272
26 246
26 306
27 245
27 307
27 337
27 359
27 430
29 96
29 117
29 352
29 354
30 298
31 82
32 169
32 206
32 227
32 251
33 314
33 363
33 450
34 65
34 151
34 325
34 376
35 353
36 174
36 206
36 251
36 274
36 358
37 112
38 186
39 167
40 122
40 123
40 176
40 236
40 281
40 440
41 78
41 150
41 168
41 371
42 363
43 128
44 135
44 145
44 183
44 303
44 398
45 59
46 299
46 357
48 157
48 321
49 75
50 125
50 358
50 365
50 382
51 333
52 130
53 132
53 212
53 324
53 368
54 91
54 312
55 91
55 146
55 289
55 335
56 75
57 80
57 445
58 219
58 347
59 198
59 440
60 64
60 68
60 130
60 148
60 241
61 73
62 157
62 288
62 291
62 449
63 192
63 268
63 297
63 381
64 417
64 422
65 128
65 328
65 402
65 431
66 311
67 378
68 221
68 289
69 202
70 292
71 101
72 347
73 296
73 389
74 414
75 95
75 394
76 363
77 402
78 259
78 348
79 289
79 318
80 341
80 352
80 416
80 434
81 203
81 206
81 417
81 434
82 166
82 223
82 255
82 422
83 232
84 101
84 342
84 374
84 393
85 241
86 203
86 270
87 124
87 334
87 368
89 183
89 306
89 361
89 421
90 241
91 108
91 185
91 187
91 263
92 241
92 270
93 186
93 322
94 247
94 279
94 320
94 323
95 185
95 340
97 445
98 311
98 322
98 395
98 450
99 253
99 340
100 331
101 236
101 339
101 375
101 437
102 186
103 200
103 337
103 371
104 302
105 260
106 314
107 160
107 204
108 297
108 317
108 359
109 304
109 332
109 368
109 380
109 431
110 287
110 353
111 138
112 156
112 251
113 169
113 298
114 385
115 383
116 191
116 218
116 418
117 420
117 439
118 209
118 243
118 330
119 440
120 204
120 237
120 286
120 390
121 395
122 138
124 154
125 283
126 289
128 147
128 248
128 422
128 431
129 155
129 211
129 236
129 291
129 361
130 137
130 441
131 317
133 146
134 284
136 201
136 231
136 276
137 323
137 378
138 196
138 345
138 396
139 199
140 250
140 295
140 314
141 222
141 407
142 331
143 144
143 314
144 210
144 420
144 434
145 329
146 159
146 253
148 173
148 388
149 302
153 259
154 279
154 346
154 349
154 372
154 413
158 196
158 221
158 292
158 392
160 337
160 355
161 214
162 260
163 166
163 383
163 393
164 186
164 214
164 299
164 374
165 284
166 228
167 279
167 308
167 370
168 239
170 377
171 393
172 265
173 174
174 383
174 407
174 437
175 213
175 405
176 185
177 322
178 302
179 202
179 263
180 407
181 213
181 302
181 431
182 356
182 367
182 430
183 372
184 272
184 392
185 222
185 357
185 396
186 256
187 255
188 191
188 216
189 209
190 258
192 285
193 232
194 407
195 340
196 414
197 219
197 220
198 398
199 262
199 316
199 387
200 211
200 220
200 348
200 390
200 432
201 401
201 412
202 335
202 375
202 397
202 448
203 260
203 329
203 347
204 365
205 445
206 220
207 272
208 417
208 431
209 235
209 349
211 272
213 349
213 384
213 419
213 435
214 321
214 423
214 443
215 314
216 224
216 278
216 373
216 395
217 300
218 298
219 297
219 311
220 403
220 409
222 376
223 274
223 413
223 417
224 242
224 284
225 322
226 329
228 265
229 340
230 311
231 333
232 269
232 279
232 343
233 246
234 270
234 445
237 287
238 328
239 404
239 406
240 266
242 273
242 438
242 447
243 318
244 348
245 300
246 344
246 446
247 337
249 299
250 290
250 405
251 317
251 321
251 337
252 385
254 313
254 330
254 344
256 328
256 356
257 328
258 427
258 439
259 313
259 362
260 436
261 353
262 265
262 426
264 342
265 405
266 277
266 309
266 439
267 272
268 421
268 431
268 445
270 337
270 360
271 276
272 422
274 335
275 342
276 310
276 352
276 425
277 413
280 331
282 289
283 437
284 294
285 383
286 295
286 385
287 303
287 314
290 358
290 391
291 300
291 450
293 305
293 308
295 305
295 319
298 428
298 439
299 444
300 379
300 450
302 349
304 364
312 329
315 404
317 397
317 429
318 346
318 400
321 415
321 432
326 342
326 373
327 426
329 400
331 344
333 384
333 397
335 397
335 439
336 426
338 395
342 398
343 347
346 378
348 380
348 406
350 372
351 372
353 358
354 364
354 366
364 383
368 393
368 431
369 402
374 413
375 380
377 385
378 399
378 410
381 401
386 437
392 437
395 442
397 404
403 406
404 411
405 437
408 414
413 450
414 424
419 426
419 431
433 437
434 440
