250 273
1 152
2 225
3 7
3 63
4 86
5 126
6 10
7 93
7 114
7 178
7 196
8 241
9 170
10 26
10 154
10 227
11 170
12 68
12 135
12 204
12 232
13 33
13 157
14 206
15 214
16 117
16 159
17 70
17 102
17 140
17 244
17 246
18 208
19 45
19 89
19 95
19 139
19 166
19 179
20 119
20 124
21 179
22 70
22 103
22 115
22 213
23 204
24 110
25 219
27 43
27 68
27 138
27 207
28 112
29 138
30 208
31 43
32 38
32 247
33 90
33 119
33 164
34 206
35 55
35 150
35 206
35 209
36 64
36 142
36 179
36 209
37 225
38 53
38 130
38 218
39 52
40 62
40 65
40 143
40 177
40 197
41 133
42 241
43 145
43 249
44 219
45 220
46 203
47 150
48 212
49 222
50 242
50 244
51 78
51 248
52 70
52 137
52 199
53 124
53 197
53 231
54 75
55 71
55 107
55 215
56 64
57 90
57 91
57 118
57 147
57 207
58 250
59 75
60 124
61 220
62 80
62 159
62 197
63 237
64 169
64 175
64 223
66 191
67 207
68 100
68 227
69 133
70 78
72 152
72 197
72 214
72 250
73 150
74 110
75 83
75 90
76 207
77 133
78 97
78 111
79 214
80 85
80 104
80 245
81 152
82 106
84 135
86 128
86 156
86 235
87 99
87 140
87 195
87 230
88 138
90 193
92 207
94 196
96 152
98 232
99 151
100 102
100 123
100 209
100 224
101 243
102 193
105 186
106 120
106 226
106 247
108 201
108 231
109 186
109 232
110 121
110 243
111 198
112 113
112 180
112 229
113 136
113 208
113 241
116 203
117 161
121 134
122 128
122 181
122 201
122 234
123 231
124 125
126 173
126 227
126 239
127 208
128 224
128 244
129 196
131 237
132 179
133 227
134 231
135 162
135 238
136 193
136 221
136 243
138 153
140 170
140 220
141 204
142 144
142 184
142 188
146 151
148 237
149 241
150 168
151 190
151 226
151 242
155 191
157 250
158 225
159 180
159 192
159 202
160 212
161 166
161 189
161 211
163 219
165 220
166 169
166 224
166 243
167 214
168 250
169 187
169 217
169 228
170 194
171 250
172 212
174 222
176 244
178 212
178 222
178 224
179 182
183 191
185 243
186 233
186 246
191 246
193 197
196 210
196 221
198 232
200 232
203 216
203 246
204 240
205 222
206 236
209 226
219 221
221 225
226 237
227 228
244 248
