120 185
1 14
1 62
1 77
1 80
2 6
2 32
2 46
2 88
2 90
2 100
3 26
3 31
3 58
3 73
3 96
4 24
4 89
5 18
5 81
5 112
5 114
6 59
6 110
6 120
7 69
7 76
8 9
8 106
9 32
9 39
9 44
9 101
10 41
10 48
10 65
10 105
11 34
11 55
11 59
11 117
12 28
12 56
12 60
12 73
13 50
13 95
14 30
14 43
14 52
14 60
14 89
15 23
15 40
15 65
15 71
16 76
16 90
16 97
16 118
17 36
17 39
18 25
18 70
18 75
19 52
20 67
21 75
22 91
23 77
24 44
24 51
24 76
24 106
25 81
26 81
26 90
26 91
27 36
28 92
29 53
29 100
29 119
30 81
32 82
32 98
32 113
33 47
33 78
33 79
33 80
33 84
34 75
35 71
35 92
36 46
36 70
36 85
37 89
37 94
37 95
37 109
38 50
38 70
39 64
40 92
42 49
42 77
43 70
45 62
45 70
46 76
46 81
47 90
48 62
49 50
49 116
50 65
50 103
50 111
51 76
52 63
52 99
53 65
53 85
53 101
54 66
55 64
55 73
55 97
56 81
57 90
58 97
58 101
61 103
61 118
62 84
62 116
63 93
63 96
66 86
66 93
66 101
67 88
67 94
67 109
67 117
68 90
69 74
69 84
69 101
70 76
72 112
73 87
73 119
74 108
75 85
76 92
76 100
77 83
77 85
77 104
78 110
80 100
80 116
80 118
81 87
81 109
86 101
91 99
91 104
91 108
91 110
92 102
92 114
96 112
96 115
97 104
99 112
99 119
107 116
109 119
110 119
111 118
115 118
118 119
