300 407
1 160
1 292
2 189
3 95
3 174
4 246
5 23
5 133
5 167
5 241
6 22
6 252
7 179
7 187
7 226
7 233
8 28
9 23
9 51
9 132
9 210
9 253
10 184
10 244
11 117
11 154
12 35
12 227
13 104
13 251
14 32
14 267
15 286
16 36
16 117
16 199
16 203
17 126
17 137
17 276
17 286
18 224
19 169
20 25
20 116
20 255
21 125
21 283
22 118
22 215
23 192
24 36
24 165
24 177
24 217
24 292
25 108
25 139
25 141
25 229
26 119
26 181
27 94
27 217
28 204
28 226
28 254
29 169
29 180
30 35
30 229
31 171
31 198
32 192
32 199
33 86
33 107
33 199
34 264
35 66
35 290
36 222
36 225
37 293
38 65
38 162
39 51
39 96
40 203
40 206
40 232
41 95
41 174
42 177
43 46
43 64
43 71
43 114
43 115
43 157
43 243
44 121
44 141
44 151
44 166
45 126
45 129
46 251
47 181
48 57
48 90
48 96
48 152
49 76
49 224
50 264
51 75
51 114
51 138
52 221
53 84
53 114
53 154
53 164
53 300
54 107
54 232
54 252
54 276
55 174
56 110
56 131
56 152
56 206
57 61
57 195
57 230
58 203
58 244
59 129
59 183
59 243
60 248
61 193
61 217
62 94
62 267
63 86
64 189
64 216
65 74
66 162
66 242
66 246
67 208
67 228
67 240
67 261
68 96
69 249
70 232
70 291
71 114
71 141
71 167
71 222
72 198
72 283
73 127
73 192
73 205
73 237
73 273
74 99
74 212
74 266
76 238
77 93
78 119
79 92
80 117
81 162
81 223
81 265
82 90
83 98
83 194
83 219
83 226
85 178
85 223
86 263
86 274
86 291
87 189
88 246
89 286
90 120
90 134
90 214
91 119
92 130
92 170
92 281
92 288
93 142
93 207
93 288
94 95
95 159
95 226
95 239
95 289
96 100
97 217
98 207
99 181
99 200
99 201
99 276
100 251
101 248
101 273
102 221
102 272
103 118
104 185
104 216
104 275
104 288
105 137
106 116
106 203
107 180
107 190
108 142
109 129
110 178
110 249
110 267
111 169
112 159
112 223
113 238
114 238
116 201
117 156
117 233
117 253
118 139
119 167
119 257
119 276
120 243
120 284
120 292
122 221
122 227
123 283
124 144
124 154
124 249
125 203
126 171
126 258
126 287
127 129
127 174
127 269
128 181
129 153
129 200
131 222
131 225
131 259
132 236
135 188
135 197
135 238
136 196
137 163
137 191
137 258
139 152
139 189
139 292
140 165
141 161
141 226
141 264
143 256
143 283
144 237
145 150
145 247
145 256
145 265
146 197
147 249
148 193
148 286
149 202
149 251
152 198
155 183
155 299
157 220
157 272
158 217
159 252
159 280
160 162
161 172
161 231
161 284
162 210
162 215
164 182
164 188
164 274
164 285
165 175
165 207
165 273
165 287
167 293
168 252
169 220
171 197
172 208
173 181
174 202
174 255
176 191
176 232
177 250
177 297
178 218
178 225
178 282
179 219
179 245
183 225
183 295
184 237
184 253
186 213
186 240
186 270
186 272
189 289
193 236
196 289
196 298
196 299
197 234
197 247
197 296
198 215
199 211
199 262
199 284
201 209
201 278
202 243
202 244
206 244
206 248
206 283
212 257
215 290
220 221
220 227
220 237
222 269
223 247
223 294
224 240
224 279
225 238
225 251
226 269
227 240
227 259
227 289
228 276
232 235
233 298
235 250
236 238
236 257
236 274
237 280
242 247
242 259
242 288
244 263
245 292
246 253
248 277
259 276
260 293
264 271
265 294
267 281
268 293
269 274
