80 120
1 9
1 39
1 45
1 48
1 53
1 57
2 29
2 38
2 54
2 67
2 71
3 6
3 41
4 36
4 42
4 52
4 72
5 63
5 75
6 41
6 52
6 59
7 17
7 61
7 73
7 79
8 10
8 51
10 31
10 52
10 62
11 69
12 14
12 65
12 66
12 75
13 39
13 64
13 74
13 76
15 54
15 58
15 74
16 46
16 56
16 60
16 78
17 47
18 30
19 70
19 76
20 69
21 22
21 28
22 25
22 39
22 45
23 80
24 31
24 43
24 61
25 46
26 30
27 63
27 75
27 76
28 80
29 55
29 65
30 33
30 68
31 39
31 63
31 73
31 78
31 80
32 51
32 77
34 66
34 79
35 79
37 39
37 47
37 53
39 51
39 58
39 63
40 67
40 80
43 55
43 70
43 78
44 54
44 63
47 55
47 57
47 66
49 71
50 51
50 64
50 74
51 68
52 64
52 70
53 64
53 78
54 74
55 60
57 70
61 71
62 63
64 66
64 68
66 69
68 71
69 76
71 77
74 78
74 80
78 79
