80 133
1 47
1 50
1 51
1 55
2 18
2 29
3 11
3 39
3 40
3 65
4 33
5 15
5 27
5 48
5 61
5 75
6 12
6 49
7 15
7 27
7 53
7 67
8 17
8 70
9 37
10 49
11 19
12 16
12 65
12 69
12 72
13 24
13 29
13 34
14 77
15 33
15 34
15 37
16 24
16 31
16 48
17 51
17 60
17 65
18 20
18 53
18 60
18 62
18 68
18 80
19 29
19 34
19 42
19 45
19 59
19 68
21 22
21 23
21 31
21 43
22 32
22 49
23 35
23 39
23 42
23 65
24 49
24 57
24 69
24 71
25 31
25 43
26 29
26 39
26 56
26 57
27 32
28 48
28 54
29 56
29 64
29 77
30 31
30 45
30 50
30 66
30 74
31 32
31 64
31 78
33 71
33 73
34 46
34 51
34 62
35 64
36 44
36 51
36 59
36 70
37 40
37 55
37 74
38 39
38 69
39 62
39 78
40 45
41 52
41 57
41 61
41 63
41 68
41 76
42 61
42 64
43 58
43 62
44 49
44 77
45 66
46 57
48 75
48 76
48 77
49 76
52 68
54 77
57 64
62 65
64 79
66 77
70 73
