450 581
1 161
1 253
2 119
2 130
3 292
4 422
5 58
5 158
6 24
6 82
6 313
6 438
7 275
8 35
8 62
8 79
8 257
8 332
9 42
9 73
9 157
9 339
10 145
11 85
11 98
11 218
11 298
11 324
12 52
12 335
12 339
12 437
13 99
13 265
13 292
13 367
13 425
14 246
15 29
15 70
15 339
16 368
17 26
18 206
18 431
19 140
19 194
19 226
19 249
19 393
20 261
20 335
21 76
21 96
21 162
21 229
21 416
22 91
22 218
22 223
22 390
22 415
23 112
23 164
23 272
23 305
23 379
24 438
25 228
26 150
26 370
26 380
27 226
27 434
28 317
28 423
29 262
29 406
30 66
31 149
32 358
33 172
33 317
33 341
33 385
34 110
35 175
35 237
35 283
35 307
35 427
36 191
36 365
37 89
37 123
37 228
37 368
37 382
37 432
38 395
39 48
39 180
39 301
39 435
40 126
41 384
42 233
42 355
43 238
44 226
44 301
45 205
45 208
45 220
45 224
45 375
46 104
46 135
46 154
46 234
46 268
46 369
47 200
47 227
47 433
48 132
48 201
48 323
48 390
48 413
49 132
50 170
50 340
51 270
51 273
51 305
51 420
53 261
54 371
55 187
56 58
56 134
56 228
56 405
57 140
58 83
58 232
58 295
58 365
58 374
58 412
59 385
60 108
61 81
61 84
61 163
61 434
63 289
64 149
64 349
65 91
65 117
65 334
65 348
66 159
66 186
66 211
67 212
67 306
67 376
67 382
68 240
68 441
69 315
69 428
70 83
70 111
70 195
70 350
71 385
72 206
73 132
74 292
75 355
76 269
77 269
78 156
78 252
78 308
78 337
80 172
80 179
80 392
81 160
81 237
81 372
82 102
82 245
82 296
85 129
85 147
85 332
85 428
86 367
87 90
87 146
88 145
89 312
90 422
90 438
92 238
93 333
94 214
95 188
95 207
95 263
95 353
97 429
98 99
98 107
98 251
98 278
99 137
99 196
99 420
100 264
101 201
102 146
102 171
102 281
102 442
103 307
104 234
105 320
105 367
106 253
108 114
108 191
108 290
108 377
109 128
110 227
110 292
110 369
110 413
111 171
111 206
111 261
112 115
112 223
112 341
113 275
115 167
115 211
115 232
116 298
116 426
117 249
118 412
119 125
119 204
119 393
119 395
119 414
120 388
121 200
122 132
122 365
122 438
124 213
125 150
125 249
125 315
125 406
126 154
126 282
126 291
127 240
128 183
128 185
128 426
129 306
130 243
130 254
130 409
131 138
132 192
132 208
132 330
132 351
133 214
134 442
135 409
136 392
137 171
137 223
137 423
138 239
138 366
138 369
138 440
139 172
140 197
140 221
141 239
141 265
141 381
141 410
142 144
142 271
142 322
142 416
143 187
145 231
145 247
146 175
146 240
146 379
146 419
148 152
148 203
148 334
148 378
149 165
149 197
149 370
150 384
150 435
151 294
151 298
153 355
154 171
154 213
155 169
155 282
155 346
158 256
158 320
158 360
158 377
160 187
161 220
163 217
163 345
163 449
164 204
164 220
164 333
164 403
166 201
167 200
167 249
167 253
167 433
168 269
169 187
169 240
169 275
169 427
170 181
170 233
170 370
172 394
173 213
174 442
176 357
176 385
177 406
178 309
179 237
179 387
181 253
181 381
182 357
184 368
188 255
189 358
190 365
192 213
193 329
193 403
194 279
194 284
194 324
194 401
195 276
195 403
196 198
196 395
196 407
196 409
197 316
198 333
199 357
200 389
200 430
200 436
200 450
201 297
201 377
202 217
203 217
206 222
208 365
208 415
209 449
210 213
210 264
211 309
211 368
213 253
213 350
214 232
214 328
214 384
215 225
215 319
216 246
217 402
217 444
218 239
218 377
219 307
219 367
220 225
220 248
222 333
223 392
226 250
228 231
228 308
228 378
228 399
230 276
230 316
230 321
230 411
230 416
231 346
231 415
232 303
235 303
236 411
236 429
237 387
237 446
238 272
238 361
239 289
239 362
240 287
241 327
242 277
242 395
244 412
246 272
246 397
249 252
249 423
252 422
252 438
253 356
254 278
255 371
257 388
258 438
259 298
259 323
259 379
260 429
261 318
262 303
263 264
263 341
263 384
264 405
266 327
267 322
267 392
269 420
272 392
274 285
274 309
275 424
276 292
277 298
279 395
280 281
280 335
281 329
281 364
283 374
283 422
285 368
286 425
288 384
289 299
289 326
289 383
290 358
293 323
294 388
294 445
299 347
299 425
300 371
302 449
303 372
304 355
307 314
307 343
308 312
309 396
310 315
311 317
312 412
313 319
313 439
315 400
315 409
317 336
318 437
319 354
319 379
323 441
324 344
325 346
327 369
327 386
331 425
333 373
334 358
334 372
334 390
338 398
338 448
339 341
339 412
340 384
342 433
344 398
345 382
345 416
345 423
346 445
347 362
348 425
349 384
349 403
351 422
352 449
355 379
357 426
359 431
361 378
362 418
362 439
363 442
369 427
370 390
371 420
377 388
377 402
379 420
382 429
385 443
389 407
391 407
392 417
398 421
398 426
404 431
406 448
407 447
408 438
409 431
415 426
423 427
426 432
433 450
438 446
