120 152
1 8
2 11
2 65
2 86
2 99
2 103
2 120
3 54
3 77
3 101
3 111
4 69
4 110
5 77
5 92
5 110
6 45
7 13
8 14
8 19
8 21
8 73
9 24
9 48
9 53
9 97
10 111
12 23
12 26
12 69
12 73
12 108
13 68
13 99
13 100
14 43
14 72
15 57
15 64
15 74
15 89
16 30
17 102
18 43
18 56
20 54
21 79
22 98
23 41
23 107
24 39
25 80
26 53
27 33
27 76
27 95
27 118
28 66
28 101
28 119
29 107
30 32
30 72
30 94
30 105
31 112
32 103
34 43
34 93
35 85
36 79
36 109
37 107
38 109
39 54
40 110
41 67
41 78
41 86
41 93
42 43
43 53
43 89
44 73
44 79
45 74
45 83
46 77
47 79
47 117
47 120
49 54
50 82
51 85
52 56
52 102
53 66
53 82
54 76
55 60
56 78
56 82
58 85
58 107
59 109
60 81
60 104
60 118
61 68
61 77
62 111
62 113
63 84
63 91
63 103
63 118
64 120
66 73
66 100
66 118
67 98
67 101
67 109
70 82
71 111
72 98
73 85
74 75
74 119
75 89
75 92
75 96
75 114
77 88
79 105
80 113
80 116
80 117
87 112
90 98
95 97
98 102
99 107
99 119
101 117
102 106
102 117
105 112
105 119
110 117
111 112
112 115
