180 200
1 104
2 10
2 82
2 94
2 123
2 127
2 180
3 61
4 102
5 107
5 108
5 124
5 131
5 134
6 90
6 128
6 164
6 180
7 104
7 157
8 48
8 82
8 101
8 111
8 126
9 25
10 158
11 158
12 20
13 64
14 63
14 81
14 82
14 85
14 171
15 90
15 149
16 19
16 66
16 68
16 147
17 137
18 23
18 57
18 128
18 133
18 161
20 70
20 79
20 130
21 32
22 114
23 64
24 35
24 82
24 96
24 152
25 28
25 41
25 165
26 39
27 55
27 99
27 178
28 63
28 95
28 170
29 40
30 137
31 168
32 68
32 88
32 159
33 177
34 39
35 52
36 83
37 114
38 58
39 68
39 75
40 72
40 94
40 132
42 106
43 87
44 173
45 126
45 140
45 170
45 176
45 178
46 103
47 83
49 153
50 83
51 116
52 139
52 158
53 102
54 76
54 110
54 121
54 157
56 64
58 127
58 151
58 174
59 95
60 177
61 115
61 154
61 162
62 125
62 170
62 180
63 67
63 71
63 179
64 146
65 92
68 125
69 153
72 117
73 87
73 148
73 169
74 141
77 106
78 139
79 104
79 116
79 125
80 137
82 119
83 134
84 173
86 149
87 121
87 148
89 105
89 117
89 128
89 138
90 114
90 137
90 168
91 129
92 127
92 155
92 163
93 94
93 109
94 106
94 149
95 119
95 145
97 109
98 173
100 102
102 127
102 166
103 122
103 128
103 156
104 113
106 172
107 158
109 123
109 164
112 168
114 136
115 175
116 143
116 167
118 168
120 141
120 158
121 125
121 173
129 150
129 160
129 164
134 178
134 180
135 153
139 162
139 175
141 162
141 169
142 177
144 178
146 153
146 164
146 170
146 177
149 166
157 166
158 164
162 170
