350 463
1 64
1 134
1 146
1 197
1 201
2 77
3 67
3 88
4 27
5 17
5 112
5 170
6 10
6 25
6 187
6 293
6 302
7 112
7 197
7 198
7 210
8 68
9 112
10 54
10 141
10 154
10 276
11 314
11 343
12 34
12 84
12 120
13 272
14 46
14 68
15 102
15 119
15 123
15 254
15 275
16 49
16 209
16 313
16 338
17 91
18 92
19 69
20 244
21 142
21 146
21 296
22 318
23 154
23 298
24 127
25 27
25 144
25 276
25 349
26 68
27 90
27 178
27 243
27 282
28 139
29 53
29 231
29 349
30 193
31 74
31 144
31 330
32 104
32 184
32 199
32 264
33 97
33 185
33 189
33 255
33 309
33 316
34 165
34 221
35 94
35 97
35 225
35 239
36 169
37 91
37 130
38 329
39 116
40 117
40 193
40 217
40 233
40 303
41 267
42 287
43 159
43 263
44 84
44 236
45 287
46 110
46 116
46 270
46 313
46 322
46 337
47 347
48 139
48 347
49 99
49 129
49 304
50 56
50 107
50 109
50 192
50 307
51 297
51 303
52 73
52 88
53 150
54 57
55 127
55 206
55 314
55 333
56 77
56 105
57 109
57 182
57 237
58 129
58 131
59 64
59 86
59 117
59 195
59 242
59 277
60 120
61 81
61 173
61 311
62 130
63 263
64 158
64 288
65 117
65 171
66 140
66 160
67 170
67 205
67 216
67 321
68 239
68 241
69 105
69 115
69 289
70 234
70 244
70 258
70 281
70 289
70 339
71 250
72 96
72 170
72 274
73 252
73 259
73 348
74 265
75 241
75 259
75 275
75 286
76 262
77 279
77 299
78 114
78 250
78 290
78 329
79 129
80 84
80 96
80 158
80 215
80 283
80 340
81 144
82 346
83 85
83 98
83 226
83 320
83 342
84 257
85 145
85 180
85 197
85 206
87 128
87 181
87 189
87 222
87 259
88 92
88 249
89 130
89 288
90 298
91 124
91 236
91 317
92 108
92 295
93 111
93 113
93 147
93 251
93 256
93 306
94 336
95 126
96 202
96 278
96 340
97 119
97 176
97 202
99 151
99 170
99 343
100 120
101 250
103 229
103 290
105 158
105 178
105 272
106 311
108 112
108 211
108 217
109 130
109 248
110 142
110 198
110 224
112 180
113 318
114 166
114 179
114 185
116 223
116 284
116 306
116 350
117 149
117 227
117 291
118 311
119 273
120 131
120 179
121 244
122 304
124 337
125 290
126 185
126 207
126 229
126 323
127 218
127 225
127 333
129 183
130 219
131 238
132 178
132 323
133 153
133 349
135 296
136 296
137 154
138 139
138 194
138 311
139 300
139 306
140 160
141 145
141 194
141 335
143 206
143 235
144 268
147 161
148 172
148 209
149 178
149 209
150 223
150 275
150 341
151 159
151 248
151 322
152 288
153 311
154 233
154 340
155 243
155 250
156 290
157 172
157 214
158 286
159 166
159 256
159 286
160 188
160 199
160 267
160 330
161 215
161 339
162 267
163 173
163 287
163 321
163 322
164 169
164 347
165 167
165 199
165 220
165 231
166 180
166 217
168 343
169 177
169 308
170 195
170 238
170 251
170 325
171 287
172 176
172 232
172 259
173 189
173 270
174 197
175 233
175 244
175 287
176 321
178 269
179 223
179 265
179 315
180 306
180 339
185 262
186 273
187 279
190 321
191 298
191 303
193 203
193 319
196 349
197 213
197 251
199 217
200 251
200 286
200 337
204 321
206 208
207 230
210 325
211 261
211 266
211 305
212 346
214 279
214 280
214 283
215 249
215 336
217 221
221 229
221 241
221 285
222 231
222 258
223 345
225 248
225 263
228 337
230 307
230 318
235 315
236 276
236 294
236 311
238 297
240 263
241 267
241 334
242 329
244 275
245 315
246 343
247 315
248 279
251 262
251 291
253 273
260 265
262 301
262 344
265 274
267 345
271 294
272 327
272 328
273 308
275 295
276 286
279 318
288 332
290 344
292 346
294 312
294 314
296 308
297 321
298 306
298 324
303 334
304 326
304 331
308 322
310 347
315 318
320 337
327 337
329 330
339 346
339 347
