350 463
1 9
1 70
1 97
1 286
2 22
2 60
2 84
2 231
3 260
4 94
5 241
6 18
6 242
6 272
6 286
7 258
8 245
10 200
10 215
11 32
11 140
12 56
12 86
12 194
12 223
12 262
13 14
13 200
14 261
15 179
15 254
16 71
16 73
16 156
16 241
16 274
17 316
17 324
19 32
19 269
19 302
19 325
20 54
20 160
20 172
20 211
20 333
21 108
22 331
23 298
23 348
24 117
24 276
25 147
25 275
25 286
25 315
25 330
26 121
26 170
26 205
26 343
27 186
28 274
29 74
29 96
29 143
29 151
29 249
29 292
30 225
31 295
31 328
31 343
33 156
34 285
35 165
35 229
36 58
36 228
36 247
36 303
37 51
37 141
37 278
38 108
39 40
39 161
39 205
39 295
40 286
41 332
42 215
42 218
42 333
42 345
43 115
43 328
44 304
45 183
46 81
46 181
46 253
47 289
48 148
48 350
49 189
50 77
50 89
51 107
51 177
51 205
51 294
52 99
52 332
53 87
53 131
53 330
53 347
54 102
54 170
54 203
54 298
54 322
55 62
55 123
56 172
56 316
56 337
57 159
57 217
57 243
57 306
58 131
58 240
59 104
59 174
59 191
59 196
59 277
60 71
60 76
60 280
60 313
61 233
61 265
62 116
62 192
62 257
62 312
63 65
63 133
63 338
63 342
64 254
65 69
66 76
67 300
68 234
68 325
69 184
69 186
71 121
71 192
72 221
72 326
73 220
74 105
74 107
74 219
75 220
76 116
76 202
77 152
77 219
78 228
78 337
79 91
79 103
79 159
79 252
80 233
81 183
81 216
82 327
83 85
85 136
85 153
85 198
85 309
86 247
88 218
89 169
89 213
89 311
89 316
90 245
90 255
92 117
93 114
93 146
93 157
94 153
94 223
94 230
95 175
95 274
96 117
96 190
96 279
96 328
97 171
98 291
99 204
99 291
100 233
101 279
102 190
102 245
102 289
103 172
104 219
105 127
105 213
105 315
106 222
106 246
107 155
107 173
107 208
107 239
108 278
108 310
109 329
109 348
110 285
111 175
111 288
111 308
112 289
113 337
114 197
114 302
114 317
115 181
117 195
118 171
119 345
120 200
121 160
121 313
122 141
122 201
123 174
123 243
123 280
124 215
125 201
126 155
126 337
127 181
127 212
127 221
127 324
127 342
128 260
129 172
129 218
130 176
132 200
132 228
133 215
134 219
135 299
135 350
137 175
137 220
138 245
139 248
139 303
140 164
140 232
140 275
140 286
141 274
142 294
142 350
143 217
144 160
144 304
145 166
145 170
145 255
145 299
146 174
146 296
146 346
146 349
147 299
147 316
148 193
149 225
150 225
152 279
153 318
153 333
154 186
154 193
156 319
156 336
157 218
158 171
159 248
159 313
160 315
162 221
163 216
165 168
165 178
165 192
166 346
167 318
168 330
170 186
170 233
170 272
171 185
171 213
171 227
172 250
172 266
172 281
173 176
173 228
174 201
174 211
175 334
176 259
176 302
179 300
180 266
181 200
181 250
182 234
183 205
183 210
183 212
183 296
184 225
184 246
184 313
184 336
184 350
185 193
187 241
188 348
189 281
189 350
190 217
190 302
190 315
190 326
191 272
192 254
193 214
193 281
193 326
195 223
197 286
198 258
199 236
200 286
201 222
204 246
205 338
206 248
207 272
207 279
209 274
210 345
211 228
211 334
213 348
215 290
216 291
216 299
216 334
216 339
216 344
218 221
220 245
220 293
220 338
221 288
222 323
224 328
226 237
226 280
227 241
227 320
228 236
228 260
229 261
232 345
234 271
234 343
235 238
235 339
236 249
236 340
237 281
238 297
238 301
238 338
239 302
240 289
240 311
244 258
246 273
248 265
248 330
251 304
252 335
253 318
254 314
256 291
258 330
260 287
261 310
261 320
263 324
264 322
264 324
266 270
266 283
267 329
268 316
275 291
275 329
276 334
276 348
280 321
282 332
283 306
284 300
285 330
285 331
294 308
296 346
300 310
303 327
304 343
305 318
307 327
308 329
310 313
323 345
324 335
327 334
327 341
331 338
332 343
333 338
