250 345
1 134
2 45
3 4
3 31
3 32
3 85
4 94
4 179
4 213
4 249
5 200
6 71
7 119
7 237
8 18
8 91
8 216
8 226
8 246
9 49
10 51
10 62
10 63
10 64
10 101
11 191
12 217
13 48
14 40
14 170
14 234
15 144
15 195
16 24
17 83
19 150
20 54
21 163
21 176
22 79
22 186
23 48
23 57
23 113
23 124
23 133
24 145
24 183
24 246
24 248
25 93
25 122
25 184
25 212
26 234
27 71
28 57
28 104
28 179
28 227
28 245
29 95
29 136
29 162
29 224
29 245
30 50
30 56
30 152
31 114
31 148
31 174
31 231
32 118
32 131
32 182
32 222
32 228
33 66
34 46
34 99
34 142
34 183
34 227
35 124
35 231
36 103
37 192
38 235
39 53
39 59
39 78
39 201
40 148
41 239
42 85
43 134
43 227
44 84
45 81
45 90
45 115
45 120
45 198
45 237
45 250
47 48
48 65
48 201
49 118
49 139
49 194
50 57
50 58
50 69
50 146
50 204
52 113
52 174
53 153
54 107
54 129
54 153
54 244
55 106
55 171
56 175
56 243
57 187
58 152
60 91
61 119
61 235
64 163
64 216
65 107
65 110
65 250
66 82
66 129
66 171
67 84
67 238
68 80
68 226
68 248
69 104
69 144
69 177
69 211
70 176
71 112
71 136
71 223
71 229
72 84
73 148
74 239
75 77
75 138
75 155
75 203
75 208
76 91
76 100
77 186
77 223
78 87
78 191
78 210
78 239
78 243
79 83
79 97
80 116
80 136
80 168
81 152
81 161
81 219
82 225
83 92
83 101
84 85
84 118
85 158
85 189
85 203
86 218
86 228
87 126
87 168
87 222
87 246
88 191
89 90
89 125
89 127
89 129
89 183
90 121
90 197
91 93
91 111
93 97
93 146
93 200
93 205
93 218
96 100
97 129
97 209
97 220
97 222
98 137
98 175
98 188
98 203
99 149
99 151
99 172
99 207
100 143
100 187
100 218
101 132
101 140
101 232
102 200
103 147
103 164
103 199
103 209
103 231
104 140
104 222
105 107
105 109
105 131
105 241
106 168
106 196
106 211
106 220
107 140
107 163
108 150
110 194
110 232
111 182
112 163
112 224
113 156
113 172
114 197
117 124
118 134
119 168
119 169
120 140
120 150
120 186
121 154
123 124
126 239
127 152
128 131
128 150
128 220
129 195
130 160
130 195
132 136
132 148
133 192
133 204
134 159
135 243
137 166
141 204
143 223
145 177
146 160
146 198
146 238
148 182
149 238
152 229
153 154
154 182
154 190
154 250
157 230
160 162
161 235
163 215
164 186
164 236
165 207
165 233
166 187
166 192
167 232
168 230
170 181
170 236
171 244
173 233
176 203
176 237
177 189
177 226
178 217
179 191
180 232
181 209
181 210
181 242
182 228
185 235
187 217
187 230
188 195
192 245
192 247
193 234
195 205
197 200
197 238
202 204
203 227
206 243
209 234
210 218
214 217
219 230
221 228
225 228
227 229
229 239
230 236
233 240
233 246
235 245
239 247
