500 603
1 77
2 262
3 444
4 469
5 48
6 276
7 32
7 57
7 63
7 112
7 167
8 43
8 185
8 240
8 298
9 298
9 492
10 388
11 360
12 22
12 482
13 234
13 422
14 100
14 224
14 273
15 360
16 265
17 50
17 155
17 173
17 256
18 71
18 134
18 179
18 214
19 31
20 117
20 129
20 259
20 308
21 139
21 263
22 112
22 176
23 24
23 100
23 209
23 489
24 31
24 234
24 236
24 271
25 148
25 176
25 392
26 243
27 463
28 60
28 300
28 309
28 340
29 39
30 151
30 455
31 121
31 467
32 61
32 75
32 120
32 329
33 135
33 287
33 381
33 471
34 313
35 259
36 40
36 52
36 60
36 69
36 153
36 171
36 238
37 410
38 410
39 175
39 278
39 283
40 72
41 291
42 319
42 437
43 362
43 394
43 463
44 199
45 119
45 147
45 192
45 292
46 462
47 405
48 110
48 242
48 369
48 424
48 438
49 90
49 437
49 480
50 244
50 275
50 283
51 60
52 161
52 165
52 203
52 361
52 431
52 492
53 389
54 188
55 197
56 453
57 81
57 174
57 418
58 482
59 318
59 398
60 205
60 257
60 464
62 129
62 303
63 250
64 144
64 319
64 359
64 477
64 478
65 113
65 164
65 213
65 468
66 210
66 367
66 369
66 457
66 483
67 396
68 286
70 197
70 232
70 276
70 451
71 86
71 364
71 418
72 131
72 237
72 264
72 340
73 291
74 119
74 160
74 258
74 338
76 328
77 246
77 279
77 403
77 468
78 174
78 200
78 204
78 320
78 363
78 493
79 360
80 143
80 239
80 450
80 453
81 133
81 215
81 488
82 117
82 156
82 398
82 444
82 490
83 291
84 226
85 209
85 274
85 371
85 473
86 223
86 402
86 411
86 441
87 444
87 476
88 233
88 299
89 99
90 286
91 444
92 138
92 463
92 489
93 226
94 218
94 250
95 377
96 262
96 427
97 260
98 463
99 272
99 275
99 355
100 117
100 256
100 362
100 456
101 255
101 307
101 424
101 433
102 125
102 157
102 239
102 480
103 105
103 404
104 184
104 213
105 124
105 163
105 192
105 346
106 171
106 270
106 358
106 416
106 474
107 382
108 233
108 402
109 271
109 305
111 370
114 202
114 292
115 129
116 144
117 242
117 401
118 270
119 291
119 410
120 227
120 300
120 445
121 167
122 158
122 246
123 184
125 142
125 172
125 261
126 226
126 322
127 156
127 408
128 232
129 342
130 208
130 303
130 305
130 337
130 441
132 171
132 311
136 394
137 170
137 296
137 362
137 382
137 397
137 453
138 195
139 253
139 375
139 455
140 354
141 477
142 493
143 263
143 409
143 421
144 182
144 247
145 191
145 277
145 307
145 337
145 430
146 267
146 285
146 457
146 498
147 256
147 359
147 418
148 354
149 204
149 225
149 301
149 429
150 426
151 343
151 368
151 407
151 417
152 322
154 174
154 220
154 232
155 239
155 416
155 451
156 314
156 355
156 460
157 169
157 222
157 331
157 415
158 426
159 492
162 364
163 304
165 413
165 439
165 461
166 437
168 482
169 323
170 383
170 400
170 415
171 480
173 373
173 413
173 445
174 210
174 299
174 432
175 267
176 283
176 399
177 271
178 287
178 310
178 428
178 458
180 450
181 227
183 364
184 209
184 219
184 306
184 427
185 407
186 221
187 388
188 237
188 321
188 407
189 319
190 429
190 461
192 260
192 462
192 467
193 286
193 396
194 394
195 253
195 288
195 302
196 423
197 313
197 349
197 476
198 405
199 284
199 292
199 386
200 218
201 273
202 264
202 312
202 341
202 448
202 457
204 246
204 343
204 445
205 273
205 396
205 413
206 359
206 426
207 313
209 469
211 245
211 249
211 362
211 435
211 446
212 304
216 218
216 233
216 373
216 389
217 377
218 317
219 243
220 477
221 275
221 334
221 379
223 261
224 406
226 486
226 489
227 248
227 387
228 308
229 259
229 362
230 389
231 286
232 477
232 497
233 323
234 339
234 390
235 377
236 391
237 322
237 451
238 282
238 327
238 373
238 406
239 468
239 488
241 276
242 380
242 492
243 275
243 436
244 351
244 388
244 428
244 482
245 304
245 360
245 373
246 297
246 395
250 296
251 296
251 439
252 262
253 370
253 451
254 450
259 416
259 484
260 309
260 318
262 292
265 416
265 447
265 470
266 418
266 462
268 394
269 276
270 494
271 356
273 350
275 299
280 300
281 391
282 327
282 348
282 481
283 405
286 355
286 424
287 313
287 359
288 368
289 398
290 423
292 423
293 492
294 304
295 311
296 306
296 392
300 491
303 354
303 408
303 426
303 445
304 406
308 374
308 494
311 365
311 489
313 378
315 408
316 416
316 440
316 465
316 500
319 383
319 404
322 456
324 425
325 328
326 398
328 385
328 468
330 391
332 406
333 425
335 351
336 437
337 413
337 425
343 360
344 466
345 425
347 406
351 448
351 472
352 466
353 388
354 442
357 461
358 489
359 424
361 469
362 417
362 420
364 372
365 458
366 439
370 384
370 443
376 462
377 417
380 393
380 454
380 459
382 412
382 490
389 485
391 424
396 479
397 461
401 439
405 414
408 478
408 495
410 422
413 486
417 437
418 457
419 466
420 453
422 472
423 496
431 485
434 469
438 479
438 490
449 450
452 453
466 489
475 480
477 499
480 487
