300 380
1 282
2 253
3 112
3 157
3 243
3 299
4 84
4 101
4 208
4 287
5 132
6 139
7 186
7 241
8 171
9 63
10 213
11 65
11 120
11 163
11 181
11 198
12 282
13 263
14 23
14 24
14 44
14 184
15 143
16 251
16 276
16 277
16 295
17 178
18 56
18 95
18 160
18 214
18 215
18 239
19 245
20 105
20 116
21 183
21 232
22 103
23 275
24 63
24 70
24 104
25 71
25 89
26 38
26 157
26 205
26 216
27 127
28 50
28 60
28 100
28 116
28 300
29 265
30 59
30 186
30 196
30 215
30 268
30 295
31 162
31 228
32 213
33 134
34 35
35 177
35 217
35 234
36 66
37 254
39 265
40 151
41 257
42 96
42 147
42 218
42 230
43 119
43 186
44 189
45 99
46 151
46 280
47 89
47 138
47 208
47 281
48 183
48 239
49 242
50 113
51 134
52 250
53 68
53 104
53 177
53 261
54 183
54 209
55 228
56 67
56 103
56 132
56 192
57 64
57 188
58 86
58 215
58 223
58 239
59 72
59 88
59 249
60 99
60 144
60 257
61 219
61 254
62 119
63 183
63 191
63 266
64 110
64 248
64 274
65 105
66 81
66 140
66 206
67 103
67 209
67 218
67 267
68 112
68 193
68 199
69 102
70 182
70 236
70 298
71 165
71 180
71 231
72 145
73 167
74 233
75 101
75 119
75 290
76 219
77 253
78 91
78 155
78 207
78 226
78 243
79 167
80 162
82 109
83 105
83 216
85 252
86 87
86 188
86 237
87 135
87 206
88 216
89 256
90 121
90 139
90 284
91 109
91 152
91 171
91 277
92 165
92 221
92 241
92 293
93 167
93 235
94 219
94 262
95 255
97 242
98 107
98 139
99 246
99 275
100 103
100 142
101 117
102 150
102 232
102 276
102 283
103 117
103 259
104 217
104 295
104 299
105 181
105 298
106 127
107 121
108 140
108 141
108 201
108 271
109 112
109 156
109 197
111 166
112 166
113 125
113 250
113 267
113 288
114 186
115 183
118 119
118 250
119 135
119 165
119 286
119 288
120 246
121 176
121 203
122 142
123 282
124 157
124 169
126 245
127 133
127 218
128 213
129 208
129 290
130 209
130 279
130 299
131 220
131 252
132 146
132 154
134 170
134 264
135 185
136 169
137 139
137 178
139 158
139 274
140 149
140 244
142 217
142 227
142 269
143 157
143 175
143 194
144 170
144 203
144 237
144 299
145 166
145 232
148 222
149 164
149 210
149 224
149 229
150 208
151 172
151 187
151 246
152 168
152 233
153 166
154 155
157 219
159 222
161 178
161 265
162 278
162 285
162 294
165 173
167 274
168 263
169 272
169 283
170 211
170 282
171 225
171 295
173 181
173 209
173 283
174 189
174 247
174 260
174 294
177 190
178 217
179 245
181 213
181 266
183 295
185 211
187 245
187 252
187 279
190 263
192 240
192 256
192 271
192 280
192 297
195 254
196 223
200 257
202 239
203 250
203 254
204 223
206 229
208 234
208 244
208 253
209 244
210 272
211 255
211 292
212 223
215 279
218 228
220 268
222 256
222 267
224 242
227 256
228 273
229 264
233 243
233 291
234 272
235 268
235 271
238 253
239 289
240 294
241 245
242 283
243 290
244 294
247 264
248 273
248 285
250 261
252 284
254 258
257 270
260 270
262 265
263 294
265 267
274 279
290 296
