350 463
1 12
1 62
1 207
1 218
1 314
2 130
2 158
2 161
3 23
3 78
3 119
4 56
4 88
4 184
4 285
5 92
5 157
6 37
6 251
7 83
7 285
8 17
8 170
8 223
8 225
8 280
8 316
9 151
9 267
10 288
11 127
11 267
12 108
12 122
12 193
12 255
12 263
13 43
13 152
14 190
15 213
16 190
16 308
16 343
17 119
17 222
17 298
17 349
18 59
18 108
18 162
19 94
19 179
19 271
19 307
19 328
19 334
20 139
20 292
20 300
20 350
21 28
21 261
22 244
23 278
24 223
24 317
25 103
25 127
25 140
25 324
26 317
26 321
27 43
27 164
27 304
27 340
28 29
28 261
28 308
30 152
30 193
30 268
30 321
31 123
31 162
32 54
32 109
32 282
32 331
33 58
33 108
34 65
34 81
34 233
35 64
35 202
35 244
35 262
36 53
36 153
36 161
36 281
37 54
37 101
37 334
38 83
38 126
38 270
39 177
39 246
40 199
40 213
41 52
41 213
41 226
42 155
42 178
42 294
42 308
43 71
43 78
43 86
44 293
44 342
45 123
46 79
46 83
46 157
46 201
46 223
46 235
47 202
48 113
48 289
48 290
49 113
50 199
51 245
51 284
52 54
52 230
52 252
52 269
53 74
53 213
53 270
54 311
55 90
55 168
55 194
55 239
56 84
56 270
56 305
56 348
57 67
57 138
57 212
58 311
59 126
59 202
60 115
60 263
60 280
61 250
61 275
63 142
63 217
64 160
64 223
64 329
65 122
66 315
67 165
67 181
68 79
68 87
68 156
68 309
69 162
70 342
71 121
71 143
71 212
72 147
73 126
74 104
74 289
74 344
75 272
76 235
77 152
78 204
78 236
78 296
80 287
81 94
81 119
81 172
82 177
83 206
83 313
84 100
84 146
84 220
85 92
86 168
86 183
86 211
86 252
86 297
89 245
90 109
91 280
92 151
92 237
92 238
92 327
93 165
93 301
93 336
93 345
94 107
94 162
94 180
95 263
95 280
96 196
96 229
97 144
98 267
98 291
99 268
101 203
102 175
102 230
102 253
102 326
103 171
105 134
105 174
105 269
105 273
106 127
106 284
107 257
107 275
107 297
108 159
108 236
110 144
110 172
111 139
111 176
111 319
111 322
112 196
113 138
113 141
113 262
114 205
115 215
115 315
116 346
117 245
118 124
118 212
118 317
119 210
120 315
122 159
122 188
122 199
122 338
123 259
123 301
124 198
125 213
126 182
126 211
127 193
127 267
127 343
128 346
129 179
129 268
130 137
130 262
130 268
130 330
131 201
131 293
132 134
132 170
133 341
135 177
135 341
136 348
138 209
138 243
138 254
138 256
139 217
139 223
140 349
142 194
142 249
142 260
142 328
142 335
143 188
144 208
144 274
145 348
146 157
147 244
147 337
148 343
149 154
150 305
151 165
151 250
152 192
153 188
154 173
154 274
154 292
154 318
157 185
157 235
158 288
159 276
159 346
160 189
160 247
160 252
162 237
162 240
162 299
163 280
164 331
166 167
166 346
167 263
169 321
170 188
170 227
170 279
171 190
175 202
176 251
177 221
177 247
178 316
180 189
180 194
180 237
181 224
181 269
181 283
183 245
183 248
183 293
184 203
185 255
186 222
186 268
187 248
189 264
189 270
189 276
190 211
191 198
193 252
194 225
195 343
196 214
196 230
197 293
198 221
198 320
199 303
199 309
200 342
201 210
201 266
201 312
202 277
202 290
203 224
203 245
203 328
205 211
205 238
205 251
205 266
205 291
205 306
207 255
210 300
215 278
216 263
217 316
217 332
219 305
221 276
221 317
222 234
224 346
225 302
225 323
225 325
226 229
228 343
229 242
229 244
229 277
229 312
230 284
231 235
232 311
233 288
234 287
235 246
237 348
241 284
243 251
246 321
247 265
248 286
248 307
250 274
250 339
252 313
254 288
254 329
254 342
255 256
255 333
257 265
258 305
262 272
264 342
265 287
269 315
270 301
272 327
272 337
274 329
276 296
276 308
278 295
278 308
287 301
287 309
287 341
306 311
309 329
309 341
310 348
317 347
333 341
