200 312
1 49
1 57
2 40
2 54
2 95
2 141
2 164
3 34
3 53
3 59
3 120
3 140
3 148
4 76
5 31
5 104
5 128
5 162
6 119
6 176
7 46
7 137
7 156
7 196
8 9
8 70
8 114
8 182
9 128
9 176
10 53
10 176
10 182
11 57
11 64
11 99
11 126
11 147
12 28
12 38
12 50
13 32
14 17
14 103
15 135
16 127
16 173
17 67
17 133
17 175
18 97
19 102
19 167
20 53
20 131
20 159
20 161
20 188
21 84
21 95
21 128
21 144
21 168
22 44
22 93
22 118
22 150
22 173
22 199
23 58
23 123
23 124
23 173
24 33
24 71
24 113
24 115
24 186
25 110
25 144
26 83
27 171
27 178
28 31
28 79
28 162
28 170
28 176
29 97
30 60
30 89
30 94
30 105
30 162
31 70
31 185
32 136
32 159
32 198
33 58
34 76
35 106
36 69
36 180
37 161
38 123
38 159
39 77
39 117
39 163
40 179
41 50
41 197
42 43
42 122
42 195
42 197
44 58
44 162
44 163
44 183
44 200
45 50
46 157
46 172
46 179
47 128
47 132
48 97
48 115
48 132
48 171
49 104
49 147
49 192
50 159
50 198
51 105
52 94
52 153
52 164
52 175
53 119
53 128
54 121
54 195
55 153
55 178
55 184
56 97
56 124
56 127
56 157
57 83
57 123
57 157
58 89
58 163
59 97
59 103
59 108
60 86
60 160
60 200
61 177
61 181
62 166
62 178
63 118
63 184
65 119
66 90
66 91
66 183
66 193
67 85
67 107
67 140
67 143
67 199
68 138
69 73
69 90
69 180
69 188
71 138
71 140
71 167
72 121
72 130
72 135
72 182
74 172
75 76
75 112
76 88
76 188
77 124
77 165
78 143
79 108
79 134
79 142
79 153
80 121
80 131
80 162
81 114
81 130
82 143
83 88
83 194
84 148
85 182
85 192
86 158
87 119
89 179
90 110
91 105
92 177
94 154
94 189
94 190
95 110
95 121
95 139
95 140
96 114
96 124
97 98
98 127
99 152
99 169
100 128
100 162
101 179
102 123
103 130
103 197
104 160
104 198
105 166
106 125
106 128
106 154
106 192
106 194
107 155
107 162
109 135
110 151
111 136
111 161
112 127
112 130
114 161
116 149
116 177
117 182
118 139
118 149
118 159
119 145
119 182
121 134
121 192
121 195
123 159
123 193
124 174
126 134
128 179
129 172
130 187
131 140
131 157
132 138
132 145
132 172
135 181
136 146
138 191
139 161
142 164
142 176
143 173
144 198
146 172
147 169
147 198
151 184
152 157
152 183
153 189
154 191
157 198
158 179
161 192
163 165
163 169
163 195
167 170
167 184
168 170
171 183
172 200
177 195
178 188
180 191
183 196
196 198
