120 202
1 22
1 23
2 108
2 109
3 69
4 40
4 48
4 86
4 96
4 109
5 33
5 55
5 56
5 75
5 77
5 86
5 112
6 117
7 26
7 31
7 45
7 54
8 11
8 73
9 35
9 73
9 82
9 119
10 46
10 47
10 58
11 84
12 42
12 76
12 95
12 110
13 51
13 100
14 30
14 118
15 38
16 35
16 115
17 18
17 26
17 30
17 31
17 40
18 22
18 56
18 66
18 85
18 115
19 69
19 72
19 76
19 100
19 118
20 120
21 57
21 63
22 28
22 36
22 41
23 41
23 42
23 118
24 44
24 109
25 34
25 46
25 47
25 104
26 58
26 84
26 98
26 109
26 114
27 87
29 40
29 100
29 119
30 45
30 72
30 82
30 102
30 107
31 50
31 74
31 103
32 41
32 67
32 96
32 104
33 71
34 39
34 49
34 118
35 59
35 106
36 37
37 76
38 60
38 62
38 64
39 47
39 120
40 64
40 88
40 93
41 80
41 119
42 51
42 75
42 89
42 92
42 100
42 110
43 82
43 96
44 63
45 46
45 73
45 104
45 118
46 66
47 85
48 57
48 68
48 70
48 91
49 50
49 51
49 61
49 118
51 54
51 78
52 68
52 92
52 99
53 77
53 86
53 104
54 82
54 95
55 57
56 92
56 116
57 80
57 114
58 67
58 78
60 97
61 110
63 64
63 79
63 119
64 84
65 73
65 118
66 112
69 88
69 89
70 103
70 115
71 80
73 115
74 84
75 84
75 117
76 97
76 105
79 80
79 107
80 101
81 87
82 99
82 113
82 120
83 87
84 102
85 87
85 100
85 111
85 117
86 89
86 108
86 111
87 106
89 120
90 120
92 99
93 109
94 120
95 117
99 108
101 115
105 109
108 114
110 116
112 119
112 120
