300 353
1 255
1 276
2 266
3 143
4 191
5 146
6 89
7 111
8 51
8 79
8 196
8 209
8 250
9 80
9 172
10 233
11 30
11 42
11 196
11 252
11 275
11 286
12 23
12 239
13 15
13 84
13 156
13 270
13 292
14 15
14 17
14 102
14 174
14 228
15 145
15 258
15 266
16 258
17 60
18 127
19 162
19 299
20 127
21 111
22 38
22 80
22 122
22 203
23 106
24 36
24 47
24 67
24 75
25 49
26 241
27 64
28 216
29 131
30 152
30 181
30 289
31 34
31 232
32 215
33 180
34 57
34 71
34 107
35 254
37 215
38 129
38 135
38 181
39 251
40 194
41 239
42 108
42 139
43 281
44 260
45 172
46 113
48 149
48 151
48 153
48 167
49 179
49 259
49 263
50 267
50 274
52 283
53 284
54 113
55 133
56 109
56 158
56 239
56 283
58 143
58 169
59 66
59 122
59 128
59 164
60 139
61 182
62 165
62 195
62 245
62 246
63 283
64 177
64 217
64 243
65 85
68 161
68 205
68 293
68 297
69 237
70 75
70 76
70 114
70 118
70 159
71 72
72 125
72 160
72 198
72 296
73 83
74 289
75 109
75 134
75 182
75 225
76 289
77 85
77 169
78 104
79 104
80 147
80 214
80 254
81 139
82 191
83 122
83 141
83 189
84 113
84 135
84 194
85 86
85 98
86 89
86 99
86 104
87 190
87 218
87 243
88 266
89 110
89 264
90 101
90 186
91 182
92 133
93 129
93 138
93 178
93 209
93 213
93 246
94 255
94 289
95 223
96 105
96 117
96 123
96 226
97 137
97 163
97 176
97 184
97 188
97 261
98 221
99 121
99 123
99 184
100 131
101 197
101 203
101 262
103 187
103 198
103 207
103 254
103 273
104 268
106 151
106 229
106 276
107 127
107 139
107 181
108 147
109 179
109 184
109 298
111 174
111 209
111 238
111 257
112 166
112 178
112 192
112 204
112 269
113 222
115 124
115 214
116 237
119 183
120 274
121 135
121 157
121 237
121 240
121 260
121 294
122 280
123 169
123 274
124 280
126 136
126 203
126 267
126 277
127 247
129 184
130 196
130 198
130 224
130 253
130 291
131 209
131 234
132 162
133 137
133 152
133 272
134 258
135 198
135 209
136 138
137 145
137 180
138 183
138 279
140 169
140 241
142 283
143 178
143 228
143 236
144 214
145 151
145 184
146 155
146 161
146 221
147 242
147 287
148 216
150 266
151 251
152 230
152 288
152 300
154 260
154 297
157 208
157 219
157 240
158 244
158 269
158 290
161 181
161 215
162 238
162 285
167 292
168 215
169 235
169 271
170 254
171 237
172 203
172 227
173 251
175 180
175 289
176 211
176 255
178 255
179 183
179 223
180 256
182 225
183 210
185 284
186 281
188 194
188 281
191 206
191 243
193 223
194 201
194 232
199 260
200 233
202 239
211 280
212 284
213 233
213 241
213 284
214 248
216 279
216 285
219 245
220 223
231 289
232 268
233 265
240 273
241 278
243 246
246 264
246 285
249 274
251 276
251 298
254 299
258 295
259 295
263 285
280 282
281 285
281 294
281 297
