25.157382
49489
76
1693
72224
189 319
192 280
20 196
39 381
92 258
17 386
206 209
29 199
126 183
292 303
57 296
186 243
159 207
12 396
16 244
121 204
134 288
41 224
62 231
69 282
69 331
213 253
111 253
34 69
7 217
203 261
174 382
89 326
194 326
160 339
238 392
198 256
201 283
281 335
22 59
83 286
135 286
63 286
80 329
139 219
214 270
67 158
119 162
212 228
223 295
228 360
231 295
98 119
121 171
171 296
8 295
9 171
20 171
84 295
13 228
112 119
61 387
144 230
144 358
34 144
199 387
155 372
117 272
143 361
107 346
152 370
65 346
154 322
173 346
92 220
91 267
220 385
220 240
177 370
188 220
44 118
50 267
205 346
319 370
267 321
267 355
274 322
118 313
118 194
118 158
322 352
322 373
255 267
55 262
320 381
144 396
12 161
5 161
93 345
301 324
201 301
98 138
13 193
289 347
109 304
165 312
131 285
7 275
303 369
18 42
23 42
180 275
128 369
218 275
334 369
42 189
145 338
77 328
232 395
6 228
71 326
185 399
96 237
150 365
85 245
236 341
241 309
17 309
105 143
170 341
318 390
237 264
105 256
185 284
174 365
259 344
141 318
49 105
132 341
24 259
23 237
124 259
70 185
130 365
292 309
105 321
149 237
156 313
85 273
85 249
53 318
326 375
69 253
112 172
340 397
258 340
169 335
169 384
169 242
169 270
226 314
226 379
101 226
197 226
239 326
288 306
102 179
33 288
37 229
32 207
29 32
114 299
264 299
50 76
54 76
11 76
21 178
11 21
323 366
323 398
167 316
323 352
316 359
316 380
75 145
75 167
119 129
28 134
28 90
28 329
48 325
133 325
108 317
108 280
71 387
276 351
118 204
56 69
253 377
309 343
156 343
6 365
168 375
228 368
275 289
283 310
286 374
30 172
30 169
288 320
62 171
51 392
36 368
41 220
190 322
168 278
115 198
253 350
57 164
164 183
22 310
74 234
97 336
154 336
336 386
74 157
74 219
239 361
214 266
94 209
215 232
59 215
55 278
288 312
228 266
93 217
328 338
42 204
51 286
195 349
287 349
378 388
367 372
364 367
357 400
388 391
265 388
251 357
233 300
127 221
225 363
221 327
208 221
137 367
184 225
181 357
19 45
25 45
73 233
104 233
45 166
3 225
107 125
125 133
14 322
288 369
52 153
153 206
9 64
58 354
88 248
64 394
159 248
68 356
203 297
242 297
215 345
144 347
136 250
192 222
78 222
4 286
106 371
105 129
138 253
79 276
307 318
244 340
160 370
305 307
148 193
333 348
177 333
148 279
351 395
38 140
38 334
118 298
148 304
240 362
342 362
262 362
281 346
100 138
40 314
40 376
196 311
210 271
49 122
175 308
66 311
65 86
1 165
186 337
1 227
175 235
176 294
175 243
15 290
290 330
293 302
285 337
16 315
277 290
268 315
31 47
257 353
247 389
47 187
1 10
39 46
224 254
223 383
210 339
210 238
46 113
332 383
46 291
202 254
151 311
146 353
142 287
140 182
81 337
82 122
86 103
87 182
130 293
86 195
123 142
122 200
120 247
95 142
117 353
116 293
110 182
163 294
27 347
226 288
77 279
56 216
190 252
14 393
26 260
67 246
26 346
263 393
318 326
191 269
191 263
72 156
80 131
60 260
60 272
106 269
35 60
69 108
37 298
129 367
139 252
119 185
155 259
147 156
147 341
47 371
33 179
35 85
73 211
15 211
250 278
94 266
354 382
247 374
72 294
4 233
99 295
68 350
43 370
45 131
2 106
99 225
43 357
2 388
2 221
