9.938305
137647
34
54695
197678
93 198
83 102
41 183
24 40
117 119
71 99
63 168
50 110
123 186
61 200
64 143
13 44
22 134
192 193
120 184
57 74
107 130
125 197
8 125
76 138
92 135
49 108
78 144
70 144
144 171
144 162
62 144
87 98
34 79
79 133
96 139
59 96
56 84
56 157
56 171
55 56
13 96
124 187
183 191
29 191
79 118
46 65
45 157
45 109
85 89
85 175
85 195
27 45
85 101
122 169
86 154
9 106
123 154
106 162
106 167
82 154
42 106
75 87
73 87
118 169
12 150
10 158
10 92
10 77
3 10
48 91
76 180
142 180
40 43
43 119
43 83
73 191
159 195
120 159
99 159
22 87
74 163
163 198
43 44
14 194
111 154
134 163
58 146
58 71
58 133
58 165
68 111
16 127
16 166
16 122
36 97
35 149
35 65
17 35
97 190
97 110
37 87
121 144
125 132
7 81
50 81
2 160
21 33
160 189
160 179
33 151
33 88
33 59
55 188
141 188
43 75
54 200
139 199
165 199
143 196
141 196
82 196
126 155
36 155
175 176
109 176
136 182
47 114
94 168
94 112
130 152
102 152
125 144
69 153
79 182
15 129
20 72
131 178
126 178
11 172
29 172
101 129
178 181
4 172
20 186
18 193
18 91
116 129
18 63
31 57
32 96
105 187
153 194
136 138
113 137
48 184
69 10
105 154
19 93
19 61
19 147
173 192
37 97
79 113
67 173
53 180
46 135
39 95
5 90
98 145
39 156
145 148
80 197
66 90
80 164
26 115
26 150
26 170
30 80
140 145
35 121
34 38
38 103
28 104
23 60
6 54
100 185
14 185
51 177
108 177
52 124
52 161
25 128
8 128
31 49
1 174
1 77
47 67
53 160
12 137
6 23
32 90
28 125
12 39
