56.666534
1
130
79755
92165
164 328
52 417
55 373
62 97
179 310
357 459
126 274
26 295
68 437
41 277
330 448
240 386
242 324
103 153
171 448
171 386
171 385
110 171
26 377
183 187
187 341
195 377
282 377
38 187
90 187
83 498
169 457
135 239
244 439
47 234
179 381
68 381
406 408
408 437
408 473
263 408
113 244
234 297
224 381
244 345
210 381
170 203
80 148
168 177
35 212
309 368
43 296
148 481
148 393
225 312
127 177
66 318
225 359
147 148
66 257
289 368
336 450
228 336
368 483
368 441
66 142
128 203
136 225
66 121
296 412
177 222
174 296
212 288
203 384
212 442
100 336
295 317
317 470
189 317
491 499
367 499
16 138
378 417
48 467
78 337
373 499
78 353
48 371
48 364
85 106
217 358
78 361
56 378
59 438
138 412
138 192
138 165
9 394
99 161
65 91
231 266
154 231
33 394
106 429
438 445
91 290
161 455
161 190
394 480
73 91
106 314
106 216
265 378
378 449
48 330
231 431
335 499
333 438
141 494
141 341
392 430
291 430
141 311
129 430
357 391
98 235
237 477
112 286
235 419
115 235
121 286
235 307
124 247
133 258
191 444
19 254
180 258
420 477
401 444
210 321
398 444
178 302
178 199
178 181
247 495
391 491
391 489
247 488
158 258
156 463
304 477
134 444
46 279
46 344
46 363
46 464
286 479
55 258
8 477
230 286
245 348
197 223
348 457
93 376
93 227
93 108
348 428
238 299
143 176
280 427
274 299
223 414
163 404
223 275
209 404
204 487
204 459
250 427
1 204
44 424
44 181
44 147
79 404
41 143
39 299
32 307
427 441
21 143
20 268
20 153
20 58
5 32
18 32
350 472
246 340
350 401
246 460
97 246
350 383
64 468
64 217
64 200
125 474
125 325
125 229
351 500
301 328
61 349
119 301
118 264
56 380
51 264
374 380
84 214
149 496
42 208
214 461
208 415
155 496
158 433
380 405
31 364
31 188
31 114
27 351
202 433
349 498
349 451
101 293
101 156
88 433
101 458
110 301
129 151
236 474
60 494
232 395
172 356
338 356
81 426
111 283
388 436
166 416
395 422
6 305
342 355
94 446
379 416
28 423
36 57
270 436
271 308
36 74
160 434
95 218
36 396
157 447
157 262
81 411
81 206
4 233
3 219
284 342
146 259
251 346
220 347
220 413
218 482
218 331
220 443
12 157
249 400
213 440
14 233
440 462
434 466
249 432
207 446
17 146
249 497
28 75
251 492
434 465
193 252
226 251
23 475
260 370
261 308
452 475
184 315
184 211
342 375
10 308
421 475
273 370
28 40
305 454
137 403
137 369
104 146
131 410
131 276
131 159
130 407
130 326
130 243
305 306
76 269
67 107
126 446
76 242
145 205
72 111
109 111
67 319
123 436
67 471
241 356
69 76
70 137
71 453
117 370
71 221
329 416
71 362
77 252
360 440
145 248
145 175
294 395
54 252
3 167
102 184
50 233
3 89
164 198
198 399
323 493
103 418
257 418
13 52
327 478
13 196
22 490
37 292
352 478
464 490
287 418
13 240
277 490
224 267
15 150
122 485
87 478
15 435
15 303
162 493
63 389
63 314
292 313
7 105
173 493
29 267
267 425
105 239
63 304
105 310
292 473
62 122
173 486
120 327
132 197
189 469
229 402
209 469
227 402
234 377
135 169
171 382
152 377
150 256
256 363
11 171
66 135
83 231
78 83
169 382
377 391
225 244
203 212
336 476
296 394
48 152
366 476
144 234
177 247
86 169
476 477
391 476
83 320
253 334
185 317
334 366
83 446
83 233
92 187
141 430
24 334
286 463
120 187
93 476
81 135
82 244
215 298
140 169
185 235
177 281
255 334
91 182
182 366
2 438
215 463
30 231
30 106
296 397
212 397
316 366
2 46
30 141
358 409
148 186
186 225
186 368
298 332
203 390
332 358
336 354
350 463
11 281
24 45
30 387
2 215
300 430
45 254
82 247
143 201
182 223
86 322
34 404
178 456
96 366
49 444
343 394
372 499
278 358
161 365
161 285
91 285
139 358
138 484
252 321
144 208
53 204
272 320
25 387
116 348
34 351
322 390
20 194
32 339
2 370
71 272
67 201
3 182
220 272
201 475
122 272
82 214
316 486
36 45
28 45
53 416
157 300
151 264
60 496
395 456
116 342
111 116
218 456
49 440
130 194
131 339
96 436
96 184
96 434
92 251
249 343
356 372
140 308
145 365
25 137
146 354
76 354
305 484
