8.396231
171989
22
16489
289189
36 37
85 95
16 127
34 129
76 130
12 36
44 121
9 79
3 135
26 60
32 83
39 64
39 89
39 97
83 111
12 83
28 83
48 61
27 42
27 121
16 101
27 62
37 101
18 27
79 101
73 101
10 125
46 92
92 94
6 92
44 92
92 133
100 105
3 39
22 59
47 137
82 120
2 90
2 74
5 59
83 136
38 59
25 57
10 59
98 109
75 139
81 139
23 109
94 139
138 139
97 109
70 115
77 84
77 110
106 115
50 77
107 115
77 133
14 28
14 135
101 105
15 41
35 108
8 108
41 89
41 86
49 119
104 118
82 104
104 131
2 140
27 125
1 65
122 134
34 103
103 119
7 11
68 127
63 99
63 75
7 40
52 68
7 26
39 59
108 140
38 134
92 102
9 49
2 5
48 59
51 101
25 136
4 30
4 91
58 123
13 112
58 124
88 112
20 58
29 112
53 72
114 116
21 50
17 67
21 45
17 129
128 132
71 132
100 120
7 22
102 115
19 78
57 78
76 113
110 113
1 113
33 66
33 80
45 69
69 126
69 137
33 85
61 96
24 95
24 71
24 31
55 96
54 96
43 130
43 56
40 93
93 128
60 72
83 87
51 117
47 114
58 65
87 39
112 117
