22.025078
101898
48
41
125252
72 117
115 175
2 10
2 123
82 119
11 158
10 158
120 158
107 158
93 94
63 71
63 67
63 179
8 126
8 48
8 111
8 101
14 81
45 126
45 176
14 171
45 140
14 85
53 102
5 131
5 124
5 108
5 107
4 102
100 102
18 57
18 133
18 23
18 161
15 90
61 154
3 61
61 115
35 52
32 88
91 129
60 177
34 39
33 177
32 159
37 114
84 173
31 168
30 137
58 174
29 40
58 151
36 83
142 177
38 58
51 116
39 75
50 83
49 153
40 72
47 83
46 103
40 132
42 106
92 155
44 173
92 163
103 122
69 153
135 153
129 160
129 150
65 92
118 168
9 25
12 20
116 167
116 143
77 106
16 19
16 66
114 136
16 147
112 168
98 173
103 156
26 39
25 165
25 41
106 172
80 137
22 114
21 32
20 130
20 70
17 137
13 64
23 64
7 104
104 113
1 104
56 64
74 141
59 95
141 169
120 141
144 178
95 119
95 145
24 152
24 35
24 96
7 157
54 76
86 149
139 175
109 123
78 139
97 109
93 109
89 138
89 117
89 105
87 148
15 149
43 87
54 110
2 82
73 148
73 169
27 55
27 99
158 164
2 180
8 82
146 164
14 82
14 63
164 109
2 127
146 170
6 90
129 164
52 158
94 106
40 94
62 180
6 128
146 177
146 153
64 146
5 134
28 63
102 166
62 125
45 178
162 170
102 127
90 114
90 137
90 168
79 125
103 128
68 125
61 162
20 79
79 116
83 134
79 104
121 125
16 68
32 68
39 68
92 127
58 127
25 28
121 173
54 157
27 178
