18.178169
104881
41
7
170464
81 132
46 68
39 131
53 73
23 118
51 114
146 150
13 150
106 150
7 150
7 83
119 157
119 130
91 119
75 119
18 28
18 90
18 107
18 115
36 71
44 124
17 24
17 72
71 100
55 71
70 127
55 127
61 124
59 71
57 127
17 23
3 138
105 138
100 124
121 127
93 138
32 110
31 111
31 107
60 66
6 140
32 132
32 146
61 128
62 73
114 140
62 95
62 148
54 69
4 31
66 68
25 128
66 158
69 141
76 128
134 140
41 69
50 74
52 87
50 126
137 152
50 80
47 155
144 154
56 103
56 136
120 131
120 129
117 154
65 143
65 145
67 147
112 154
79 116
99 155
94 147
84 159
79 125
79 149
84 153
82 87
5 87
11 120
12 152
14 27
2 65
14 48
14 92
15 155
8 56
20 64
20 43
20 21
9 147
35 84
19 152
11 37
77 88
77 97
81 108
118 160
86 102
113 160
98 108
22 108
45 58
53 160
39 86
42 86
45 101
45 156
104 109
46 109
30 133
133 157
38 133
16 123
16 139
33 41
85 156
19 85
63 150
51 62
51 66
51 128
34 51
26 83
63 140
17 138
83 120
83 155
63 152
135 150
18 151
17 89
10 63
83 133
16 63
96 127
124 154
71 151
1 138
40 69
29 124
40 142
14 40
40 84
65 96
78 79
50 78
20 78
26 49
32 122
1 56
49 142
87 122
122 147
29 78
37 77
