33.977359
58474
96
63679
94365
125 283
99 253
381 401
70 292
19 162
179 263
326 373
192 285
8 88
170 377
54 312
188 191
113 169
187 255
5 444
48 157
46 357
26 306
3 51
247 337
136 231
184 392
283 437
386 437
433 437
403 406
86 203
137 323
91 187
54 91
91 263
124 154
200 390
200 432
202 448
43 128
128 248
143 314
128 147
106 314
179 202
101 339
213 384
213 435
215 314
175 213
71 101
69 202
40 122
40 123
40 176
40 281
21 420
207 272
267 272
184 272
354 366
282 289
126 289
79 289
217 300
300 379
245 300
3 300
304 364
173 174
68 221
321 415
321 432
48 321
171 393
220 409
122 138
197 220
220 403
138 345
111 138
138 396
17 393
271 276
9 445
97 445
25 127
57 445
268 421
234 445
185 396
185 357
16 268
25 70
276 310
276 425
205 445
168 239
113 298
15 328
312 329
145 329
351 372
23 436
161 214
23 425
338 395
102 186
23 152
214 423
350 372
257 328
214 443
329 400
238 328
218 298
234 270
32 169
23 28
226 329
326 342
104 302
27 307
93 186
32 227
30 298
92 270
275 342
270 360
27 430
27 359
38 186
395 442
298 428
27 245
8 372
44 145
178 302
44 303
149 302
121 395
44 135
10 32
264 342
86 270
216 278
216 373
378 410
67 378
188 216
5 254
83 232
21 254
378 399
232 343
193 232
232 269
254 330
254 313
103 371
256 356
31 82
82 255
392 437
175 405
131 317
317 429
109 304
109 332
18 448
108 359
29 96
277 413
129 155
80 341
14 56
14 366
80 416
14 47
115 383
129 361
57 80
244 348
285 383
166 228
128 431
251 337
34 325
146 159
34 151
146 253
252 385
377 385
114 385
133 146
34 376
200 211
118 243
118 330
101 437
128 422
101 236
39 167
180 407
141 407
229 340
194 407
195 340
167 370
99 340
167 308
119 440
154 346
1 363
139 199
142 331
100 331
2 402
165 284
134 284
258 427
61 73
280 331
42 363
369 402
242 273
73 296
73 389
74 414
76 363
77 402
242 438
242 447
284 294
53 324
408 414
53 212
199 387
199 316
53 132
190 258
414 424
4 258
172 265
228 265
375 380
40 236
295 305
295 319
158 221
158 292
272 422
270 337
27 337
65 431
154 279
144 210
143 144
208 431
58 219
197 219
211 272
201 412
201 401
120 237
120 390
299 444
290 391
315 404
287 303
318 400
327 426
333 384
336 426
343 347
404 411
189 209
130 441
243 318
182 430
182 367
182 356
177 322
204 365
209 235
225 322
230 311
231 333
233 246
237 287
240 266
266 309
162 260
246 446
160 355
249 299
259 313
153 259
259 362
148 388
148 173
260 436
261 353
266 277
107 204
110 353
92 241
41 150
41 168
41 371
49 75
50 125
50 365
50 382
51 333
52 130
93 322
72 347
110 287
107 160
105 260
56 75
58 347
94 247
66 311
94 320
62 157
62 288
62 449
63 192
94 323
63 381
22 170
6 87
6 204
11 290
13 160
85 241
16 112
87 124
19 148
87 334
89 306
22 88
37 112
22 301
89 361
89 421
116 418
116 218
116 191
90 241
79 318
112 156
26 246
75 394
35 353
103 337
174 437
268 431
101 375
24 337
136 276
108 297
20 276
55 91
368 431
20 64
291 300
24 78
239 406
60 68
202 397
109 431
291 450
117 420
202 335
78 348
346 378
208 417
276 352
60 64
154 372
81 203
223 417
274 335
354 364
81 434
95 185
181 431
206 220
183 372
419 431
63 297
59 198
45 59
198 398
140 250
140 314
32 206
293 308
293 305
84 101
154 413
222 376
141 222
36 358
29 352
250 405
65 328
7 286
214 321
163 393
36 274
368 393
154 349
117 439
251 317
12 183
286 385
216 395
186 256
167 279
434 440
84 374
130 137
164 186
55 146
33 314
98 450
34 65
290 358
163 166
65 402
181 302
138 196
397 404
53 368
254 344
216 224
18 73
258 439
12 262
98 311
196 414
199 262
209 349
419 426
33 363
331 344
224 284
224 242
44 398
