57.120546
1
129
13088
48139
82 454
32 97
29 298
172 314
136 439
9 271
252 393
93 102
86 301
73 467
66 237
30 131
174 439
174 241
203 271
203 301
131 477
131 332
66 356
66 244
131 308
97 174
203 374
26 66
66 239
118 367
367 388
219 367
280 400
280 402
280 347
195 280
286 461
132 280
68 286
16 141
16 362
16 447
264 369
264 327
264 304
235 332
35 338
338 500
262 338
23 341
341 500
155 341
236 356
326 334
363 476
321 348
256 377
3 343
117 256
266 432
119 378
320 415
127 468
312 335
363 412
266 434
51 245
10 415
250 466
391 468
249 485
363 393
135 384
12 335
139 184
139 344
91 455
89 296
4 168
343 431
4 181
4 318
260 363
65 378
4 69
64 276
64 163
64 151
89 191
259 378
93 139
266 289
68 335
256 445
58 249
100 395
70 395
105 290
330 335
47 384
284 415
180 220
182 395
83 248
192 231
192 482
194 220
83 127
234 334
33 334
232 455
274 467
80 275
227 274
201 321
224 266
222 249
220 370
18 466
220 268
83 109
24 456
210 274
279 321
80 255
146 317
85 426
148 267
355 415
85 112
77 89
150 395
160 343
83 346
163 378
79 85
165 274
417 466
167 267
267 281
464 468
242 455
40 80
177 192
139 473
352 451
263 283
110 206
295 358
217 443
207 315
194 342
185 385
178 476
178 319
164 428
162 178
295 300
295 345
342 418
146 352
142 342
134 283
310 361
116 315
110 252
327 443
101 385
337 352
60 385
21 164
27 443
30 110
6 229
6 273
6 388
361 387
71 283
73 361
2 459
14 459
104 198
99 198
198 318
36 86
36 465
36 400
114 190
120 389
225 396
166 299
225 324
225 244
55 350
172 493
55 115
299 330
299 403
113 175
114 245
316 349
282 422
26 316
144 486
144 277
175 354
389 434
282 427
32 144
278 493
57 493
78 114
87 389
62 81
9 55
94 316
81 353
15 185
269 381
269 454
380 414
24 416
183 414
416 440
105 414
287 416
206 254
124 408
124 328
124 461
53 121
46 351
46 344
53 150
53 199
46 474
5 499
202 399
399 499
12 433
40 215
176 302
471 479
187 253
429 457
179 322
179 398
179 452
37 218
11 339
39 258
258 472
481 497
173 495
173 423
425 469
173 200
1 288
419 480
171 360
169 483
42 253
413 463
288 336
157 435
218 430
82 311
214 372
243 446
22 34
243 292
240 475
216 475
218 307
22 72
20 448
19 313
17 413
233 483
221 372
462 479
438 448
28 54
7 404
8 76
253 424
195 429
31 76
251 479
197 311
227 419
189 435
247 435
204 339
25 444
437 497
272 419
22 158
212 243
95 313
383 404
56 382
311 488
129 497
130 205
98 444
130 297
130 494
59 63
126 340
63 161
63 186
50 258
49 265
92 156
309 386
302 498
49 238
54 136
56 170
108 448
331 469
54 449
111 193
111 379
325 394
111 489
67 313
106 340
372 441
56 357
373 483
103 156
102 288
314 429
125 309
153 188
44 450
45 309
410 411
298 339
44 409
294 469
145 340
410 478
75 407
152 410
143 360
88 226
140 475
405 407
76 209
153 223
404 492
88 320
88 368
138 413
137 302
153 453
154 394
84 444
360 390
359 407
44 122
156 208
49 61
2 323
174 203
228 239
39 228
387 421
397 402
10 421
431 484
300 484
134 397
203 321
203 290
131 466
89 174
89 436
317 436
174 293
286 375
131 470
66 246
235 338
16 267
264 270
64 375
264 306
196 286
236 334
291 334
256 384
85 455
80 343
64 290
286 364
13 213
215 436
63 436
419 436
192 371
38 280
13 352
13 110
128 270
4 306
90 367
267 392
80 496
236 329
128 329
164 371
256 460
213 392
196 305
415 490
384 490
36 51
16 159
133 290
293 385
317 487
266 470
192 487
43 366
491 496
51 333
123 395
123 455
15 291
249 442
13 53
257 456
254 456
85 147
147 468
38 139
311 375
156 375
133 458
107 338
52 305
257 366
5 384
164 401
230 283
246 342
211 317
149 456
365 460
90 341
6 442
74 178
303 443
41 83
128 413
128 253
317 376
51 218
51 497
49 290
43 175
285 295
96 491
406 458
249 323
315 433
261 315
444 496
372 392
392 404
479 496
81 96
243 487
401 435
282 420
111 470
179 230
173 401
76 230
407 442
303 339
74 469
285 475
360 364
96 410
48 406
52 340
211 302
149 420
130 261
420 483
41 153
41 313
22 420
44 159
48 56
107 309
48 394
48 448
