61.127282
1
129
1046
75648
21 423
24 227
225 421
152 370
161 221
56 96
64 157
290 414
67 318
274 360
280 364
4 116
4 216
4 311
4 327
4 85
163 315
90 315
290 315
386 422
57 422
239 422
120 172
412 416
195 358
195 309
85 195
259 297
249 347
252 429
204 405
144 208
108 370
204 277
73 102
45 73
51 109
73 160
107 294
144 431
207 294
73 317
122 275
183 347
122 166
122 325
122 381
347 433
297 418
9 204
82 108
294 333
33 297
39 108
14 64
14 149
14 269
14 443
32 297
144 158
325 347
223 382
161 427
70 152
70 396
70 96
43 119
43 280
43 380
67 276
339 442
191 357
55 97
55 227
55 256
56 251
84 371
382 423
81 427
62 448
173 251
105 202
132 382
105 421
10 185
23 416
23 336
23 328
271 327
105 274
10 339
74 345
287 427
289 357
74 395
127 251
74 414
10 362
7 448
169 371
311 448
123 271
174 271
102 357
104 276
21 332
143 332
184 332
27 87
92 194
37 441
27 35
13 252
13 334
13 408
29 364
148 318
17 148
101 148
27 363
29 234
29 387
194 275
194 304
167 210
157 167
130 167
193 301
170 365
164 374
165 322
165 435
170 246
168 432
139 164
125 425
126 437
128 367
129 232
129 379
131 182
131 403
133 189
346 388
137 305
138 340
159 196
140 338
142 323
142 335
145 316
147 316
150 351
154 244
154 250
154 253
156 438
243 348
270 282
268 378
266 375
265 351
264 367
261 296
258 424
248 331
272 406
241 375
240 388
238 388
233 449
231 425
228 296
226 432
222 243
273 343
281 413
282 283
285 305
293 361
295 359
296 392
298 407
298 411
300 413
302 338
303 432
306 367
308 351
314 426
180 310
190 235
190 213
189 445
189 221
187 206
186 449
181 439
180 393
190 321
180 211
179 406
178 307
178 262
177 373
177 198
176 450
170 399
192 384
193 286
316 391
196 436
196 447
197 284
197 292
199 282
205 215
206 279
331 410
206 341
212 273
215 444
220 258
368 406
15 113
15 260
15 313
72 400
16 77
75 99
8 131
76 155
76 245
369 438
76 349
77 121
41 217
77 353
78 129
360 413
36 46
6 377
359 398
80 126
86 314
88 192
89 361
34 404
5 146
377 446
49 359
50 338
47 176
46 214
46 110
44 177
52 215
12 30
378 417
60 305
42 178
61 126
83 331
41 389
65 98
65 134
65 236
66 138
68 361
69 164
385 425
71 138
72 329
72 342
41 255
100 193
3 378
28 192
26 314
99 106
25 372
354 439
1 5
394 439
25 200
25 58
99 312
103 298
24 438
112 449
22 93
114 273
115 258
117 142
352 375
19 165
20 176
30 415
34 291
34 263
33 243
31 197
30 54
355 377
93 257
93 267
94 171
94 229
94 390
5 111
109 324
124 324
172 324
149 397
188 225
53 188
237 397
11 397
48 188
151 381
35 201
22 201
18 419
18 420
4 356
108 422
204 356
356 371
276 412
141 412
120 430
315 344
95 120
120 254
108 175
144 224
122 429
153 356
120 409
38 175
73 254
294 442
175 442
195 330
129 356
298 412
375 412
219 429
63 422
14 330
153 224
40 297
294 441
51 299
70 254
23 278
276 442
74 430
43 376
151 315
347 402
230 427
105 230
175 438
51 367
175 439
413 429
296 429
34 51
224 305
131 224
51 243
189 224
136 144
135 204
162 376
162 401
91 148
383 441
13 401
27 209
194 203
38 247
230 332
209 299
203 434
192 401
314 383
406 430
5 91
278 338
278 361
282 401
15 430
95 126
197 383
193 203
209 351
178 209
72 376
176 254
91 331
95 154
38 79
38 59
141 319
258 376
138 203
242 278
219 326
271 428
218 247
2 55
337 357
320 383
170 344
344 377
40 316
40 196
218 366
434 440
99 402
319 388
25 319
46 440
59 65
59 94
378 440
59 180
76 319
77 288
79 165
79 190
79 449
425 440
142 350
164 288
206 288
273 350
215 350
428 432
30 63
135 177
2 359
288 320
41 337
118 350
118 136
18 441
