46.492963
1
98
21206
72343
198 253
232 258
66 165
128 251
7 144
211 319
14 285
14 49
47 203
11 340
11 265
11 130
11 55
46 203
154 203
203 346
201 303
196 303
150 303
27 120
62 127
231 339
44 62
231 282
62 129
62 305
60 120
120 281
25 254
25 112
167 231
24 25
281 350
50 135
31 79
75 248
206 234
176 334
176 250
71 95
53 234
71 162
71 159
161 331
161 311
76 176
3 123
3 186
3 249
3 318
102 161
107 268
6 58
6 217
6 271
6 272
122 244
88 297
268 335
131 234
88 119
234 269
176 345
245 248
79 179
79 246
248 305
252 268
79 256
135 285
135 223
84 88
88 226
46 292
178 297
178 312
171 340
344 348
178 316
171 324
66 147
160 292
72 86
72 138
72 232
147 288
147 173
146 171
144 242
87 348
98 128
98 304
98 314
99 133
260 327
224 271
213 228
244 327
253 348
28 49
12 99
28 51
28 93
207 242
204 224
181 292
4 228
184 327
187 224
9 229
19 165
19 118
19 81
225 258
225 308
202 225
83 216
83 250
83 337
9 299
9 238
193 336
193 269
106 347
143 193
106 301
106 211
277 318
246 277
73 137
277 293
68 73
113 140
264 283
134 197
175 205
198 279
175 287
264 325
274 294
274 321
126 279
125 192
125 183
275 343
121 302
195 315
113 338
174 329
110 332
194 247
188 209
182 310
182 230
278 320
309 315
101 313
182 185
319 343
2 221
100 270
100 208
240 320
218 262
219 296
149 343
221 243
148 307
215 291
156 313
157 317
148 235
180 189
148 151
214 296
212 215
239 274
152 237
209 276
145 218
209 266
247 286
163 233
164 257
169 296
136 315
255 332
200 332
134 342
172 257
174 263
65 257
48 170
48 298
13 113
52 134
56 320
57 89
57 115
57 306
61 70
63 237
64 121
48 54
67 279
10 233
70 168
70 236
77 237
78 233
8 289
8 210
8 42
82 114
82 261
34 247
20 218
21 215
22 125
23 317
15 317
29 124
29 132
29 323
30 174
32 175
33 221
100 190
36 38
37 180
38 199
38 273
40 82
41 90
43 191
43 222
43 284
45 264
5 35
5 349
5 153
90 241
97 121
1 313
91 180
90 251
158 229
85 326
166 326
117 326
18 87
18 117
25 203
14 111
11 59
203 330
120 267
231 248
14 134
8 14
14 148
11 290
25 59
135 350
135 268
116 267
3 116
71 116
71 161
62 142
141 303
158 303
105 176
142 267
103 248
6 105
94 161
39 155
104 120
231 280
72 177
177 327
59 178
268 333
147 295
79 109
88 227
122 259
279 350
343 350
295 341
142 292
242 348
28 220
96 99
59 80
82 122
122 332
90 116
43 122
94 341
108 267
234 280
69 267
111 139
139 155
74 242
80 105
177 328
9 94
96 193
174 177
39 259
215 295
228 290
92 96
103 218
103 233
142 247
220 317
105 313
96 257
180 220
103 322
94 315
175 330
228 300
17 74
57 74
141 221
113 333
121 333
29 227
109 296
26 328
69 73
16 48
5 17
26 70
17 237
17 125
26 274
16 209
26 320
16 100
16 322
182 300
38 69
104 264
