13.297922
83271
30
6012
189903
18 97
24 40
39 117
15 26
26 38
26 47
101 104
43 101
88 101
36 64
17 45
34 55
95 98
24 36
75 98
74 98
31 50
31 84
31 99
62 103
36 95
39 45
62 113
62 105
45 54
45 96
52 98
55 65
55 83
62 71
3 36
49 57
57 110
69 112
69 116
9 20
35 77
32 79
51 72
12 72
53 72
29 79
67 108
77 111
14 108
20 33
20 91
21 77
80 108
79 106
78 100
6 100
23 41
23 109
4 102
58 107
46 68
46 81
46 86
25 58
47 58
18 90
70 87
8 82
44 82
97 114
48 120
87 102
52 120
73 90
71 76
87 96
85 114
61 76
82 117
27 86
19 120
30 40
16 76
30 92
30 115
1 90
11 114
2 3
2 99
56 60
60 118
26 63
63 101
26 28
10 62
5 55
42 63
31 89
93 108
36 66
5 57
7 45
42 93
63 87
10 20
22 55
22 98
31 59
37 57
93 114
30 93
66 69
13 37
10 119
89 28
4 100
10 90
13 27
59 77
79 94
72 94
94 119
7 60
