9.306539
130174
24
666
355099
34 93
61 68
95 97
62 113
4 69
24 39
5 92
2 11
2 86
2 65
18 43
34 43
42 43
44 73
41 93
41 86
41 78
21 79
30 32
30 94
112 115
31 112
16 30
36 79
44 79
46 77
61 77
62 111
71 111
75 92
75 96
75 114
77 88
87 112
12 69
10 111
12 26
12 108
49 54
29 107
54 76
37 107
58 107
39 54
20 54
8 19
8 21
1 8
26 53
22 98
17 102
66 100
52 102
90 98
102 106
64 120
38 109
51 85
36 109
7 13
50 82
13 100
58 85
59 109
63 84
63 91
70 82
80 113
80 116
35 85
25 80
13 68
52 56
56 78
55 60
60 81
60 104
15 64
15 57
9 24
9 48
9 97
27 33
27 76
32 103
4 110
40 110
43 89
2 99
5 77
47 117
75 89
14 43
6 45
45 83
23 41
47 79
41 67
12 23
28 101
99 107
12 73
28 119
2 120
101 117
14 72
30 72
111 112
67 98
105 112
79 105
3 111
3 54
74 75
53 82
66 118
63 103
60 118
45 74
