13.645471
58119
36
2223
166507
7 154
69 149
58 95
94 115
4 36
30 33
129 131
10 122
55 131
28 131
37 52
14 123
99 123
101 123
31 131
93 123
2 149
25 122
2 121
2 100
2 73
41 122
37 151
33 150
121 150
150 157
34 130
34 117
89 146
6 34
34 95
34 48
43 139
128 129
41 128
86 136
86 124
17 112
17 105
17 18
24 128
128 138
4 65
68 86
65 146
65 83
57 134
63 110
63 97
63 114
47 67
47 77
106 145
40 145
40 137
142 154
60 64
135 137
58 142
64 110
64 133
9 64
11 109
79 142
44 120
102 120
90 120
114 120
88 137
97 119
119 135
144 148
66 81
16 115
16 46
16 43
76 103
49 132
71 103
69 118
15 38
15 148
15 35
11 22
8 99
8 78
8 73
7 160
5 132
158 160
81 155
22 26
21 118
103 130
20 107
20 85
22 98
36 81
19 80
19 61
118 127
82 160
134 141
94 152
59 152
140 141
45 141
12 152
32 65
126 133
96 126
1 23
70 113
113 156
72 125
74 125
91 113
1 13
1 62
3 29
56 125
3 39
3 84
87 117
87 96
32 63
131 159
37 111
104 122
30 37
37 122
34 104
108 159
17 131
2 153
139 150
42 89
122 143
42 50
27 123
86 92
89 144
37 53
50 54
47 153
51 54
22 150
51 92
89 132
57 143
109 116
17 147
75 128
20 116
19 143
27 113
1 147
3 53
75 125
