19.428416
39624
59
19703
79327
153 235
41 191
233 234
8 270
169 245
56 267
63 68
90 276
75 90
223 241
33 70
70 197
217 271
58 121
79 260
179 260
181 260
176 237
11 40
204 268
111 196
111 208
252 268
40 187
40 118
111 129
52 119
116 186
4 180
51 264
122 264
27 264
4 58
203 297
203 276
163 264
4 234
72 283
42 204
34 209
53 134
85 135
7 62
126 269
47 126
103 226
26 103
103 156
74 126
170 263
279 281
173 272
32 184
128 272
34 272
194 263
174 248
233 279
108 184
115 156
206 248
10 263
153 279
115 168
60 165
82 170
11 106
54 211
211 230
28 93
39 93
93 205
15 139
62 185
15 109
94 274
148 161
148 275
1 288
1 278
1 241
1 192
225 292
18 238
18 95
148 231
155 185
63 292
94 210
15 262
220 292
185 237
180 185
15 186
18 101
90 266
107 231
152 200
41 200
177 232
89 232
8 200
120 232
151 200
83 232
74 253
84 268
6 261
6 299
59 173
100 124
55 112
172 243
72 172
201 288
117 245
46 198
117 190
117 280
199 285
199 262
39 199
65 70
66 214
40 300
79 133
78 133
166 203
4 166
149 270
56 259
149 207
147 149
98 222
138 259
98 158
98 151
50 259
48 290
54 290
43 123
61 251
9 251
13 247
102 154
13 73
13 183
20 154
130 154
145 164
286 296
174 286
90 298
87 128
45 87
4 224
150 197
104 150
44 291
273 291
76 124
28 76
86 268
70 242
45 282
165 282
143 282
38 157
46 157
17 157
113 162
138 162
22 230
22 92
83 171
105 171
24 295
14 16
14 119
66 255
255 260
64 294
215 265
114 265
140 228
112 125
144 244
88 113
88 127
88 169
244 277
250 273
5 269
37 134
5 57
5 9
49 125
51 81
159 250
3 287
57 265
3 146
96 213
3 43
2 129
2 44
2 30
37 296
35 293
35 182
31 267
31 188
31 80
29 228
37 258
125 142
132 250
77 78
77 235
77 249
178 217
178 256
178 299
81 160
213 257
193 218
67 218
81 289
23 64
135 228
68 213
248 266
60 90
195 242
126 167
219 254
203 271
94 300
121 283
84 201
40 111
66 264
255 268
242 260
167 272
203 240
212 248
100 219
25 103
216 221
66 69
70 106
212 236
137 148
137 236
12 263
66 136
25 93
86 189
66 239
115 221
115 240
176 263
21 42
184 284
248 284
4 227
260 292
85 203
52 136
110 189
167 198
110 131
40 202
19 209
71 99
99 191
36 268
175 184
200 246
65 259
18 227
69 97
211 272
223 295
149 255
202 232
111 123
55 115
107 229
141 246
116 145
21 35
175 244
218 239
36 154
64 229
91 98
13 91
