6.391539
117747
21
4971
156373
20 125
90 138
34 69
28 123
16 133
30 91
27 55
43 57
36 87
102 119
1 103
7 89
108 139
46 108
67 108
4 88
2 23
2 94
2 136
2 132
63 105
127 137
76 137
18 137
118 140
118 125
27 93
93 114
86 118
46 93
81 93
109 124
40 84
38 92
38 95
2 26
15 73
73 109
3 11
24 34
24 122
30 43
108 111
60 62
66 115
45 134
58 74
26 93
56 58
14 118
79 99
33 79
31 79
41 121
29 59
50 61
50 104
51 121
98 121
29 135
16 50
19 50
35 124
1 133
70 71
63 66
2 22
108 113
42 129
36 129
78 129
91 129
53 112
53 100
53 64
11 53
83 130
83 99
81 83
32 87
19 75
75 78
47 54
20 47
96 117
9 54
110 131
40 110
9 56
44 103
32 108
3 48
24 48
66 77
69 118
26 134
12 66
5 126
82 111
26 126
17 95
4 17
77 88
35 134
14 134
39 85
65 98
65 136
22 38
113 137
55 60
7 85
90 134
84 105
25 74
29 62
39 71
28 106
25 89
70 106
37 120
49 68
10 138
49 107
52 120
10 13
10 80
72 104
72 97
6 123
6 116
8 128
119 128
96 115
21 97
21 101
38 102
12 120
3 49
