19.281714
19758
52
50392
88934
237 247
111 121
35 53
159 187
85 227
140 164
123 158
92 125
56 129
23 172
87 219
145 164
42 153
53 145
95 145
133 153
84 153
68 145
118 143
70 143
38 198
38 80
126 143
38 56
158 240
202 240
239 240
240 246
116 138
66 223
113 148
12 62
18 135
89 218
61 218
114 151
114 178
114 214
66 222
2 185
49 207
49 112
123 230
154 185
175 222
32 236
222 238
32 186
1 230
21 230
14 49
13 49
5 32
4 230
64 166
119 163
30 176
157 176
173 225
22 99
197 239
86 179
83 86
7 131
11 212
52 127
11 198
111 131
11 36
37 58
55 58
19 127
131 165
58 124
58 72
67 200
57 213
136 224
28 82
100 104
104 231
22 104
107 159
64 250
24 34
85 248
54 141
81 122
73 148
57 149
73 140
18 188
67 107
10 12
221 245
211 235
211 233
199 248
177 250
149 224
149 195
141 225
137 141
129 221
3 34
119 122
10 180
116 211
10 182
110 232
107 201
227 232
106 232
96 221
13 250
21 248
41 77
40 228
46 50
46 187
46 209
28 34
47 94
41 134
33 73
29 188
47 172
42 188
31 115
40 109
25 147
31 60
41 156
35 122
25 184
47 160
19 210
125 210
9 102
174 215
169 206
130 191
75 130
74 242
174 217
74 190
74 97
15 20
20 142
17 174
9 204
20 44
65 130
6 220
220 249
63 220
206 216
206 243
128 183
36 152
8 234
137 152
171 181
27 51
68 171
128 202
23 87
156 241
45 170
170 237
72 244
182 244
16 168
37 168
69 162
39 205
71 93
93 247
121 205
78 93
105 205
23 59
23 138
23 222
87 88
87 167
143 153
38 143
26 179
26 236
91 153
226 233
178 226
38 101
79 240
145 218
138 229
120 240
38 196
143 144
138 150
23 141
91 189
79 132
48 88
98 167
132 161
87 200
138 192
76 103
108 196
49 101
62 230
114 161
98 113
194 203
48 103
135 194
32 161
87 213
32 139
23 205
166 176
208 218
173 185
155 176
120 193
127 203
99 155
117 185
8 59
82 222
144 146
90 145
25 139
31 150
27 223
170 229
9 189
108 162
74 208
40 117
130 193
43 146
136 241
43 174
20 43
9 220
90 206
