14.082791
100983
36
15768
153691
30 54
38 133
103 158
53 129
46 50
54 82
68 82
57 96
57 106
57 156
5 57
65 112
65 145
27 113
27 120
27 129
86 118
76 140
64 147
64 116
64 106
95 116
36 89
41 95
43 111
34 136
46 89
48 111
20 89
15 95
103 136
63 136
88 95
77 111
1 66
22 39
16 76
22 98
21 134
22 104
29 159
133 134
29 81
134 138
16 91
16 69
16 51
10 22
94 118
90 94
88 94
127 146
121 151
85 146
96 121
60 121
146 150
18 146
82 143
50 57
25 36
64 154
32 100
32 71
32 98
47 114
58 131
26 73
3 38
3 123
101 139
26 139
6 84
6 7
79 97
6 99
8 130
12 14
14 109
61 97
59 130
14 28
31 115
35 115
97 137
23 115
130 141
42 125
42 83
19 83
126 149
128 142
24 144
45 148
52 132
52 67
51 128
117 126
11 78
30 126
47 148
24 157
17 18
17 56
87 148
44 155
72 78
44 108
74 80
74 122
74 158
4 105
17 160
33 128
78 131
4 124
1 37
37 70
37 53
82 92
82 86
82 140
65 110
93 143
19 154
27 111
57 134
29 57
114 143
73 143
134 135
29 110
92 102
44 143
13 65
13 27
58 82
40 65
64 75
62 136
2 152
49 153
40 152
27 52
49 93
75 146
2 9
58 136
32 66
55 89
22 119
9 115
6 62
107 121
4 25
24 119
55 130
14 107
97 107
