39.342561
8965
104
15131
71496
363 406
306 448
132 395
127 435
67 279
125 246
287 420
275 342
178 432
182 198
189 322
196 320
43 169
241 250
376 425
378 442
380 396
213 232
98 354
239 302
37 148
235 356
31 191
429 439
281 324
177 281
281 304
49 52
49 405
32 49
34 53
24 34
184 264
54 264
122 264
16 348
16 189
16 44
16 23
155 387
34 179
155 328
155 185
34 260
33 331
211 395
211 359
109 211
304 416
348 433
5 273
93 265
50 315
104 222
93 101
197 377
93 146
206 215
93 316
83 124
38 236
222 311
222 396
83 172
215 391
172 213
139 377
142 272
126 172
147 237
152 397
124 344
59 345
58 236
89 215
124 241
188 215
172 244
119 397
181 385
50 406
50 381
70 272
50 112
183 285
345 435
285 371
25 345
368 415
28 237
285 363
346 385
283 397
385 409
308 368
238 285
236 338
314 377
236 325
2 237
272 421
8 368
341 397
272 376
183 186
81 143
97 309
81 389
81 329
101 309
156 309
262 394
47 334
226 333
85 174
47 428
150 262
141 309
307 434
108 444
107 330
121 352
289 442
278 444
392 444
330 447
121 239
289 419
269 444
121 243
259 330
31 330
199 289
42 359
22 449
22 283
22 270
187 289
22 178
42 349
42 287
42 130
214 221
185 230
195 325
90 383
78 267
132 353
110 353
131 288
242 268
96 288
242 342
247 275
182 288
247 347
143 408
245 403
79 374
26 180
26 196
254 358
64 277
64 263
64 71
358 371
246 358
326 370
94 161
412 422
414 418
422 427
224 440
1 100
161 173
225 300
227 335
218 337
217 235
217 228
216 417
216 266
240 327
201 327
274 293
276 339
164 332
163 227
343 414
161 165
158 216
293 365
151 440
149 332
296 337
300 303
301 414
135 220
134 220
327 431
339 390
45 300
1 91
1 430
12 217
17 82
17 271
17 282
27 422
29 332
36 220
46 293
51 440
63 337
65 339
69 227
49 205
14 129
79 129
170 361
306 361
92 281
128 320
128 355
40 212
203 258
87 299
207 294
95 273
209 315
209 319
210 261
43 350
212 323
192 445
37 384
219 295
223 310
226 384
32 167
229 278
229 317
232 410
56 253
62 334
62 111
156 294
157 367
61 302
159 167
61 107
57 373
167 252
171 294
48 99
174 350
175 250
175 364
56 198
55 87
52 56
48 380
191 373
243 310
48 193
7 373
292 384
13 432
295 428
295 450
13 160
297 394
13 68
88 420
10 61
322 400
290 411
6 443
6 388
6 20
367 370
4 233
382 437
391 445
400 434
410 424
87 338
258 360
209 234
21 379
21 354
251 261
21 39
255 403
256 362
256 439
257 284
257 329
233 248
258 429
260 261
19 369
19 331
19 23
18 400
90 256
86 88
280 367
88 436
117 229
75 255
145 202
144 378
144 162
76 350
67 144
105 148
114 297
115 411
70 153
72 80
127 233
103 255
102 113
118 153
98 105
119 382
78 411
137 310
123 445
120 257
73 313
133 382
73 356
73 398
131 212
105 446
150 410
125 175
113 166
113 169
80 214
62 448
153 279
95 402
66 297
95 366
80 419
145 425
145 399
49 92
34 116
106 281
34 222
264 377
155 333
16 309
85 264
200 211
47 386
84 385
154 205
267 281
155 168
121 386
247 281
285 433
345 433
200 272
30 155
49 136
345 351
16 136
77 377
5 222
123 140
108 140
121 416
49 357
264 340
85 426
208 289
33 321
176 194
172 407
41 176
5 444
47 194
20 60
60 277
231 372
231 291
49 326
208 375
30 215
30 426
230 312
74 307
168 330
116 438
5 375
81 318
41 318
368 383
190 221
84 336
385 441
138 433
237 298
368 408
237 374
35 312
74 423
74 404
77 336
22 35
190 204
26 168
154 298
85 300
85 216
15 93
9 124
217 407
64 318
17 168
3 236
393 397
3 47
327 441
298 337
339 340
195 305
249 438
401 404
245 305
11 321
138 286
204 413
227 286
15 332
401 414
9 422
1 249
413 440
11 220
3 293
161 393
231 357
