5.833002
125955
17
205330
207150
118 131
11 73
28 96
35 64
45 49
44 82
58 106
84 126
109 127
26 37
12 123
8 93
72 130
41 115
36 105
21 51
50 53
38 50
45 71
10 71
50 118
58 71
71 117
20 74
62 74
18 34
34 81
34 133
57 71
93 112
112 122
112 119
32 100
106 112
4 98
98 107
6 98
9 98
42 129
1 91
1 108
67 135
8 127
57 135
121 131
64 121
91 121
19 78
19 122
4 25
25 53
2 137
51 137
47 56
33 56
24 94
24 109
96 104
69 104
28 125
40 125
102 111
49 102
5 29
69 76
76 94
7 35
7 67
66 124
40 124
29 63
14 140
20 140
9 52
52 62
22 90
31 88
31 113
22 114
22 82
26 31
55 80
110 136
73 75
75 83
75 100
97 128
17 97
75 126
97 99
50 101
79 116
116 123
84 121
42 50
13 101
16 27
34 77
63 71
77 112
61 133
61 138
13 39
103 138
72 103
27 130
47 68
68 111
39 132
46 86
16 120
86 129
41 89
11 89
44 89
83 85
85 134
60 139
60 105
60 87
3 85
43 95
48 95
46 137
12 32
70 132
98 136
30 65
15 30
30 54
5 55
23 59
36 120
37 55
21 92
97 115
70 95
23 110
30 92
