12.862213
134343
38
121443
155856
14 160
83 127
46 157
98 182
2 134
53 196
22 74
41 143
129 147
128 145
119 158
15 172
15 84
15 26
39 111
10 195
41 99
68 99
99 137
55 132
55 119
55 104
99 179
65 143
127 166
117 166
107 166
156 166
56 198
70 103
48 125
43 197
9 197
147 197
114 183
165 173
134 154
69 154
5 87
81 145
70 144
160 180
6 100
46 81
155 180
67 144
10 100
100 156
31 144
81 152
95 146
66 85
85 123
85 98
80 95
13 116
88 175
42 138
88 152
86 109
89 109
73 193
83 138
76 88
82 186
82 164
82 122
1 93
1 188
141 193
24 82
2 88
138 192
157 193
109 200
1 168
29 53
1 159
138 139
29 198
29 133
29 106
45 89
94 191
20 131
94 161
94 120
48 131
94 115
131 181
7 52
35 172
148 182
148 196
140 148
69 136
37 136
11 54
38 54
102 178
36 174
124 135
14 124
25 78
44 185
44 150
44 61
15 129
17 32
32 162
32 113
15 158
101 184
13 184
63 102
163 183
22 63
118 163
23 75
75 186
3 30
30 104
30 37
15 25
42 59
59 130
16 51
16 76
62 110
77 191
64 194
58 176
106 108
108 153
110 111
110 159
118 121
121 132
121 142
18 112
28 60
33 91
33 149
34 77
36 50
21 108
20 33
40 64
47 77
50 105
12 50
52 64
60 199
5 112
4 72
4 74
4 165
58 189
57 112
25 95
15 85
49 126
27 39
19 166
128 131
99 177
25 138
90 144
25 187
49 55
99 100
88 90
151 180
109 195
39 170
54 96
96 178
92 125
56 82
151 171
19 71
150 167
17 167
65 171
8 79
54 126
27 177
8 92
114 169
87 95
190 197
97 187
94 173
116 170
7 180
97 174
39 58
44 103
60 169
