5.051058
126507
18
2036
176189
24 43
53 61
57 101
3 6
65 70
74 75
47 52
32 46
69 91
113 116
11 70
11 57
11 94
63 72
90 96
90 93
83 90
37 90
11 54
11 58
22 62
59 98
42 67
59 75
37 42
23 42
19 59
42 108
59 76
90 94
4 106
9 43
3 9
21 85
83 85
28 85
53 80
9 71
25 94
17 116
20 55
5 72
27 55
27 98
7 18
52 64
32 64
21 48
19 48
9 54
5 11
56 76
25 32
29 62
59 73
78 85
49 56
47 111
79 99
23 79
79 97
77 114
74 114
87 111
85 104
1 9
59 88
10 95
1 39
4 88
29 86
73 86
102 119
30 119
16 119
17 64
42 91
108 119
41 106
34 41
10 119
26 101
26 68
14 66
45 66
68 117
45 117
36 89
22 100
60 100
93 120
44 110
67 109
12 109
2 82
2 84
110 112
109 118
2 49
36 58
78 110
81 105
8 15
8 13
51 105
38 50
61 105
8 97
38 92
103 115
7 115
33 107
1 105
104 107
38 69
35 80
31 40
18 120
31 35
