17.482409
34023
41
37330
160194
62 199
32 126
121 150
26 195
49 127
56 107
54 107
21 107
85 107
107 175
66 107
119 189
45 119
62 119
60 119
73 178
125 160
36 113
73 118
19 127
19 99
3 113
148 151
12 162
98 151
96 151
129 151
35 87
35 118
82 156
64 83
26 59
64 182
49 59
156 200
59 172
55 156
133 135
135 153
135 157
177 186
124 186
13 186
27 88
13 33
94 129
71 94
10 53
53 168
53 117
53 80
94 95
38 199
21 38
174 193
10 174
17 51
74 132
7 48
7 34
74 116
7 144
46 60
44 46
77 152
58 187
52 190
52 183
1 5
40 140
41 42
67 179
41 86
41 93
65 120
67 122
89 140
67 142
37 52
152 171
139 196
14 140
9 120
161 180
22 23
23 39
23 81
110 187
28 152
165 196
105 187
30 120
167 180
5 194
180 198
32 196
5 69
16 130
163 200
70 97
56 70
34 63
61 141
146 195
146 154
130 143
87 143
123 160
123 155
47 79
47 150
184 191
68 92
18 68
72 131
136 147
131 185
158 192
91 188
126 131
115 147
85 147
102 175
102 166
90 106
102 121
97 106
2 188
43 106
50 112
8 111
8 184
31 101
12 192
31 61
8 24
15 17
15 84
4 15
29 31
50 181
27 192
107 125
159 170
76 92
58 76
73 151
113 176
162 176
19 156
107 163
73 108
103 119
33 113
64 88
19 169
78 162
64 197
100 125
75 113
78 134
20 119
164 169
103 186
51 64
100 108
74 125
173 174
35 149
109 134
6 137
5 125
128 162
6 57
35 187
35 41
19 63
57 174
16 135
104 135
59 141
138 162
74 137
11 162
145 174
186 191
109 114
75 196
114 140
52 128
20 152
50 145
25 149
67 138
120 138
23 25
11 180
104 188
159 197
