15.138592
186721
40
216123
242265
14 94
77 117
8 119
100 150
54 78
93 166
50 145
132 136
35 146
29 64
29 66
29 142
16 135
5 180
5 144
5 115
60 151
75 133
46 82
82 157
82 179
10 165
79 106
85 93
15 169
25 38
69 107
68 107
38 80
27 106
52 117
52 111
50 52
33 171
35 85
36 57
133 139
3 85
92 139
94 139
137 154
171 176
109 171
146 154
9 38
107 159
106 143
43 159
124 167
12 103
134 145
34 62
88 134
44 116
150 173
44 178
45 114
45 124
45 176
166 174
41 129
48 55
49 98
87 120
2 12
65 129
91 129
95 125
81 175
81 141
81 104
77 120
72 123
49 172
55 58
110 125
119 120
53 173
125 136
128 148
130 162
132 174
7 31
14 44
30 70
19 162
8 55
26 128
30 74
7 78
7 36
24 174
23 72
2 86
2 102
20 37
37 54
113 170
113 131
65 105
88 105
59 67
10 147
59 76
73 152
59 177
18 152
56 153
51 153
15 163
60 112
127 163
1 42
153 168
152 158
40 112
42 122
135 147
6 83
6 155
97 163
6 160
108 164
101 164
11 42
99 164
82 121
82 156
89 157
87 89
29 90
5 39
16 63
21 121
3 32
4 17
71 118
118 178
17 71
32 170
29 106
143 149
149 175
16 57
16 21
154 156
5 47
28 154
5 85
84 169
43 84
16 138
29 167
38 151
13 61
13 52
38 39
75 167
81 84
7 84
59 84
22 63
72 165
103 139
34 57
61 173
22 161
57 162
96 107
47 152
139 140
126 138
49 167
6 161
126 128
30 96
42 126
96 153
140 164
