7.437880
178624
22
60154
238539
124 130
95 106
102 116
119 152
59 147
115 150
15 127
38 49
17 102
17 92
17 83
54 100
77 88
27 28
6 69
123 131
107 142
24 107
10 107
82 127
97 99
50 99
56 89
60 65
14 65
4 14
4 42
4 74
4 97
74 125
52 107
23 81
104 134
25 104
33 109
33 90
33 46
13 104
45 126
93 147
51 63
55 76
15 17
52 65
65 76
2 104
8 117
15 107
64 67
16 159
92 159
71 159
2 34
12 34
72 154
72 95
41 94
41 50
25 156
42 156
139 156
26 153
26 143
40 144
5 40
6 40
89 104
67 104
8 12
19 156
49 82
78 79
1 30
1 21
1 129
1 141
37 145
35 78
61 145
77 145
73 145
78 84
78 126
121 136
115 121
86 111
57 111
11 135
38 135
7 17
108 138
100 107
53 113
70 86
70 94
11 146
39 146
96 133
43 81
32 157
21 157
17 123
4 158
51 113
53 88
54 96
7 112
149 158
87 149
9 132
28 65
31 101
101 131
16 103
63 103
103 150
27 68
47 48
62 142
66 114
3 62
29 66
20 62
68 85
23 47
68 130
47 59
85 118
118 144
81 132
58 120
120 151
120 160
110 155
91 155
43 78
80 91
80 134
45 69
105 106
105 119
105 136
18 124
18 44
75 148
84 148
128 137
98 152
36 98
55 140
1 87
9 33
22 128
22 33
56 138
26 64
4 122
66 137
120 122
