20.106925
80890
62
114583
115746
29 321
8 336
210 283
35 340
53 306
198 316
119 158
15 188
257 333
167 224
166 219
165 214
20 245
147 310
208 285
145 284
26 347
9 251
146 239
180 267
59 226
21 172
137 160
44 169
105 326
87 108
30 108
135 192
215 295
215 255
78 208
78 170
75 215
67 78
58 115
54 112
37 166
37 222
93 131
93 186
93 281
88 350
125 137
29 126
74 88
55 103
51 74
74 207
74 322
130 199
34 236
34 231
126 308
180 199
34 148
199 335
126 157
34 186
126 160
294 312
179 312
312 345
18 141
122 220
121 122
68 113
68 212
109 191
191 339
102 111
279 342
72 338
112 338
314 338
253 338
168 253
184 286
73 223
120 223
133 223
165 256
129 256
213 261
202 310
237 280
138 237
135 237
37 240
22 37
9 78
175 252
252 327
83 284
71 83
116 252
202 240
64 345
33 179
110 288
110 334
70 335
110 337
211 246
53 301
56 70
91 211
3 143
3 249
3 315
182 301
14 314
177 211
70 219
18 211
14 293
14 124
14 71
193 301
70 235
205 301
146 215
298 321
205 298
108 332
11 103
229 271
100 229
78 287
42 189
84 263
157 263
52 188
194 320
285 338
10 318
85 106
85 123
85 291
89 147
89 265
89 306
227 327
227 286
113 227
173 227
20 85
59 272
151 272
84 142
128 203
163 203
159 289
329 349
245 329
22 168
35 296
220 296
172 243
243 257
107 137
242 326
242 251
1 121
1 196
62 98
13 215
221 232
196 221
158 311
109 311
69 137
108 273
307 347
171 270
51 104
183 198
183 259
183 291
50 104
57 260
57 323
149 268
234 307
239 270
116 268
104 230
307 339
79 268
19 114
82 184
47 254
56 65
65 297
199 332
69 209
164 210
99 164
164 167
93 105
54 215
4 338
99 233
61 233
145 254
103 169
190 228
153 190
148 176
17 241
241 264
241 277
97 176
61 176
63 190
37 200
313 337
277 313
85 125
89 343
82 229
212 266
80 266
28 103
107 317
178 274
25 103
203 343
19 28
225 248
91 225
111 137
217 300
292 300
23 300
103 200
49 269
32 122
31 252
12 271
7 346
275 349
119 328
12 134
150 275
36 328
316 346
21 162
82 142
86 331
78 312
32 161
131 181
181 262
181 232
185 341
174 195
117 144
38 118
117 238
118 154
90 117
118 302
174 258
27 174
185 216
185 344
3 31
162 204
305 336
60 305
110 226
110 287
16 273
10 96
96 132
40 127
76 101
95 304
250 276
92 127
247 282
24 290
276 319
187 325
102 276
2 140
24 279
8 24
197 304
152 282
46 127
2 136
39 325
76 278
2 55
200 342
139 201
139 224
43 206
159 330
299 348
44 330
206 324
41 309
15 299
206 230
94 283
94 333
58 299
77 94
41 214
218 330
204 303
52 267
269 287
81 289
145 307
5 64
13 331
108 261
141 178
66 274
66 115
68 74
86 98
40 244
238 244
37 156
108 318
237 350
16 223
49 117
189 317
6 223
26 325
93 320
156 256
45 292
45 63
48 137
5 304
200 300
155 261
118 200
6 57
33 174
282 303
76 155
48 185
