4.773374
103801
13
18082
164835
13 95
35 71
8 106
61 103
74 108
4 89
18 25
78 110
42 49
80 33
73 87
55 64
29 100
25 81
30 81
56 81
81 87
81 109
7 76
51 76
63 93
5 114
96 115
86 101
80 100
14 30
14 43
14 60
1 14
57 90
68 90
23 77
47 90
77 83
42 77
28 92
40 92
92 114
92 102
35 92
1 77
5 18
14 89
50 103
38 50
50 111
13 50
16 76
46 81
50 65
61 118
115 118
46 76
77 85
53 65
29 53
15 23
12 28
2 88
38 70
91 108
22 91
45 70
109 119
8 9
9 44
37 94
37 95
26 81
77 104
16 90
33 47
67 94
33 79
33 78
67 88
67 117
20 67
55 73
33 84
32 113
32 98
32 82
39 64
17 39
7 69
69 74
17 36
27 36
3 31
4 24
24 44
58 101
97 104
45 62
48 62
11 34
11 59
11 117
58 97
34 75
21 75
107 116
19 52
72 112
6 59
6 120
63 96
10 105
10 48
10 41
3 26
54 66
66 93
99 119
49 116
2 32
99 112
52 99
