4.168041
166996
13
2000
268059
133 138
16 21
34 44
67 72
86 92
78 108
95 96
8 134
62 73
22 91
9 75
38 123
60 105
5 35
77 85
116 129
41 125
14 46
3 132
58 130
24 98
101 120
28 119
51 119
49 119
111 140
39 50
37 39
6 59
6 44
42 84
87 127
127 131
10 32
17 55
70 94
135 136
109 135
61 103
27 61
10 135
30 110
53 61
11 24
39 62
28 54
54 79
54 111
54 112
73 140
31 82
80 82
47 82
48 82
7 132
7 98
77 116
29 135
101 104
8 119
11 39
26 128
96 135
61 129
42 115
6 104
82 134
80 100
100 136
27 99
90 115
3 97
15 67
15 56
15 58
15 122
76 93
93 138
1 93
13 33
13 114
126 139
6 84
41 123
18 19
50 74
19 71
74 87
18 74
9 90
89 107
63 107
89 106
34 106
81 120
37 81
29 99
94 97
36 122
52 110
52 130
65 86
65 118
23 65
17 119
36 53
70 126
32 124
25 75
55 83
25 35
57 133
49 57
46 60
20 137
12 23
12 40
121 139
38 121
114 121
30 65
78 113
14 45
45 125
51 69
4 69
105 137
91 93
83 128
43 68
92 102
66 102
16 88
26 88
22 64
2 64
64 117
5 113
43 124
