18.388962
1
41
57
286141
148 150
139 149
87 106
65 79
51 69
18 82
10 36
11 160
11 130
11 111
2 136
136 138
86 155
69 155
42 136
1 155
71 96
77 81
77 142
81 124
85 120
25 120
63 81
90 142
48 110
106 120
48 92
110 120
131 146
139 142
3 48
142 150
44 146
146 158
54 134
57 88
47 93
64 71
64 108
4 128
18 88
21 64
4 51
88 92
89 116
93 117
93 126
103 116
134 156
4 5
145 147
47 76
65 109
33 109
109 121
61 149
61 62
35 61
20 32
19 32
32 148
46 129
10 46
37 46
82 133
27 133
114 133
16 22
16 38
16 79
43 45
12 43
66 135
98 99
15 60
58 70
59 115
91 135
17 141
24 137
6 94
78 113
67 73
67 101
53 141
67 112
84 135
68 95
68 105
70 118
70 152
34 68
137 143
40 41
41 74
41 159
8 94
115 119
113 153
14 94
107 123
29 123
137 144
30 127
15 28
104 115
15 56
50 123
7 113
102 127
100 141
98 151
98 125
36 127
31 45
23 42
23 147
31 44
81 155
11 55
55 136
136 154
11 80
97 155
48 157
9 93
9 145
76 146
52 81
52 96
52 146
26 142
39 157
39 49
13 120
96 122
13 96
83 134
83 116
26 109
49 132
72 88
4 75
67 157
15 157
52 70
132 140
26 98
68 154
46 83
97 137
83 122
123 140
80 115
72 94
72 135
75 113
13 41
13 141
