7.452063
213016
20
15523
252222
33 73
23 62
34 72
4 20
50 70
31 73
26 54
4 31
26 63
31 65
71 75
11 69
12 69
30 69
25 100
79 100
86 100
1 98
21 92
33 92
76 92
56 78
55 58
55 96
41 99
50 74
28 74
74 87
87 99
96 99
52 77
6 37
37 72
23 37
16 85
8 57
18 57
81 85
13 57
67 85
49 64
9 97
47 90
44 66
42 53
42 46
35 62
34 97
1 66
52 64
56 91
64 84
66 71
68 91
70 91
80 88
2 35
90 94
95 97
15 83
32 42
10 82
15 20
22 82
15 24
29 88
7 26
26 40
31 100
59 75
26 27
31 36
19 75
45 46
12 45
69 98
26 78
27 69
89 100
17 51
31 77
59 92
5 92
38 40
19 39
5 43
17 39
14 38
7 37
43 60
14 61
75 93
3 75
48 60
89 90
57 93
3 85
61 82
48 88
