4.698503
127480
16
22955
264719
37 52
9 88
108 114
32 69
40 117
2 110
15 131
43 139
55 132
59 110
37 109
60 98
5 118
60 62
95 136
12 84
12 100
12 131
12 49
20 30
26 125
70 97
34 133
57 129
28 123
35 93
53 66
83 92
70 83
55 83
36 137
119 137
43 137
6 31
23 101
33 101
76 84
86 117
86 133
63 86
14 87
25 101
72 128
72 82
72 120
23 72
31 47
27 94
11 74
48 54
50 60
13 41
11 25
86 113
20 89
39 124
44 96
8 126
96 135
8 79
114 124
46 124
1 89
8 39
72 113
89 102
5 115
42 97
34 42
32 38
38 126
38 88
4 99
10 67
5 130
104 109
35 38
65 104
76 136
22 107
22 128
17 59
26 122
91 105
16 107
16 41
16 24
78 132
19 83
16 102
51 60
2 123
15 29
5 108
19 80
5 95
5 78
40 106
81 121
65 69
52 64
64 94
66 77
45 77
27 50
61 134
6 115
3 111
3 49
80 122
74 85
58 85
61 130
17 30
13 91
10 105
4 106
67 139
53 99
54 134
101 127
14 127
29 129
21 57
21 121
7 71
9 71
71 103
68 75
33 116
73 116
18 140
18 90
18 56
51 96
48 112
112 138
28 75
18 81
