23.303158
13775
55
3408
83165
1 154
54 245
37 180
36 219
100 139
114 138
126 166
129 202
15 218
10 141
8 155
171 206
230 237
49 74
20 23
20 121
20 122
20 130
20 239
33 62
88 141
88 106
88 111
41 88
88 186
132 150
27 150
150 217
106 150
94 227
189 227
71 227
139 227
223 241
163 223
28 212
77 213
21 58
213 232
125 175
40 173
175 201
40 53
40 63
213 215
58 222
13 212
58 74
212 226
149 175
129 142
60 142
142 210
142 237
14 91
167 236
144 197
14 226
56 144
9 105
70 204
14 183
36 151
151 238
14 75
91 144
46 236
46 144
12 151
166 236
82 105
22 95
123 204
118 204
220 236
26 128
79 128
128 233
151 164
30 75
30 87
30 101
30 217
105 169
105 108
34 209
133 148
88 191
247 250
76 242
71 187
65 238
65 208
65 72
61 234
61 184
60 124
103 180
187 193
170 196
170 190
202 221
148 247
134 242
113 157
103 218
86 124
103 117
100 124
98 248
98 155
239 247
92 171
89 165
89 131
34 221
15 89
16 24
11 98
10 221
9 170
17 120
7 187
6 113
17 138
45 140
45 122
17 147
18 126
45 57
18 145
43 230
43 99
43 83
42 92
41 242
22 24
24 80
18 216
27 61
33 92
161 174
161 186
97 119
119 168
35 96
35 44
35 154
49 150
112 224
19 206
127 211
4 107
39 109
59 127
205 224
38 107
51 127
47 177
109 207
109 137
107 188
32 104
32 228
231 246
194 199
55 243
195 243
182 243
47 160
8 32
231 245
67 224
47 200
48 81
179 231
81 158
81 240
64 135
64 116
19 29
19 114
64 66
181 199
5 199
84 176
176 219
37 192
192 249
192 203
54 68
68 153
1 143
31 143
143 225
58 78
78 172
20 25
92 191
85 227
69 102
76 146
146 168
40 62
88 204
25 235
159 212
40 93
102 214
85 214
185 227
69 178
3 236
223 235
133 159
20 244
142 152
198 223
69 136
93 162
213 235
90 223
156 204
50 213
151 198
128 209
69 115
175 229
156 170
3 192
107 212
73 175
128 229
2 144
95 115
152 231
95 224
95 199
47 95
50 98
35 90
185 243
110 136
52 162
110 113
109 244
52 64
2 81
73 127
