12.747594
59455
33
113256
166428
87 159
83 138
19 91
65 133
41 67
10 36
94 132
107 135
47 68
35 68
61 68
30 68
68 138
96 131
74 131
80 131
25 102
25 112
148 155
53 86
37 104
32 86
60 123
104 141
6 104
15 86
28 104
65 123
43 86
24 70
24 26
21 24
63 130
14 95
14 38
121 130
130 135
4 14
130 136
81 111
59 159
59 134
59 128
16 84
93 117
37 139
28 92
5 31
91 151
143 151
54 137
57 117
5 137
120 137
71 160
11 71
13 57
90 151
16 57
17 44
51 71
17 129
17 132
44 158
11 64
40 58
1 58
42 146
58 125
62 146
3 146
75 152
39 78
85 105
34 72
34 108
76 142
85 142
2 22
2 87
10 45
29 144
66 103
69 81
69 107
74 89
23 82
36 79
19 109
77 79
18 154
18 72
83 89
18 67
12 23
20 89
9 45
97 118
99 118
100 106
106 136
108 118
109 122
114 156
7 66
127 147
6 79
149 156
35 106
48 133
55 94
48 88
46 147
55 124
45 148
33 109
30 156
43 48
55 140
41 69
29 153
56 68
25 113
25 123
86 110
116 157
123 157
104 115
119 145
123 145
101 113
52 110
56 73
25 92
31 131
49 52
14 111
131 150
73 155
57 119
25 105
24 126
71 115
24 64
50 59
59 139
111 151
17 111
66 116
98 130
27 101
50 146
78 84
93 152
8 27
23 158
8 147
29 150
58 98
