18.173805
233866
40
83
280368
46 68
39 131
81 132
23 118
53 73
51 114
146 150
7 150
106 150
13 150
3 138
17 72
17 24
17 23
100 124
105 138
44 124
93 138
36 71
70 127
71 100
61 124
59 71
121 127
57 127
55 127
55 71
7 83
91 119
75 119
18 115
18 107
18 90
18 28
119 157
119 130
33 41
53 160
62 148
31 107
31 111
32 110
54 69
32 132
32 146
61 128
69 141
45 156
39 86
45 101
45 58
42 86
41 69
62 73
62 95
22 108
86 102
98 108
16 139
16 123
113 160
118 160
25 128
81 108
4 31
77 97
77 88
76 128
6 140
114 140
134 140
30 133
133 157
38 133
11 37
104 109
46 109
50 74
144 154
137 152
79 116
79 125
79 149
56 103
56 136
82 87
120 131
60 66
120 129
84 153
117 154
67 147
66 158
112 154
99 155
66 68
65 145
84 159
94 147
65 143
8 56
14 48
35 84
14 27
12 152
11 120
14 92
19 152
15 155
9 147
47 155
5 87
2 65
20 21
50 80
50 126
20 43
52 87
20 64
85 156
19 85
63 150
34 51
17 138
51 128
51 62
17 89
26 83
16 63
135 150
63 140
51 66
10 63
83 133
96 127
1 138
34 49
71 151
63 152
29 124
31 89
124 154
49 142
83 120
83 155
16 33
142 10
32 122
77 135
14 40
40 84
122 147
87 122
65 96
1 56
29 78
50 78
78 79
20 78
