34.096710
42638
97
5284
72701
381 401
19 162
99 253
113 169
125 283
326 373
54 312
179 263
46 357
48 157
192 285
170 377
70 292
187 255
188 191
3 51
26 306
5 444
8 88
247 337
136 231
184 392
137 323
86 203
69 202
54 91
91 187
91 263
179 202
202 448
283 437
433 437
386 437
403 406
176 185
40 176
124 154
207 272
267 272
40 281
185 396
40 123
40 122
185 357
184 272
354 366
97 445
9 445
234 445
271 276
205 445
57 445
276 310
276 425
43 128
128 147
128 248
71 101
101 339
21 420
168 239
109 304
48 321
109 332
111 138
57 80
44 303
171 393
321 415
44 145
80 416
17 393
80 341
44 135
321 432
122 138
138 345
217 300
245 300
300 379
3 300
103 371
304 364
68 221
200 390
106 314
143 314
16 268
200 432
213 384
213 435
215 314
25 70
25 127
175 213
268 421
173 174
257 328
104 302
161 214
113 298
238 328
234 270
226 329
218 298
93 186
102 186
214 443
214 423
178 302
86 270
92 270
23 28
27 430
298 428
27 359
30 298
32 169
32 227
27 307
27 245
312 329
145 329
23 436
10 32
23 425
23 152
38 186
338 395
15 328
149 302
121 395
270 360
395 442
329 400
378 399
232 269
232 343
378 410
67 378
83 232
193 232
254 313
5 254
188 216
350 372
21 254
216 373
254 330
8 372
216 278
351 372
18 448
79 289
220 403
220 409
197 220
282 289
126 289
256 356
129 155
129 361
14 47
14 56
14 366
108 359
277 413
285 383
115 383
29 96
82 255
31 82
175 405
131 317
275 342
326 342
244 348
317 429
264 342
166 228
392 437
377 385
133 146
114 385
22 301
252 385
22 88
22 170
146 159
146 253
34 376
34 325
34 151
40 236
118 243
118 330
251 337
136 276
167 308
167 370
39 167
211 272
119 440
158 292
158 221
20 276
103 337
154 346
272 422
100 331
134 284
1 363
165 284
139 199
142 331
2 402
369 402
242 273
242 438
61 73
242 447
53 324
53 212
53 132
73 296
73 389
74 414
76 363
77 402
258 427
190 258
4 258
414 424
199 316
408 414
280 331
199 387
284 294
42 363
197 219
58 219
128 431
228 265
172 265
120 237
120 390
101 236
27 337
270 337
154 279
91 185
202 375
46 299
299 444
249 299
375 380
55 91
295 319
295 305
201 401
201 412
144 210
143 144
343 347
404 411
287 303
130 441
141 407
290 391
148 388
336 426
333 384
148 173
327 426
318 400
315 404
231 333
189 209
194 407
195 340
182 430
182 367
182 356
180 407
204 365
209 235
177 322
225 322
229 340
230 311
266 309
233 246
237 287
240 266
246 446
162 260
160 355
259 313
259 362
260 436
261 353
153 259
266 277
50 382
56 75
52 130
112 156
110 353
110 287
85 241
107 204
35 353
107 160
105 260
87 124
99 340
51 333
37 112
87 334
6 87
41 150
41 168
41 371
50 365
94 323
50 125
94 320
89 306
49 75
94 247
93 322
92 241
89 361
90 241
89 421
11 290
62 157
19 148
62 288
62 449
16 112
116 418
63 192
79 318
13 160
116 218
63 381
75 394
116 191
6 204
72 347
58 347
66 311
26 246
24 337
95 185
109 431
128 422
202 397
268 431
24 78
101 437
276 352
208 431
108 297
20 64
291 300
368 431
60 68
80 434
78 348
291 450
239 406
174 437
65 431
202 335
346 378
44 183
60 64
354 364
223 417
223 274
117 420
181 431
81 203
208 417
36 358
32 206
154 372
140 250
45 59
59 198
198 398
84 101
419 431
293 308
293 305
32 251
63 297
7 286
222 376
141 222
36 206
154 413
29 352
214 321
250 405
84 393
286 385
84 374
12 95
117 439
154 349
317 397
167 279
55 146
140 314
163 393
216 395
434 440
65 328
186 256
130 137
164 374
290 358
98 395
181 302
138 196
397 404
25 33
163 166
34 65
53 368
18 73
65 402
258 439
254 344
216 224
12 262
98 311
209 349
33 363
196 414
44 398
199 262
419 426
331 344
224 284
224 242
