45.338819
1
95
13395
137412
2 262
36 45
27 33
25 259
158 205
151 247
245 301
130 311
75 254
115 180
108 269
2 322
90 171
94 220
125 308
91 308
266 308
62 88
18 263
250 316
88 328
68 309
66 316
31 123
48 120
161 297
18 182
54 88
26 43
55 151
59 123
56 316
55 220
55 254
107 120
42 251
123 242
12 251
43 130
14 169
99 145
18 222
88 261
43 243
43 349
45 123
71 120
145 283
145 346
18 153
251 318
39 246
38 166
176 185
185 270
180 293
169 267
60 63
166 205
63 90
63 202
159 344
141 267
138 293
131 185
128 166
126 299
118 329
118 275
118 262
104 159
4 67
4 256
4 311
299 328
268 299
15 113
15 259
15 286
253 267
22 293
31 159
28 243
28 201
28 117
30 241
183 333
158 333
30 116
289 333
30 75
29 339
171 278
218 343
27 339
218 282
149 278
10 339
94 218
175 278
114 323
303 347
105 196
105 320
191 331
298 327
108 294
109 341
112 190
112 207
112 272
103 213
291 315
291 295
189 334
280 327
121 221
121 307
122 179
187 332
279 338
199 321
194 330
1 167
95 163
95 204
95 313
96 317
198 347
317 324
97 244
279 322
193 321
306 335
100 110
100 214
100 224
101 102
101 134
101 345
103 164
162 294
154 290
156 187
223 277
209 240
184 335
181 276
211 230
216 294
215 228
154 186
165 317
212 327
340 350
179 195
167 288
168 321
178 276
177 274
211 284
208 274
277 285
276 304
187 226
200 310
133 197
260 323
139 334
206 274
144 335
174 330
258 277
209 235
148 334
197 296
239 330
150 331
229 310
225 340
152 167
44 228
20 136
23 319
79 209
78 98
24 323
77 132
77 127
35 211
36 98
37 331
40 179
41 157
41 264
41 312
32 105
46 97
47 103
49 64
72 98
70 347
50 136
52 136
53 228
57 319
58 109
64 188
64 106
61 326
61 233
16 121
3 340
5 109
6 291
7 319
8 310
89 154
11 61
87 273
87 252
87 203
86 348
86 255
86 142
17 77
85 97
83 217
83 238
83 232
82 197
13 51
137 153
137 237
73 161
69 269
73 119
51 140
69 115
68 93
51 245
93 172
81 143
81 234
236 336
137 146
33 69
84 93
73 301
247 336
25 81
111 131
21 67
21 263
66 74
74 140
120 249
145 251
55 316
249 316
19 145
251 302
14 271
227 246
227 267
185 192
63 192
166 227
248 308
281 297
76 249
55 305
92 257
271 300
15 231
187 297
136 249
274 297
14 154
98 309
14 277
14 319
101 297
83 309
309 323
211 249
43 170
88 170
19 339
111 308
9 302
18 160
28 300
120 124
80 309
123 124
19 281
92 135
92 219
92 337
192 291
192 314
227 342
299 305
19 95
292 333
159 325
197 300
231 331
231 347
302 310
105 302
300 340
173 271
147 278
118 248
4 129
80 231
65 271
9 265
155 257
167 292
77 292
292 314
155 265
61 147
76 287
64 325
34 327
173 317
173 335
112 287
287 330
34 100
179 287
34 228
103 279
109 173
34 342
41 160
86 129
97 219
210 279
209 337
124 334
121 210
87 219
135 321
135 276
