32.680331
12189
99
13859
83302
279 464
156 373
347 454
239 300
111 377
238 291
116 340
19 345
37 107
251 275
186 315
38 331
44 481
319 428
74 126
78 352
216 429
80 453
69 215
82 125
102 263
64 92
199 478
61 119
214 423
98 334
113 370
134 254
134 228
134 164
134 364
158 175
175 265
258 488
25 180
109 487
70 270
177 367
196 337
196 256
235 440
347 499
177 289
177 239
104 387
27 104
104 149
90 499
415 499
98 196
38 196
179 499
440 453
177 208
55 440
229 440
104 143
34 386
414 486
29 128
29 313
89 287
99 264
329 473
202 329
300 329
234 329
31 400
191 338
108 192
309 350
26 435
355 435
4 435
52 435
124 435
312 398
417 452
83 408
212 484
279 376
124 491
172 375
171 257
337 496
72 301
371 398
257 480
319 375
78 375
72 393
439 496
43 371
72 409
211 251
275 496
252 359
57 371
211 248
64 257
211 253
174 359
74 359
8 16
8 459
22 169
127 441
87 190
294 384
304 384
262 384
222 384
190 222
122 190
102 190
190 481
253 407
298 489
385 397
117 385
294 385
3 425
59 425
114 425
189 425
129 283
131 456
168 204
141 168
162 317
240 494
106 213
106 118
226 467
226 330
226 303
150 219
125 318
127 494
131 259
77 106
89 318
131 320
162 377
85 162
266 343
192 401
266 352
266 455
219 331
217 266
318 388
55 219
293 494
299 401
49 490
49 327
49 224
49 94
46 477
46 404
46 311
39 318
335 401
168 343
345 494
25 469
9 469
469 489
3 469
278 408
344 464
380 451
13 380
82 344
278 364
173 344
171 278
68 177
277 336
159 261
261 399
261 326
261 325
136 191
136 270
35 230
77 230
152 230
19 230
41 316
302 349
219 390
232 445
153 232
88 176
88 291
88 473
79 498
424 498
289 472
21 35
218 246
91 144
100 205
5 362
5 366
383 416
153 187
187 476
130 207
383 454
322 381
186 290
201 415
99 187
115 485
115 361
115 326
353 442
28 389
28 362
28 33
178 216
178 341
188 207
353 386
178 314
112 399
290 465
201 471
274 353
48 383
290 402
271 381
256 479
328 479
221 393
221 258
81 451
134 423
44 497
183 497
114 497
185 491
66 167
66 143
175 220
119 321
119 194
135 340
53 56
4 96
53 159
96 463
135 181
135 420
53 388
96 274
27 332
224 332
184 400
394 460
34 302
37 447
237 488
95 466
268 315
268 357
145 466
26 148
148 308
100 390
47 409
47 188
119 264
422 488
269 435
6 358
121 421
406 410
76 486
411 432
421 457
42 432
244 307
277 421
244 245
244 500
247 410
51 73
166 437
76 324
166 276
281 410
73 209
86 391
76 484
86 360
351 432
86 215
20 73
166 182
6 175
103 363
151 363
156 273
273 328
273 431
257 382
407 418
134 194
2 450
146 346
413 488
65 308
65 458
68 323
91 134
226 379
154 196
49 418
72 263
72 296
6 499
6 440
226 382
106 144
250 392
208 250
123 130
105 396
175 305
108 220
105 109
185 472
205 285
285 429
177 241
180 440
111 267
12 267
92 384
60 309
60 474
306 403
40 475
58 71
61 155
170 203
169 288
63 288
280 342
67 430
71 417
84 128
84 370
84 427
356 461
483 495
428 461
7 342
10 67
14 225
15 243
395 433
18 433
41 433
354 482
23 71
348 448
348 374
30 306
31 243
36 434
206 223
132 461
198 339
198 493
238 475
231 475
116 157
227 255
225 462
225 355
129 288
165 426
200 255
133 157
210 310
210 236
206 365
206 293
203 369
140 434
155 292
165 449
163 354
193 313
87 255
193 367
161 495
193 420
195 214
195 333
195 378
93 242
93 272
157 314
243 487
107 198
110 354
155 249
1 286
167 286
32 478
32 284
154 443
168 296
282 492
147 282
126 282
175 436
97 283
446 488
197 261
184 323
113 376
287 295
146 266
119 468
120 379
318 419
380 419
138 446
142 295
22 358
17 22
106 470
297 441
334 444
260 405
50 359
50 371
76 394
197 412
120 372
46 297
119 498
97 381
212 346
162 321
119 139
138 260
54 425
75 443
338 371
24 50
269 421
24 405
199 466
101 151
101 411
28 154
237 268
452 460
1 233
163 233
45 444
11 70
75 290
212 368
466 470
218 305
160 414
422 432
17 447
350 472
131 336
131 438
29 62
241 450
203 413
348 396
54 306
316 412
45 342
137 211
67 298
210 368
21 166
11 73
86 160
93 438
139 244
81 165
62 495
137 410
123 434
