10.313000
156
25
10
236533
57 69
2 49
30 93
82 99
35 96
68 91
1 12
12 97
10 12
13 78
38 67
67 84
67 99
55 67
37 78
75 78
84 89
11 70
2 9
11 45
46 72
20 72
36 80
24 36
30 36
11 35
9 62
11 40
9 58
68 72
56 81
3 76
48 76
76 96
28 53
94 98
34 71
77 90
71 86
69 94
65 74
41 51
42 65
43 94
44 65
63 77
50 71
51 64
53 66
26 53
8 77
5 51
27 56
7 57
39 82
39 91
18 95
16 39
70 95
7 17
7 23
73 87
47 92
49 73
14 33
55 83
21 47
73 100
22 83
33 93
33 61
31 95
83 88
29 54
29 32
12 89
9 12
4 89
36 72
52 67
76 89
4 6
89 94
11 81
4 19
4 79
78 79
59 78
36 85
15 52
77 81
15 25
25 51
59 65
53 85
60 81
6 47
60 71
27 29
