28.868291
1596
75
1578
68117
153 308
263 339
257 269
244 327
15 87
19 50
184 307
33 247
164 260
1 52
152 188
134 340
56 211
109 196
94 243
79 171
76 119
280 318
181 242
210 250
211 250
320 345
37 67
24 37
1 12
106 126
56 181
281 345
219 345
220 345
37 98
121 126
12 259
12 192
12 179
37 194
12 19
126 246
324 345
80 126
83 181
84 255
170 287
27 287
80 287
84 287
88 287
54 215
24 183
183 341
183 228
183 197
215 219
76 215
215 319
92 215
16 245
265 287
298 339
2 298
233 327
233 318
233 247
99 298
98 105
46 301
90 320
41 229
167 325
301 325
176 325
43 277
191 229
125 229
26 268
23 277
63 146
63 293
63 297
221 268
268 292
277 296
275 291
104 123
306 323
89 97
50 213
203 307
206 213
70 203
82 290
208 213
82 110
141 203
82 104
17 203
213 223
77 286
35 195
135 186
89 111
111 170
111 348
22 276
172 276
17 276
29 305
53 88
10 53
130 178
94 122
3 28
65 188
65 83
294 337
67 130
3 127
60 115
115 234
115 349
3 133
224 337
49 65
130 169
130 295
122 256
3 164
122 198
116 337
36 302
7 302
212 248
248 338
217 313
25 217
136 308
136 303
136 254
248 284
54 217
187 346
280 346
131 206
101 207
261 274
235 262
86 205
135 274
162 241
162 204
160 162
157 180
155 330
155 166
150 262
139 155
190 262
100 173
207 249
120 317
120 299
120 240
207 300
112 180
103 274
100 278
100 225
8 189
8 128
40 205
48 252
45 205
34 48
71 180
48 237
8 38
72 153
72 161
81 326
72 270
33 326
61 326
291 312
312 316
145 149
64 149
245 315
60 311
117 331
297 331
32 285
138 281
140 152
132 342
138 216
140 329
124 244
138 142
124 344
137 200
119 174
133 226
51 321
264 289
132 201
9 279
109 132
51 243
156 335
259 266
58 209
58 208
58 199
9 73
129 266
15 218
87 200
69 324
85 200
69 334
69 336
14 35
4 51
14 93
14 16
79 335
18 124
20 310
31 310
192 310
194 335
77 91
75 174
68 222
151 177
9 323
13 266
165 264
231 264
95 218
171 174
66 140
68 193
91 236
91 144
226 328
226 258
147 177
126 283
250 283
74 272
74 184
260 282
96 269
39 340
39 214
96 238
39 59
96 163
134 175
11 314
11 257
113 175
11 253
52 78
196 282
78 182
78 230
99 282
250 350
313 333
93 333
250 343
37 44
148 345
126 347
102 105
168 181
108 283
273 287
65 315
12 298
5 158
30 250
185 350
271 315
185 332
325 343
82 102
5 105
6 31
6 338
255 322
118 233
136 315
21 158
29 283
122 283
47 289
47 146
239 270
64 239
183 232
183 306
107 309
251 268
107 217
107 248
251 322
304 332
108 118
62 181
37 337
229 268
44 115
154 325
96 315
39 315
63 97
154 203
123 286
30 114
105 227
114 275
274 347
55 215
218 255
42 63
131 277
90 143
185 267
46 177
202 277
159 304
62 120
48 227
68 195
32 186
42 100
57 271
302 311
55 205
143 262
159 180
207 267
288 309
155 288
162 202
8 57
