68.646617
1
145
48599
97133
320 429
132 235
33 179
196 360
77 453
55 230
89 180
115 220
114 470
269 355
160 389
340 433
101 353
101 109
101 145
101 231
101 476
186 336
42 193
42 379
42 471
42 104
54 177
292 336
299 483
253 336
313 325
225 358
313 499
225 339
225 230
156 481
130 177
140 234
140 294
140 453
142 156
122 223
145 477
156 478
223 373
100 477
91 483
177 301
177 418
225 376
77 484
194 313
72 223
484 500
477 488
358 477
465 484
364 483
470 483
22 484
336 497
118 152
118 174
118 463
430 451
12 239
12 187
12 249
199 445
55 435
449 490
361 435
251 376
251 374
110 435
270 490
357 490
381 445
14 342
66 490
169 435
14 211
14 339
73 445
14 245
49 50
83 437
49 292
146 366
87 409
87 103
114 366
238 332
236 437
78 348
366 400
161 498
68 335
68 411
94 498
18 169
33 332
299 498
18 24
43 49
18 436
320 332
348 476
40 348
276 446
359 458
116 149
115 149
86 92
86 95
149 413
276 360
59 276
250 458
86 132
22 458
186 314
70 301
70 350
70 410
196 399
126 389
179 461
9 370
305 461
126 432
399 429
205 461
180 441
144 265
148 471
51 126
144 220
144 217
148 485
183 441
357 370
85 148
15 370
287 441
399 495
375 406
134 434
135 273
384 396
135 279
131 240
134 303
181 190
425 492
176 327
134 377
207 210
396 440
425 438
424 480
459 462
154 168
415 494
407 480
157 167
159 235
159 473
139 383
160 425
139 229
135 378
167 428
138 326
393 417
388 420
387 480
137 175
167 466
168 288
136 317
170 405
175 311
266 395
286 321
285 450
283 344
282 344
281 297
280 334
269 309
267 457
351 408
264 390
263 422
263 330
262 450
261 289
261 275
259 493
258 261
306 482
331 417
326 454
326 391
324 390
321 455
334 382
317 444
317 333
255 354
306 316
304 388
302 395
351 367
298 469
298 442
297 345
198 351
213 421
213 386
212 298
210 218
208 388
206 318
206 242
204 267
214 308
195 203
192 240
369 395
191 321
188 195
185 405
184 297
2 37
255 328
254 263
246 343
245 259
243 343
240 496
226 260
226 232
181 362
222 295
221 464
221 372
221 252
219 417
214 416
214 319
37 278
44 426
44 385
44 256
75 158
41 259
75 189
75 439
76 390
79 334
39 452
82 494
84 226
37 489
45 375
36 474
36 352
88 159
36 166
35 343
34 201
34 162
32 462
31 139
29 117
27 222
97 309
26 34
52 168
62 155
62 227
62 80
63 133
63 447
63 479
64 163
64 202
58 356
64 412
58 310
58 248
53 327
93 181
67 267
48 392
48 147
48 56
69 306
47 309
71 165
71 171
46 291
71 173
46 271
46 153
10 13
20 30
113 494
117 200
19 206
17 327
16 414
120 452
121 462
16 99
16 23
11 450
10 491
10 216
119 222
8 468
8 402
124 255
6 456
125 349
125 363
125 394
6 431
6 404
5 8
3 117
1 396
129 195
107 209
108 213
102 452
107 337
107 323
105 375
25 405
111 210
21 344
20 244
106 175
20 164
268 338
172 284
172 274
7 127
127 247
28 467
127 443
224 338
112 467
293 347
374 467
89 293
293 433
338 451
247 427
308 427
223 313
340 348
140 445
101 228
123 340
42 398
140 329
251 430
214 340
74 336
156 315
156 233
57 177
223 300
329 490
341 445
81 477
4 484
87 241
128 483
313 380
14 371
225 475
366 419
118 300
251 272
12 300
57 435
307 430
98 118
70 241
228 257
251 397
178 430
329 448
237 448
233 437
241 401
68 314
346 399
437 472
237 461
215 370
123 151
241 309
277 498
277 296
215 307
65 272
182 346
87 98
49 312
61 148
61 441
419 487
341 487
257 472
61 486
151 326
341 344
317 346
90 296
237 375
181 215
175 419
37 341
151 425
151 462
334 398
167 237
168 215
296 368
419 452
64 228
228 395
134 398
213 329
210 346
60 398
38 458
86 277
18 96
68 150
332 423
141 276
74 486
65 365
46 61
16 371
74 135
117 315
315 321
149 150
74 172
57 460
58 472
57 390
6 472
38 306
226 277
44 141
322 486
20 81
182 403
4 396
107 312
143 365
197 460
128 343
128 450
139 197
125 143
403 494
8 380
62 197
36 380
63 90
221 403
255 322
48 290
267 403
71 368
197 263
75 90
195 368
290 388
290 405
143 261
34 322
90 240
322 351
143 327
368 417
178 290
96 297
206 423
96 298
150 480
10 423
222 475
