7.693160
33489
29
6716
146765
79 174
25 125
84 112
40 75
34 36
99 163
62 193
117 148
104 150
28 155
100 160
44 105
4 129
15 23
37 71
15 37
37 196
37 84
37 117
77 112
77 125
77 155
10 30
10 150
10 156
94 164
56 81
20 159
35 42
42 68
42 61
16 42
137 156
90 106
25 130
55 61
55 145
44 55
170 193
72 170
3 170
34 154
46 179
95 101
31 95
11 177
10 168
68 119
99 137
139 152
81 137
37 182
54 181
10 182
168 170
31 33
59 185
39 198
39 50
140 161
40 161
56 93
23 179
36 95
19 142
138 192
42 183
55 74
171 200
72 171
53 146
73 146
29 83
21 110
45 66
49 97
32 196
32 43
136 158
75 192
42 97
78 170
160 184
165 184
8 151
27 122
122 165
133 138
133 200
58 87
4 87
87 169
118 198
118 173
51 118
55 185
157 170
104 154
60 91
131 140
73 131
101 180
169 180
12 96
119 121
96 188
49 93
30 127
111 127
123 127
18 127
12 134
121 188
64 95
45 168
152 157
29 82
8 76
24 67
24 92
21 77
100 130
77 159
74 142
80 195
55 82
166 194
71 194
63 124
26 98
26 54
65 187
113 190
65 139
89 153
13 47
144 153
132 190
13 199
11 190
17 83
136 148
110 195
106 137
14 197
14 17
63 64
151 183
21 177
64 118
57 167
57 79
57 149
22 105
13 182
48 186
38 126
20 126
161 164
85 88
88 92
26 134
141 174
114 141
162 199
7 162
3 86
86 172
60 116
108 116
103 176
1 85
176 189
115 178
94 115
41 135
52 109
1 120
2 102
6 109
2 143
5 191
69 135
5 107
70 115
22 128
128 175
5 62
1 78
91 181
28 57
95 153
9 53
9 147
129 186
82 176
2 33
135 175
76 109
