25.579410
18090
69
77757
79602
130 209
110 211
172 213
70 237
200 221
12 182
79 255
6 138
86 277
51 273
29 283
69 272
142 213
51 142
142 256
142 291
4 76
19 76
35 77
77 274
77 288
77 210
38 135
38 65
38 243
38 276
38 50
2 217
163 270
270 279
2 256
267 270
2 130
214 241
69 76
86 203
40 203
203 214
3 196
3 275
3 226
3 64
164 249
27 212
1 41
73 154
73 146
146 277
146 248
121 237
121 221
121 159
281 287
47 281
205 211
198 205
205 239
88 248
88 202
218 281
20 88
97 125
128 167
13 141
102 147
97 198
80 175
45 109
97 98
95 175
53 97
141 150
89 133
93 147
133 197
106 253
128 141
109 192
106 153
106 132
111 133
167 260
26 147
27 109
104 226
19 167
167 228
104 224
32 175
104 152
104 107
35 141
29 142
113 191
113 126
99 113
93 113
263 266
10 266
266 282
111 225
43 94
29 77
235 298
3 272
179 247
179 183
148 179
219 251
185 251
251 265
92 251
30 129
137 285
184 209
184 293
216 224
65 269
9 269
101 216
74 199
82 87
82 222
11 37
82 273
131 283
138 216
131 165
37 249
2 178
140 144
123 153
123 296
262 297
17 123
265 297
72 297
186 259
96 143
96 112
84 173
236 259
84 252
78 139
78 188
85 116
254 299
78 294
103 156
49 118
39 108
36 176
34 96
124 170
122 206
57 254
118 295
118 290
116 242
115 122
28 116
62 84
170 194
176 280
108 201
108 166
103 114
22 122
15 176
134 170
18 259
195 254
103 261
154 157
82 230
235 272
88 178
215 298
52 215
105 279
95 105
59 68
68 182
76 270
88 144
162 187
31 238
162 177
161 210
161 208
160 229
155 244
149 223
145 232
42 238
136 271
136 183
44 91
48 110
58 119
120 240
120 151
58 257
189 268
1 250
4 284
255 284
7 160
228 244
227 250
12 25
200 284
189 300
162 234
180 244
23 54
23 158
24 48
25 90
25 285
30 189
94 238
91 286
60 145
70 120
81 223
79 160
67 136
75 250
66 161
63 190
63 169
148 207
144 147
144 246
77 181
46 218
7 46
38 61
56 76
2 41
144 199
5 38
8 246
207 230
83 147
127 140
5 203
127 164
100 109
174 270
144 170
77 137
133 212
16 177
16 192
203 266
154 292
3 43
100 193
203 220
205 281
193 241
41 251
117 205
14 106
225 289
55 154
142 264
8 189
204 289
21 174
109 171
21 233
71 154
168 225
121 231
61 145
58 181
121 258
245 292
123 204
117 122
78 220
14 91
171 259
63 174
55 96
204 223
33 168
84 231
71 118
278 297
33 108
176 264
254 264
103 278
116 278
23 258
