7.969439
122371
27
79185
155007
110 112
85 157
79 102
90 129
10 64
20 108
43 142
39 147
93 147
25 54
61 68
2 42
2 89
1 49
49 133
35 105
35 76
21 35
18 157
18 89
103 122
79 121
91 100
42 100
41 121
100 122
106 121
69 75
69 139
146 156
3 131
137 154
102 137
31 32
45 111
4 40
6 155
6 83
63 65
55 65
12 59
51 135
128 134
31 128
9 128
106 128
32 64
20 153
129 153
27 84
33 84
84 94
84 130
21 132
1 132
8 142
8 96
29 49
74 80
80 130
52 143
52 138
19 41
19 60
136 141
48 136
116 148
26 125
13 82
13 145
26 86
56 149
56 99
13 74
56 139
24 104
46 71
30 77
77 119
7 53
50 59
29 100
28 109
62 109
87 90
69 135
10 53
27 57
57 143
46 67
17 95
17 85
17 146
44 121
67 121
86 98
98 160
35 101
87 117
71 92
97 144
48 126
47 58
47 91
47 151
112 124
78 141
118 124
78 115
107 123
114 126
4 78
5 126
107 158
23 124
38 97
35 43
70 120
72 150
88 120
3 50
87 147
7 84
16 22
34 110
34 113
28 100
103 147
66 156
32 148
121 147
22 51
36 127
127 160
127 140
70 137
62 69
44 47
3 17
68 152
14 152
37 159
37 133
15 131
11 81
25 81
88 111
40 101
18 61
116 150
3 127
18 73
15 65
72 77
104 147
50 54
2 124
2 97
73 107
