30.078410
79307
71
32468
81329
100 167
23 253
85 176
26 237
140 233
27 82
4 95
63 236
31 106
129 240
150 182
36 46
65 274
289 298
35 203
280 281
56 280
240 280
280 299
146 181
181 227
170 220
166 181
236 271
42 271
65 170
269 284
112 149
30 75
19 75
75 160
33 264
75 273
121 290
114 228
20 228
39 238
146 228
24 228
138 243
138 262
45 290
149 238
63 238
138 218
238 258
96 290
195 225
23 195
14 24
61 226
248 300
27 135
86 94
48 300
129 135
71 135
64 248
64 111
40 94
31 64
94 295
126 300
64 194
67 131
56 131
171 200
192 226
20 226
54 171
2 171
94 174
131 294
66 171
226 265
155 210
52 278
235 278
167 278
16 187
16 208
272 297
252 272
150 158
125 272
158 197
122 203
229 272
122 139
58 158
108 122
84 180
17 100
51 215
68 197
145 176
4 9
7 40
7 59
120 154
7 288
38 270
38 269
38 251
145 209
154 289
154 207
9 84
9 88
90 145
83 93
83 134
119 245
119 286
132 292
119 191
99 193
99 282
91 156
132 201
37 147
132 157
99 127
72 156
60 204
60 230
60 257
70 279
70 78
70 77
124 296
103 144
22 247
32 89
156 214
29 92
29 85
29 80
161 202
55 144
25 283
25 232
25 41
168 268
22 117
21 202
185 202
10 124
8 153
6 168
3 22
1 241
1 87
1 62
43 165
50 239
50 136
50 109
49 124
32 177
43 115
144 186
43 53
37 261
32 179
34 168
153 215
37 140
153 206
125 242
242 255
44 242
93 183
39 101
101 244
213 223
233 275
216 250
250 264
259 291
143 253
143 164
155 219
224 231
219 222
105 256
105 276
188 231
113 259
184 275
116 196
178 250
152 196
130 219
163 275
81 106
30 105
95 259
36 196
74 81
73 143
81 182
260 287
46 287
190 266
66 190
18 254
26 212
18 274
137 212
162 190
18 97
13 211
13 199
13 82
79 98
79 198
79 223
107 237
5 212
104 107
107 285
148 258
148 152
35 300
35 210
135 141
122 298
33 271
128 298
110 280
138 284
151 298
16 280
47 221
221 249
14 271
94 284
33 195
141 151
131 290
110 195
25 298
144 298
159 300
35 246
170 173
158 170
272 284
180 181
135 169
28 228
12 64
172 271
267 284
17 112
32 35
1 35
75 172
68 138
35 183
69 181
76 234
118 159
28 234
169 205
33 70
175 267
205 277
290 293
189 277
142 171
29 175
102 238
76 217
38 263
15 16
123 226
153 173
37 263
12 107
142 246
57 158
119 189
51 213
50 69
118 133
156 293
11 154
15 202
11 168
57 99
102 132
57 124
43 102
60 133
22 123
213 231
189 221
