39.884655
16318
102
21198
72907
214 442
71 176
80 271
56 136
48 181
137 389
154 319
187 439
190 234
193 388
230 265
242 380
262 428
16 27
318 410
363 421
335 419
6 150
354 431
229 443
18 229
4 229
229 383
79 229
42 229
229 323
101 198
134 145
145 245
145 295
198 362
20 392
19 20
20 121
217 351
31 355
40 351
351 379
31 270
31 252
258 266
259 266
266 395
266 422
268 351
124 266
78 292
78 186
78 90
156 379
235 317
230 342
231 287
242 287
344 368
126 342
58 342
96 287
28 172
322 420
2 322
322 338
286 322
115 259
284 350
56 425
115 279
115 314
115 413
51 135
50 59
130 187
48 284
390 423
130 289
343 358
135 200
135 352
378 423
284 373
234 306
148 316
91 204
319 423
13 406
306 416
14 39
66 306
65 204
80 402
82 225
62 157
14 361
92 130
93 406
294 402
14 216
103 141
59 177
59 137
113 402
204 443
180 275
180 368
44 233
376 423
246 425
192 316
23 425
203 358
204 239
180 380
240 406
26 47
30 141
225 445
26 205
26 371
27 225
235 316
265 284
44 167
44 98
157 169
157 193
157 419
165 425
21 141
22 128
3 192
114 415
24 450
171 251
171 297
171 248
244 264
244 273
222 244
15 171
175 237
175 254
175 263
15 161
430 437
172 437
422 437
152 286
195 203
38 255
191 371
219 367
206 376
7 412
81 298
120 375
178 313
178 226
347 375
81 364
174 387
345 387
335 399
243 412
18 399
272 387
370 399
70 293
391 412
4 81
178 318
70 162
70 279
189 285
131 189
256 369
109 435
261 409
45 105
269 331
277 296
149 409
151 228
140 432
303 325
60 303
213 228
189 417
179 377
45 116
133 277
223 311
142 228
202 377
129 208
132 277
55 393
208 227
54 432
209 432
52 208
122 393
67 183
87 440
163 303
331 434
159 440
158 331
63 393
67 107
8 311
426 440
67 276
45 336
363 369
73 435
5 409
377 444
386 435
311 348
61 138
61 446
11 71
61 282
11 147
12 369
11 385
102 280
341 349
9 106
35 243
75 442
324 438
154 438
75 382
75 190
150 153
312 438
153 388
89 153
95 417
25 401
295 401
249 329
249 428
214 327
64 327
309 330
53 330
143 448
76 143
143 410
218 271
218 262
307 350
307 320
43 447
181 427
37 405
38 72
41 398
168 407
168 394
43 185
43 280
182 246
247 288
1 57
372 436
353 357
346 427
10 436
333 389
326 431
305 405
299 353
290 365
290 362
16 104
283 367
19 168
253 301
182 236
24 436
25 184
241 326
239 301
220 366
32 69
215 403
32 74
32 176
33 283
201 403
197 247
184 354
184 278
182 238
88 333
94 338
99 291
128 247
100 366
49 290
46 439
77 301
94 136
146 398
99 250
72 125
103 427
72 97
79 99
104 212
86 397
94 390
57 381
104 415
46 169
112 328
112 232
46 211
112 118
111 326
155 397
108 283
84 333
328 334
253 334
381 411
53 411
321 449
257 414
188 321
36 119
36 251
36 359
268 414
6 321
101 414
110 229
145 351
65 356
33 356
20 31
224 266
34 358
34 180
68 225
198 322
198 260
127 141
207 316
170 345
170 285
14 31
224 423
44 224
130 429
17 196
17 421
3 78
29 34
135 418
156 406
317 322
281 351
31 267
145 360
14 110
145 400
315 344
384 402
78 175
28 204
44 408
78 123
127 337
225 316
244 384
22 306
404 418
34 81
191 207
281 306
141 450
342 400
139 284
221 302
152 441
11 34
198 387
130 310
144 399
20 164
267 396
68 274
166 287
135 360
400 402
85 315
85 339
302 404
198 409
83 260
83 160
59 219
70 433
224 303
20 117
114 199
171 255
287 424
57 144
175 255
85 300
160 340
102 358
139 178
210 408
26 308
173 358
353 433
366 441
26 35
310 311
45 310
310 349
339 397
208 400
61 300
166 393
219 432
161 403
29 332
106 424
95 375
194 210
164 405
304 375
117 377
173 228
277 308
374 412
304 369
194 398
332 440
374 435
331 374
67 332
