13.330611
108494
30
301
171641
8 61
28 57
34 43
6 56
80 119
46 99
98 110
84 98
11 52
52 95
55 100
55 102
55 117
55 106
59 108
108 118
9 108
4 79
79 99
65 79
44 64
44 107
44 89
2 44
69 91
8 69
57 69
54 61
54 100
54 60
41 48
11 94
39 62
39 53
64 104
39 43
30 94
6 48
85 104
93 104
94 119
34 48
56 63
25 63
63 87
42 82
47 115
49 115
1 29
58 72
72 114
73 74
37 111
37 50
37 45
36 73
35 40
73 105
112 115
26 82
20 77
19 82
16 20
15 109
15 101
15 38
23 72
24 40
10 20
7 113
7 83
7 78
31 40
1 70
1 17
12 116
28 116
76 116
33 75
33 80
68 117
95 97
51 66
51 81
5 97
21 97
90 103
22 90
46 52
46 67
14 98
55 108
67 108
32 55
46 86
68 98
27 46
52 73
52 82
40 67
1 67
67 96
39 120
13 32
44 86
48 88
54 88
71 120
72 120
32 37
7 32
3 69
18 104
92 94
18 20
15 92
3 115
96 14
90 120
