37.522443
18410
89
4147
71704
104 269
79 196
11 45
9 292
200 234
177 324
173 250
139 167
4 47
114 233
28 305
16 215
51 232
140 232
32 232
156 232
56 66
66 115
15 66
66 153
66 225
74 148
44 74
49 318
25 179
25 162
49 306
25 63
49 120
49 138
158 348
34 149
158 304
158 277
149 324
217 252
149 255
58 252
13 252
252 292
174 246
133 347
86 185
133 316
294 301
133 312
183 247
175 257
183 253
36 133
175 201
159 183
105 300
86 209
117 183
294 334
91 175
146 294
5 300
300 313
4 86
113 294
246 282
246 328
308 340
286 296
85 181
54 286
165 307
69 308
28 286
68 196
77 308
87 307
114 116
116 249
123 308
68 216
68 269
132 307
100 116
181 341
181 186
209 240
62 314
46 168
13 157
155 343
250 331
16 198
141 198
5 228
217 331
89 162
136 331
198 267
261 318
142 262
50 197
56 337
136 280
11 337
48 212
256 337
259 309
9 259
235 241
20 280
75 220
188 227
188 200
24 241
29 99
176 197
29 208
172 259
167 241
163 220
46 197
48 271
102 110
102 245
102 192
48 146
276 280
111 268
111 152
111 148
128 202
128 247
128 302
192 339
106 278
82 330
2 244
88 129
92 101
92 210
92 322
106 154
106 237
203 311
317 346
275 346
264 350
260 265
254 350
248 335
243 288
238 265
230 311
221 346
207 231
207 213
204 350
107 284
191 265
182 207
161 243
147 287
145 287
143 171
134 272
134 218
134 139
131 287
129 270
124 290
112 284
42 124
7 124
65 239
65 214
65 94
64 143
8 244
61 78
1 129
59 315
59 285
52 226
52 81
82 187
19 59
40 311
39 52
38 243
37 284
35 335
30 244
27 143
23 298
23 70
23 108
76 332
76 297
76 281
78 122
82 109
78 236
80 335
184 258
156 184
177 251
193 251
119 344
199 320
120 310
95 173
90 93
84 329
274 333
26 263
289 310
224 242
47 274
45 274
144 327
291 329
31 266
79 266
199 225
211 242
21 69
21 71
205 327
21 262
199 338
170 263
98 344
327 343
67 310
118 266
93 319
95 150
263 348
60 325
60 345
95 160
93 233
83 195
195 314
96 127
10 223
3 104
57 222
57 347
3 349
96 299
3 283
14 57
96 178
125 223
103 299
43 66
158 215
72 205
72 115
74 194
43 149
166 305
157 323
25 137
41 323
279 323
49 175
43 68
130 305
130 215
6 43
74 142
102 305
25 273
321 323
25 307
252 273
116 194
111 305
273 300
215 342
18 137
49 169
73 323
68 295
286 326
135 149
86 166
133 303
180 232
134 215
265 305
232 342
17 183
326 331
97 240
6 151
181 198
157 168
169 308
128 137
43 243
53 294
181 189
106 137
124 194
62 220
280 303
300 336
89 220
18 188
78 295
164 175
53 228
151 293
206 246
103 246
190 273
219 286
55 116
206 307
33 259
60 97
89 129
155 344
17 223
29 126
29 336
22 197
189 244
12 321
188 329
229 241
33 242
180 350
126 143
22 52
82 121
121 207
121 346
121 190
65 164
92 219
55 311
59 229
12 76
23 55
206 335
229 284
12 287
