38.974115
1
81
32753
157325
183 246
138 273
5 191
15 103
6 129
10 144
197 274
50 233
80 250
120 249
140 251
13 251
48 251
18 184
29 299
99 265
30 105
100 199
30 107
159 199
14 265
11 199
30 148
30 201
86 184
195 265
70 184
36 253
38 62
38 263
38 267
4 199
38 298
254 265
39 257
155 198
163 257
240 257
7 50
198 294
198 267
7 220
7 282
88 126
60 97
35 97
74 97
88 168
108 215
61 145
8 20
42 178
145 151
131 145
178 215
178 211
178 209
108 279
20 175
20 192
108 134
252 289
206 249
121 252
165 172
116 300
116 277
116 138
2 125
114 281
65 103
65 231
65 264
112 268
72 125
112 260
77 149
77 233
80 172
82 172
189 206
183 206
112 115
174 281
36 125
29 281
10 252
19 77
139 218
24 232
218 246
15 24
33 273
51 222
101 222
156 287
180 287
24 154
5 222
33 83
33 109
194 218
191 287
57 243
59 269
59 225
6 44
16 44
170 243
44 234
148 243
157 283
22 204
89 98
81 142
31 66
32 106
84 196
158 196
76 238
32 166
32 219
79 266
78 226
21 266
76 297
177 288
98 147
27 288
25 295
28 210
25 162
25 41
123 196
129 224
132 141
132 152
132 286
133 179
133 212
91 239
96 98
135 230
136 247
136 255
136 258
137 285
93 245
93 146
93 128
142 208
142 261
23 223
53 275
186 292
63 271
63 242
63 117
12 17
195 223
9 239
28 167
205 235
55 204
214 275
221 275
76 130
226 274
235 270
49 230
239 256
47 285
46 224
45 230
43 283
3 283
1 226
276 285
64 216
28 188
160 266
161 223
164 204
169 224
171 288
69 150
69 119
69 113
68 133
67 259
67 176
67 71
66 213
66 90
182 235
12 185
12 85
186 228
186 290
64 241
64 193
110 190
110 144
159 284
200 284
284 296
75 197
52 104
75 181
104 236
58 110
75 87
104 250
111 286
229 268
37 203
37 202
34 199
34 184
30 34
20 251
88 291
237 265
7 97
108 145
124 251
120 127
94 299
73 291
102 253
25 120
120 186
66 120
120 293
34 278
173 184
7 95
142 253
196 253
224 253
34 133
12 291
266 299
226 291
122 299
132 291
38 227
187 299
124 178
257 262
145 244
20 262
95 281
65 207
116 207
122 198
26 207
111 257
88 153
77 248
124 206
33 272
218 272
54 125
172 244
26 217
248 287
59 207
92 237
56 112
73 248
237 288
28 237
118 252
40 127
102 124
92 272
40 278
63 272
24 280
94 143
110 248
54 69
198 229
64 244
239 262
98 173
56 230
143 275
67 122
122 204
76 143
143 235
32 118
153 283
136 227
93 118
280 285
187 222
