23.698480
1
51
93156
229325
44 172
147 199
66 73
108 177
126 185
5 186
191 192
39 191
49 191
122 191
130 191
5 45
20 54
45 74
45 90
54 100
54 158
54 186
57 127
85 127
6 189
127 134
6 99
6 12
142 195
24 51
33 82
37 62
62 194
42 96
123 193
42 105
42 153
154 164
111 142
80 82
51 83
51 117
53 62
62 72
82 182
78 164
22 164
20 142
13 82
16 42
46 176
107 140
75 143
75 177
80 107
32 138
44 138
30 46
7 75
2 107
55 138
38 99
8 52
71 188
52 187
71 112
87 135
69 103
68 71
67 179
65 174
65 109
65 91
63 101
1 9
59 129
14 183
1 10
121 147
159 183
1 124
151 179
148 178
137 157
135 163
135 144
129 168
129 146
128 160
128 149
88 157
110 152
106 179
104 121
103 136
101 196
101 171
98 128
94 110
92 170
92 115
92 108
26 157
50 81
31 148
50 150
29 183
50 167
48 148
25 110
34 121
52 125
41 103
66 141
61 114
17 56
43 139
114 139
113 200
16 156
18 28
156 172
28 133
27 200
56 139
156 161
132 190
97 132
132 184
19 84
84 185
4 15
155 173
123 173
21 180
93 175
93 126
21 79
40 131
21 199
23 173
15 116
70 131
15 49
60 93
47 130
47 89
47 58
72 131
162 190
162 194
118 191
6 45
36 191
11 82
127 164
45 169
11 64
142 193
6 119
11 92
54 145
127 145
3 107
76 193
138 169
11 61
102 118
169 181
129 193
50 193
118 157
11 47
1 169
64 77
76 77
38 46
17 51
28 118
164 198
3 93
51 120
42 165
62 197
119 121
46 141
95 103
95 148
95 135
52 145
75 166
35 102
128 166
101 166
181 197
110 198
120 183
65 165
179 197
71 197
86 95
36 200
35 86
