25.161667
54828
78
4987
66515
59 344
100 240
65 202
155 242
91 239
121 297
80 281
147 287
109 146
48 133
273 378
113 346
259 275
166 204
185 316
38 316
56 261
300 325
17 300
60 300
108 389
135 185
138 285
229 285
29 285
37 42
13 248
163 239
119 163
127 163
118 134
227 380
125 227
227 317
369 371
344 371
132 257
250 371
116 132
188 190
40 331
267 331
168 331
331 378
331 370
49 342
57 174
21 333
353 384
180 221
269 305
145 177
269 317
177 287
177 270
177 246
247 269
177 183
175 269
140 321
32 343
201 257
62 199
62 214
62 352
6 376
309 350
127 243
176 297
208 244
208 301
206 395
202 206
82 114
142 364
114 122
206 271
15 208
27 368
27 75
263 364
27 299
75 169
268 276
161 366
105 298
283 362
88 167
324 362
70 167
8 167
7 362
167 373
253 362
311 397
106 354
106 302
106 115
311 353
45 311
5 302
78 111
9 282
78 340
78 272
9 129
9 108
6 9
92 290
290 374
78 190
290 337
41 67
125 375
20 25
25 200
25 130
90 245
245 249
32 156
141 156
245 268
156 164
153 347
153 196
80 379
39 346
207 379
168 379
39 224
39 259
30 289
293 388
46 388
221 330
255 398
396 398
59 398
281 326
148 326
222 326
158 211
213 318
140 318
139 209
1 323
355 385
112 367
110 203
155 319
109 137
107 207
107 151
338 400
121 172
124 323
133 203
137 279
97 172
11 28
150 254
94 223
11 272
91 173
85 291
89 278
88 173
313 323
86 144
86 246
11 226
147 223
86 335
194 319
294 400
18 392
26 137
286 291
282 400
57 278
187 254
21 139
193 367
223 234
278 332
47 391
203 308
216 391
275 400
204 223
23 391
54 254
74 332
12 107
12 385
307 385
74 131
173 341
31 367
36 172
28 137
74 370
68 392
68 107
65 323
161 278
232 392
64 74
58 285
256 316
18 310
46 310
186 235
219 293
219 294
22 285
316 357
95 240
95 215
95 145
4 199
4 266
49 316
77 280
30 77
96 342
96 229
105 394
33 328
152 394
234 345
345 348
233 328
15 345
328 350
225 394
300 371
183 220
220 266
220 260
97 99
227 314
300 384
288 320
186 217
149 181
126 292
159 217
128 288
2 126
84 126
53 217
104 288
103 149
102 149
79 117
371 393
56 399
265 284
117 389
14 251
101 237
101 296
17 87
51 224
51 73
50 87
69 274
98 252
273 312
283 312
236 312
295 314
248 329
56 62
34 37
34 66
62 79
316 372
256 329
123 387
35 67
35 44
163 262
81 170
178 359
327 336
157 198
305 365
303 339
170 261
93 382
157 264
170 210
160 365
73 212
19 61
19 83
241 382
48 339
113 327
120 178
52 212
124 365
377 390
100 377
231 238
231 358
146 382
134 327
189 212
339 356
165 248
162 360
79 206
56 192
163 228
154 227
188 227
300 372
62 360
182 191
16 227
243 393
49 331
132 228
166 330
132 322
167 383
123 383
248 309
24 71
177 386
306 315
136 311
71 192
58 195
269 315
180 351
27 191
114 371
136 245
163 304
191 366
114 334
72 333
192 277
218 399
143 227
184 277
349 351
179 343
106 182
3 290
361 386
94 381
347 381
3 361
135 291
55 277
43 192
298 322
43 205
156 334
72 171
10 208
230 237
230 253
171 258
56 217
169 258
76 205
55 321
42 99
262 319
10 25
176 375
41 184
25 364
162 211
179 391
197 235
143 289
201 367
76 254
49 149
98 357
49 265
41 203
274 306
154 231
14 180
16 178
157 197
269 363
24 63
19 376
63 126
288 363
