11.310622
101911
27
4800
446891
2 17
51 93
55 80
78 80
80 92
95 99
31 95
73 95
49 65
5 49
49 88
23 90
23 58
6 23
20 100
20 48
48 85
61 77
10 93
10 71
7 48
75 86
33 53
82 84
70 83
54 70
22 98
53 68
53 57
50 70
28 98
18 63
18 62
30 98
76 84
47 64
47 60
47 72
3 42
4 42
9 18
11 42
12 25
12 43
12 89
84 97
34 46
16 40
44 74
35 44
13 90
38 45
40 91
41 46
56 87
41 52
36 39
39 75
17 87
1 67
2 66
8 91
15 39
66 69
29 41
59 87
21 66
24 45
51 91
5 79
10 95
34 80
37 95
81 86
14 80
18 81
47 81
26 49
81 94
79 80
13 49
41 81
48 61
26 27
23 37
19 27
84 100
16 61
32 61
26 44
32 42
12 32
26 45
19 96
96 98
53 96
1 70
14 87
1 96
