45.645896
1
96
129962
136350
121 180
178 212
107 187
7 291
89 209
263 331
277 304
49 307
52 270
337 338
198 242
219 335
164 318
96 108
208 219
96 122
69 96
96 185
32 219
219 264
48 96
31 86
162 218
100 205
174 200
209 320
177 190
177 216
177 336
183 320
100 255
100 211
200 347
160 320
126 349
61 267
132 200
267 306
86 327
134 200
86 120
84 177
9 99
249 320
9 149
9 193
112 346
112 333
82 349
112 308
112 221
105 349
104 267
25 42
42 242
36 42
2 42
220 309
166 208
71 334
109 229
229 244
81 102
71 304
34 303
34 291
81 250
81 89
113 116
113 132
45 103
113 137
166 240
45 253
56 76
54 71
90 324
62 76
90 251
19 34
90 164
76 121
45 338
166 276
236 342
46 210
236 331
49 169
46 128
69 215
46 107
297 319
195 215
144 319
20 173
20 238
215 222
79 236
212 319
169 247
169 277
75 125
52 226
129 226
180 239
48 57
57 191
125 308
57 285
125 147
239 263
239 260
157 249
157 248
157 178
226 252
18 30
18 67
18 336
78 218
123 203
98 274
93 167
92 159
119 313
92 163
97 141
117 241
92 233
101 140
93 325
93 289
1 302
231 237
196 201
197 201
201 299
202 292
204 274
206 326
214 273
214 298
217 330
224 305
224 328
228 272
194 293
232 302
237 339
254 272
256 341
261 265
261 332
262 292
274 343
280 292
287 302
329 341
341 344
141 225
124 295
124 345
127 261
131 310
131 322
133 241
135 194
138 230
138 243
140 207
140 246
141 181
123 340
143 259
143 278
143 288
146 224
150 237
151 214
153 312
161 241
165 313
171 300
176 279
194 234
47 138
40 65
40 186
40 192
13 321
13 235
13 155
12 300
11 258
44 272
38 326
11 74
11 53
55 313
58 312
59 70
59 87
59 275
60 330
64 330
16 88
25 66
22 279
21 279
17 300
16 199
28 227
16 148
28 315
29 85
91 312
29 115
29 350
15 317
15 314
35 123
15 270
14 131
37 326
5 286
66 187
73 189
7 8
73 184
6 223
6 182
8 268
8 337
6 139
73 142
72 80
80 114
5 245
5 39
80 266
4 66
3 28
68 124
63 309
26 51
179 290
63 136
63 83
179 307
158 179
51 152
51 198
217 269
269 316
86 219
162 200
9 100
267 349
110 318
188 219
112 311
111 318
96 154
9 50
145 282
10 267
283 320
241 318
16 318
15 318
23 177
100 323
170 349
110 311
145 274
80 162
162 272
123 145
11 145
95 145
33 86
20 220
41 162
43 301
43 296
43 257
71 311
220 284
27 188
166 296
168 282
66 220
8 220
130 283
24 42
110 294
50 94
10 94
10 319
113 154
57 257
130 239
226 301
77 110
93 311
18 168
45 118
156 213
90 323
43 281
20 111
156 294
34 175
13 50
73 168
40 257
6 130
279 301
224 257
168 214
28 188
27 348
201 301
59 188
138 296
296 330
5 130
50 326
10 292
81 172
172 229
95 229
213 271
23 124
23 131
118 140
106 157
92 170
141 175
78 300
194 348
341 348
77 312
77 302
77 261
143 348
172 237
29 106
33 313
