15.504437
283737
36
173
325610
93 105
20 79
38 46
40 115
44 110
101 133
76 78
81 120
4 80
7 103
15 49
49 127
49 80
33 128
18 50
18 106
18 124
31 33
23 30
30 69
30 86
30 94
33 83
95 111
81 111
59 111
68 111
25 120
25 108
25 100
25 28
32 84
65 121
79 82
32 101
32 51
82 91
82 128
12 84
95 126
109 115
46 89
92 126
17 109
42 89
66 126
114 136
60 136
133 136
3 89
109 112
22 40
22 105
16 22
29 103
138 139
29 125
8 140
8 108
1 123
8 56
74 123
4 122
63 122
61 122
121 123
14 138
29 36
86 138
55 75
2 76
73 97
39 99
41 54
5 117
67 119
55 116
110 119
47 113
54 135
97 132
72 113
6 85
71 113
77 97
88 99
10 85
19 55
9 87
85 102
9 64
24 99
2 38
26 45
26 58
26 70
117 134
117 129
90 119
2 104
11 54
9 53
43 107
62 93
43 44
62 137
43 130
27 62
7 33
33 49
18 35
30 35
7 32
7 13
7 22
37 65
13 37
7 119
49 118
35 96
35 113
35 62
57 82
18 98
111 118
21 57
48 65
25 52
12 54
34 136
2 21
89 131
48 55
85 98
9 118
34 117
99 131
52 97
26 131
