24.281734
1
52
194871
221278
2 12
15 166
84 106
28 194
109 183
109 113
97 109
67 171
65 109
119 174
174 193
169 174
165 174
38 159
117 197
84 197
67 197
76 197
8 62
62 112
62 122
35 62
19 146
32 126
45 146
76 95
107 134
50 145
64 157
23 162
26 134
95 129
32 181
29 64
32 108
32 121
64 111
9 95
134 192
146 170
148 161
160 162
148 191
148 194
52 146
64 119
152 162
55 144
81 141
81 126
6 78
78 106
34 167
155 189
156 167
63 81
25 198
99 155
12 167
50 78
15 198
19 155
47 198
44 122
17 120
17 190
17 144
79 149
60 115
30 115
8 79
13 79
115 165
66 97
2 66
61 142
56 127
58 74
68 143
71 138
1 96
124 138
179 195
178 196
153 196
142 158
138 176
136 196
135 137
133 142
125 168
125 140
72 125
105 188
105 184
105 123
90 179
83 186
83 114
75 116
75 100
74 200
74 166
24 75
41 56
37 91
37 49
37 42
4 11
36 46
33 132
4 92
33 94
31 83
27 135
56 69
4 118
22 179
21 182
21 177
21 139
20 68
16 59
16 43
16 18
14 135
7 33
54 164
46 180
48 93
1 89
48 110
1 102
48 185
51 68
46 130
54 98
54 175
3 104
3 38
10 53
28 154
70 154
88 154
10 40
82 150
109 162
86 128
32 128
55 159
147 171
77 159
86 95
125 171
4 171
46 171
80 109
128 173
159 173
87 148
159 187
128 135
68 128
78 85
73 174
151 162
44 148
79 145
5 134
134 172
85 172
64 103
39 77
62 101
85 179
74 85
87 115
147 151
150 171
95 163
146 163
155 199
56 151
1 151
81 131
5 54
142 199
103 196
10 172
57 187
16 101
57 83
48 57
33 131
73 75
37 73
105 131
21 80
138 163
