3.463365
80474
14
75420
145698
15 65
15 115
53 70
17 106
13 58
4 58
50 104
20 91
34 117
80 112
48 58
25 54
25 53
25 42
2 78
36 60
16 116
76 107
43 107
62 93
4 44
35 44
44 95
44 93
30 45
45 106
45 91
80 84
18 38
8 97
39 90
25 104
73 108
56 108
72 83
84 94
10 26
10 27
23 71
16 101
27 101
9 25
9 82
1 12
52 77
77 95
37 86
90 94
21 89
33 89
21 118
102 118
40 118
63 117
63 120
60 63
11 39
11 54
33 57
13 57
6 110
8 87
15 61
70 97
17 22
37 38
85 111
58 67
55 58
22 67
74 96
7 99
19 74
7 92
51 74
7 68
15 116
25 58
15 62
79 110
64 69
81 105
78 105
23 72
24 113
100 103
47 75
71 112
61 86
5 30
5 81
26 49
12 49
29 34
28 73
28 32
6 107
18 98
98 114
29 55
41 120
41 119
34 107
64 107
87 111
58 108
1 31
88 109
46 88
35 88
14 59
3 66
3 47
15 75
7 31
6 113
74 82
14 50
85 103
