10.933096
200260
28
256738
299894
2 5
27 99
18 112
87 102
98 128
107 135
22 69
15 125
15 58
15 25
33 46
77 96
80 96
82 96
96 138
111 124
71 75
94 132
130 132
132 135
100 132
36 132
7 40
4 7
7 66
7 102
20 75
20 66
20 49
77 131
61 68
74 90
68 89
21 68
36 131
51 131
21 131
2 68
8 34
8 123
86 90
90 122
8 64
8 44
53 104
17 122
114 119
85 119
64 119
54 108
9 108
93 108
29 65
63 70
10 63
23 63
50 123
50 91
48 50
103 134
58 134
61 134
15 22
55 139
52 121
62 139
92 139
84 121
72 109
39 109
37 109
117 129
121 128
42 117
24 117
71 118
35 41
56 83
107 137
33 137
98 110
99 110
57 69
57 101
14 15
26 76
106 140
104 115
19 29
26 87
28 45
106 112
26 113
60 106
19 88
67 105
19 81
70 78
1 116
12 67
13 30
32 116
13 73
13 111
78 79
45 94
16 45
18 78
115 127
48 116
115 126
5 67
108 133
6 7
11 47
7 11
15 17
43 65
97 133
63 118
6 8
90 120
35 108
53 120
68 124
136 20
3 50
3 134
46 95
41 95
38 65
38 136
43 121
59 96
14 56
31 131
97 117
59 109
31 139
