55.565029
1
132
518
93060
10 52
181 472
232 276
251 269
98 146
94 155
172 410
13 293
103 242
72 486
63 273
468 485
4 132
117 407
462 475
107 429
139 315
356 396
24 207
21 237
65 237
173 237
237 347
105 118
160 327
118 442
118 313
155 494
176 194
176 401
143 171
176 414
118 352
213 494
315 498
320 494
333 494
60 498
47 64
85 262
85 191
64 434
64 369
162 217
51 148
51 299
51 331
51 417
103 488
95 156
95 281
95 302
95 362
300 407
482 499
464 495
462 488
459 491
459 478
403 464
354 488
335 450
334 464
332 459
320 398
318 488
122 482
300 321
280 300
261 300
239 450
234 252
175 482
2 459
141 450
129 162
127 312
127 286
127 191
11 464
35 450
36 432
34 162
36 301
36 207
312 350
164 294
294 489
350 437
350 364
259 294
105 206
13 133
125 255
168 255
255 348
39 133
133 160
80 285
93 433
161 195
262 394
109 476
349 388
29 196
65 266
378 422
157 422
358 392
273 400
132 476
31 38
82 232
93 98
266 360
358 472
69 82
27 195
12 412
72 388
318 400
117 431
100 174
198 452
196 352
20 139
20 49
106 248
196 233
195 405
106 213
198 458
100 373
100 383
182 400
192 394
121 205
4 431
334 358
121 361
58 476
22 93
63 202
202 404
20 372
394 411
61 82
202 279
31 111
107 121
15 431
198 479
412 480
167 388
54 266
169 412
106 406
325 368
344 368
346 368
230 326
263 351
287 473
32 91
244 308
283 443
277 390
275 446
272 337
267 429
112 440
113 446
114 188
263 451
30 67
19 486
215 471
215 402
214 440
211 460
209 244
159 249
159 265
203 230
201 483
199 387
170 306
219 338
19 136
193 219
179 397
180 425
19 76
190 497
190 492
190 307
186 483
188 457
130 292
124 154
124 236
124 238
240 291
235 336
26 330
25 43
128 460
235 328
130 146
243 382
231 235
130 490
188 454
225 389
135 306
224 397
140 425
223 330
144 446
219 475
73 366
46 48
384 460
382 445
67 99
67 184
6 382
70 267
371 440
73 355
387 409
73 436
74 215
7 496
80 267
337 365
337 363
5 159
83 330
421 443
461 481
48 138
7 41
48 377
456 481
50 244
40 317
37 380
37 324
357 473
55 230
419 481
7 370
57 473
37 226
393 425
390 424
387 427
295 389
33 220
90 274
90 172
90 303
305 443
316 397
33 485
91 152
466 483
9 263
317 435
306 465
92 449
43 86
33 200
92 345
291 484
291 342
92 329
43 178
91 189
323 390
290 389
289 317
28 341
375 381
153 381
222 381
94 288
229 448
229 367
288 385
28 288
131 250
131 257
131 348
166 229
34 260
399 493
187 444
426 500
428 493
197 423
281 426
104 247
216 487
3 241
410 423
8 59
44 137
84 474
84 163
8 251
17 241
322 444
10 78
81 158
81 115
44 79
340 430
78 245
343 444
45 84
261 493
228 247
71 423
221 340
143 216
68 417
68 269
216 463
68 150
181 247
149 426
204 222
1 319
386 489
376 386
374 470
374 413
239 374
332 467
319 468
311 386
309 310
14 66
298 467
284 293
284 447
97 258
123 185
108 183
66 356
53 284
52 310
88 319
66 379
142 467
97 234
96 97
177 310
183 276
23 185
185 359
116 183
327 396
349 395
477 480
218 499
218 373
161 469
163 395
321 469
58 477
24 327
237 498
396 464
49 439
453 479
346 439
448 453
296 299
18 359
296 343
18 487
64 391
110 396
171 300
171 252
127 176
64 162
85 95
75 237
147 162
227 459
36 147
227 256
24 254
337 396
147 294
126 391
93 391
24 151
264 498
176 212
246 252
75 252
64 212
350 415
106 171
19 391
97 396
119 252
24 208
264 450
89 127
33 441
244 441
306 441
171 330
56 431
56 198
416 494
85 317
85 235
101 441
147 455
8 391
20 271
145 278
206 394
48 227
43 398
159 398
90 227
341 482
165 227
92 256
282 327
77 327
267 271
85 120
278 455
102 118
204 498
204 441
131 256
256 381
202 246
44 398
51 420
147 340
87 488
285 422
256 297
75 190
110 387
268 398
16 254
266 339
358 408
82 416
75 241
304 473
130 304
42 476
31 260
126 418
73 408
31 210
78 89
134 412
388 438
62 195
100 353
42 425
81 339
16 270
314 400
253 422
210 382
263 418
353 460
188 438
91 420
62 215
438 481
62 440
37 134
282 446
67 420
7 282
77 443
77 389
353 483
134 230
87 390
102 291
124 314
253 397
