7.940226
104649
27
144397
245917
79 102
85 157
110 112
90 129
10 64
20 108
43 142
2 89
2 42
18 89
18 157
61 68
25 54
79 121
35 76
35 105
41 121
42 100
21 35
91 100
100 122
106 121
103 122
93 147
39 147
49 133
31 32
1 49
4 40
137 154
102 137
146 156
55 65
63 65
6 83
30 77
6 155
77 119
13 74
13 82
13 145
12 59
45 111
32 64
84 130
84 94
33 84
27 84
129 153
20 153
56 139
56 99
56 149
3 131
106 128
31 128
128 134
9 128
51 135
24 104
21 132
1 132
19 41
19 60
116 148
48 136
136 141
87 117
74 80
80 130
69 139
69 75
29 100
44 121
52 138
52 143
8 142
8 96
26 125
26 86
28 109
7 53
67 121
7 137
62 109
25 81
11 81
50 59
27 57
57 143
46 71
87 90
35 101
32 148
35 43
29 49
28 100
46 67
118 124
112 124
23 124
127 160
36 127
127 140
34 110
34 113
6 117
10 13
71 92
66 156
98 160
86 98
70 120
72 150
6 66
16 22
15 18
6 44
37 159
37 133
88 120
13 135
22 51
70 137
16 103
40 101
18 61
14 152
68 152
17 146
17 95
72 77
50 54
12 108
47 151
78 115
78 141
5 126
47 58
47 91
97 144
107 158
48 126
114 126
4 78
38 97
107 123
43 77
88 111
3 127
56 70
18 73
121 147
15 65
67 81
104 147
2 124
2 97
107 150
