29.239184
45089
74
7698
75639
342 347
54 274
62 89
66 125
67 272
78 240
79 343
95 120
100 319
114 255
117 171
29 55
168 239
187 345
204 264
9 331
5 315
280 334
280 340
24 183
24 261
25 153
24 217
102 153
24 125
153 177
81 84
66 84
84 116
136 285
89 285
204 341
28 341
213 229
129 141
126 310
113 147
83 92
229 267
267 283
105 151
83 169
43 47
43 99
151 240
151 331
83 264
202 267
41 201
41 195
41 172
33 266
2 41
33 126
33 60
90 196
61 227
11 275
11 190
121 212
61 248
90 321
109 270
109 254
46 236
109 234
94 212
95 103
103 134
103 113
90 110
61 241
42 93
236 281
203 212
3 90
42 171
42 263
145 212
236 308
11 279
302 336
244 256
34 289
34 286
34 187
10 32
10 324
10 21
220 332
332 334
214 332
223 277
192 223
223 274
121 223
205 301
82 131
231 303
44 144
170 252
170 175
163 295
144 235
144 206
136 170
135 170
119 295
132 295
111 202
97 106
218 311
218 237
218 253
35 55
35 189
107 218
35 314
159 266
286 335
292 349
345 349
78 91
91 122
91 302
131 180
138 239
138 298
158 349
176 215
180 273
200 208
208 258
208 347
215 315
215 329
226 283
226 293
226 328
6 59
6 67
22 272
6 141
5 180
9 138
22 165
18 22
23 221
13 23
199 278
282 323
48 100
188 278
104 294
104 249
284 322
36 225
110 247
181 278
86 284
323 327
139 222
17 225
48 51
124 247
154 225
48 224
268 325
238 242
7 30
233 323
238 316
7 76
38 325
65 284
7 216
222 313
238 317
58 222
71 247
250 325
104 198
63 143
62 63
37 290
68 290
312 350
13 312
87 167
87 207
87 342
166 305
68 305
255 305
77 143
149 209
149 197
26 346
26 277
120 333
118 179
26 173
31 185
137 179
112 117
101 182
2 185
179 319
261 333
230 291
12 108
12 123
12 248
185 337
4 276
182 211
142 333
177 276
56 112
164 304
164 253
162 269
20 269
146 338
306 338
98 112
338 340
70 348
69 178
49 291
52 168
64 178
52 231
79 182
53 85
54 178
45 164
85 140
52 343
88 348
97 276
16 102
16 127
232 296
14 133
75 246
29 75
257 341
115 244
115 339
15 301
15 210
130 184
37 152
50 275
50 288
50 307
156 184
152 157
103 280
186 285
153 330
39 287
147 285
24 41
43 84
72 153
251 336
84 96
262 341
42 285
80 173
80 195
10 285
153 303
84 300
27 251
109 213
22 280
155 219
24 27
267 330
43 243
270 326
197 326
72 219
33 243
83 151
1 280
48 280
144 341
34 155
83 299
236 287
128 186
297 300
40 109
39 77
151 205
226 309
35 129
24 150
10 256
191 285
232 257
33 295
309 312
40 148
256 344
42 57
19 128
8 96
11 74
74 212
11 245
148 160
194 344
180 243
73 332
193 332
61 335
160 320
291 310
260 299
91 259
87 256
90 271
19 269
247 259
61 161
103 133
194 318
57 325
111 238
8 104
193 305
73 85
161 218
174 260
7 191
6 228
150 278
222 271
225 228
228 284
174 323
265 318
184 290
265 348
