5.421648
13378
18
94026
149111
8 66
42 72
41 128
1 70
14 111
14 39
85 130
34 118
110 118
2 91
72 91
88 91
91 105
91 122
129 141
50 155
74 147
100 151
63 100
19 123
19 75
19 137
18 82
18 74
18 50
9 19
45 77
77 101
57 77
82 148
49 123
63 108
60 106
60 150
7 131
32 67
67 128
47 160
54 56
40 54
14 135
113 154
132 146
113 122
97 113
11 146
12 48
28 87
28 111
28 131
25 99
23 84
79 103
34 79
4 83
83 110
36 94
94 121
70 98
47 96
96 139
46 157
46 85
17 78
17 137
8 134
134 158
38 70
20 27
24 53
41 118
16 117
59 76
21 156
18 135
14 73
70 80
69 98
23 118
38 144
24 31
38 43
7 12
42 126
38 107
84 92
107 133
27 30
15 102
22 62
109 138
55 102
81 109
29 62
30 117
31 104
149 152
44 93
149 151
3 142
10 37
10 39
68 112
112 154
14 100
53 70
104 108
58 115
14 58
52 71
25 71
91 125
69 127
14 143
88 124
124 136
6 64
59 77
66 120
120 141
68 120
73 119
90 106
129 140
119 153
13 35
89 144
76 126
16 89
35 118
95 143
140 155
61 114
26 33
61 116
20 92
5 18
115 160
51 159
133 150
26 116
43 145
86 95
33 159
51 125
48 49
65 114
38 54
130 148
70 146
70 99
90 94
145 156
21 62
65 102
80 109
44 153
5 64
13 142
