4.680774
85611
16
151677
170454
37 52
9 88
108 114
32 69
40 117
2 110
43 139
5 118
15 131
59 110
55 132
37 109
12 84
12 131
12 49
12 100
57 129
95 136
35 93
20 30
34 133
70 97
60 62
60 98
53 66
26 125
6 31
28 123
31 47
39 124
1 89
119 137
83 92
114 124
55 83
20 89
46 124
8 126
70 83
8 79
8 39
44 96
96 135
43 137
36 137
14 87
76 84
86 117
86 133
63 86
89 102
72 128
72 120
23 72
72 82
5 115
11 74
74 85
82 85
58 85
11 25
48 54
27 94
13 41
86 113
35 85
72 113
5 130
65 104
34 42
17 59
42 97
10 67
104 109
2 123
4 99
50 60
33 101
23 101
81 121
5 108
16 24
16 41
16 107
22 128
22 107
38 88
38 126
32 38
5 78
5 95
76 136
16 102
78 132
19 83
19 80
3 49
3 111
65 69
6 115
26 122
91 105
89 122
10 105
45 77
66 77
17 30
40 106
64 94
52 64
61 134
27 50
15 29
61 130
51 60
4 106
67 139
51 96
53 99
13 91
29 129
54 134
47 127
14 127
68 75
21 57
21 121
9 71
71 103
7 71
18 140
18 90
18 56
73 116
33 116
87 112
112 138
28 75
18 81
