37.848982
79234
99
45508
85019
207 246
234 409
382 433
224 303
169 422
74 230
367 453
91 115
180 283
31 351
100 415
158 265
20 155
286 407
208 479
22 289
61 148
79 421
211 344
31 211
34 211
130 280
108 280
53 280
280 399
21 442
135 442
138 217
6 322
11 298
49 362
362 458
260 362
11 422
11 451
288 300
89 366
171 192
158 192
192 275
192 264
12 192
193 342
194 242
445 457
312 484
233 363
363 394
262 312
312 367
441 457
3 363
142 363
165 457
338 457
148 319
170 489
448 489
178 489
255 489
90 178
1 146
146 217
146 432
468 500
397 500
208 500
443 480
44 443
205 443
104 370
467 490
15 182
15 27
50 86
50 289
107 175
175 388
19 244
437 482
54 293
264 465
169 408
248 330
437 450
293 439
301 465
222 449
157 248
222 322
26 351
116 222
200 408
184 465
102 437
26 317
109 293
26 186
117 126
212 270
72 85
187 480
68 460
270 277
270 283
127 299
273 481
198 216
273 497
168 331
168 181
249 299
121 270
82 224
96 187
216 414
216 257
212 396
230 460
147 180
147 250
147 494
82 321
72 78
243 299
80 187
185 335
247 396
247 460
187 470
72 498
168 384
72 382
48 107
48 476
18 439
48 472
18 30
18 19
16 321
16 307
48 221
335 375
396 416
45 82
16 285
39 168
303 460
16 276
39 273
299 456
52 335
335 358
28 396
29 82
68 206
253 308
308 311
201 402
36 97
36 241
38 245
310 373
36 46
201 453
245 310
129 310
38 59
38 313
93 318
318 487
318 392
318 415
201 357
122 278
38 104
278 377
143 310
278 337
156 201
151 278
357 429
115 417
195 417
7 108
94 339
290 451
164 403
350 478
478 479
124 164
407 478
366 369
76 369
35 446
284 369
111 418
111 237
111 249
73 475
25 341
211 393
125 371
177 325
177 409
125 272
125 300
177 252
64 176
364 410
348 455
117 190
496 499
167 401
161 233
348 399
161 338
112 239
159 430
120 405
349 475
347 423
161 387
486 499
173 179
10 302
151 174
188 353
189 305
190 387
287 438
170 190
128 482
8 347
128 343
128 185
123 139
155 430
354 401
173 194
353 444
173 246
174 466
144 306
364 394
123 274
171 209
84 305
97 347
56 427
282 491
92 220
91 214
279 405
223 401
294 349
234 491
85 438
25 302
83 405
238 302
239 459
79 349
66 499
69 209
76 364
306 426
43 56
71 239
98 470
209 420
105 438
328 348
28 174
220 406
53 430
214 469
56 74
214 402
285 305
98 238
101 491
32 263
202 291
291 433
62 414
165 380
204 304
93 103
136 286
159 365
380 485
120 365
103 199
304 472
95 136
65 231
47 464
385 404
256 419
163 225
2 464
431 464
163 492
149 329
4 227
9 254
266 404
268 329
152 203
58 113
63 463
9 154
9 131
63 261
63 197
361 404
196 235
315 329
227 236
227 356
229 440
231 359
231 360
314 346
235 424
235 471
133 203
17 314
137 172
137 251
137 412
309 314
352 440
33 440
119 419
203 267
113 340
113 334
41 163
379 419
333 450
281 336
265 281
35 355
40 355
77 381
77 373
23 372
77 166
23 495
388 474
1 474
70 240
20 70
295 297
27 297
5 182
5 191
22 413
339 413
199 296
243 296
60 88
88 411
213 280
259 390
193 390
37 100
37 219
226 395
132 395
207 488
118 162
461 488
260 436
67 162
345 436
162 324
378 488
395 400
232 454
393 500
78 462
462 486
14 496
14 132
290 493
66 150
150 336
176 211
211 443
11 342
377 483
467 483
11 312
443 447
434 489
61 341
218 442
138 218
16 435
232 278
273 332
141 500
126 211
215 384
21 215
146 363
447 465
408 447
201 292
110 319
141 327
106 146
326 446
244 280
153 435
42 75
153 332
6 408
18 75
75 270
354 386
292 391
51 293
51 248
50 242
362 465
50 312
248 288
64 333
258 271
271 490
32 389
160 437
147 473
55 118
55 112
18 316
209 263
11 425
214 326
368 411
145 454
213 376
111 442
15 50
38 106
228 389
164 473
310 320
140 192
134 228
73 316
81 216
145 308
99 500
183 258
36 81
15 36
87 248
160 177
89 239
114 183
57 362
13 408
312 452
24 457
320 353
206 374
113 145
145 163
269 318
386 421
134 323
48 398
26 428
87 440
216 477
99 227
72 383
7 203
23 425
13 404
123 269
269 314
210 374
62 220
368 489
235 452
63 323
9 398
57 464
24 137
306 428
231 477
210 419
329 383
