3.967200
50920
20
1211
195181
67 134
23 118
37 133
37 65
37 59
50 103
44 134
44 91
44 77
24 106
16 101
19 125
13 17
17 111
17 21
36 129
36 138
11 68
15 87
51 113
52 61
66 129
61 94
22 103
30 139
45 79
19 98
58 107
46 91
18 65
13 89
49 137
36 76
62 136
28 128
122 128
37 93
2 75
29 75
36 63
72 119
72 77
33 100
100 112
76 131
37 48
10 36
39 88
57 115
108 117
38 85
102 108
25 85
23 85
8 122
8 116
17 92
71 95
1 67
1 15
57 96
54 63
79 109
109 113
109 120
109 139
12 26
7 26
20 26
44 93
44 97
39 97
37 54
97 106
118 123
110 123
47 70
71 87
44 68
36 73
50 114
84 88
47 99
49 96
16 48
6 10
60 135
3 62
34 135
80 82
18 136
53 78
74 92
31 132
114 125
3 31
59 105
105 121
17 124
37 49
41 51
30 140
64 127
101 127
55 81
70 94
36 53
55 73
41 94
81 94
40 82
80 89
6 40
52 83
34 54
41 107
22 83
4 90
44 126
8 115
51 90
14 58
14 110
56 140
56 69
75 78
9 32
42 86
42 120
60 100
5 130
35 104
5 43
27 35
4 108
26 126
5 78
32 84
35 124
