15.876563
86439
42
319
243535
27 62
46 149
55 122
79 160
8 176
25 155
148 168
25 76
42 148
25 39
23 58
58 82
85 148
156 162
61 98
61 180
91 159
113 159
71 98
103 159
87 154
10 49
57 139
68 137
9 22
9 67
9 144
7 32
7 130
7 114
128 146
16 35
16 59
99 169
36 37
97 101
99 164
16 79
16 136
12 84
124 129
129 147
101 129
52 117
45 51
45 128
47 163
140 166
44 111
132 172
133 166
66 72
153 163
2 24
120 138
119 161
119 157
64 135
64 167
65 163
110 138
72 77
81 172
111 158
92 138
104 111
109 172
17 166
21 64
19 72
5 119
24 171
24 150
28 54
28 114
28 174
94 121
36 165
96 134
32 134
118 131
125 131
39 131
100 154
60 100
10 88
1 88
54 90
6 41
6 94
20 74
115 143
62 78
48 123
14 123
11 117
11 178
90 179
11 12
13 156
8 13
13 173
80 107
6 160
105 139
78 122
75 105
73 78
107 176
70 90
69 107
34 55
38 145
38 126
38 93
42 143
3 175
3 174
3 27
34 112
34 59
30 143
26 105
20 177
33 142
33 51
33 46
83 137
53 83
106 149
89 106
29 106
25 40
25 159
40 61
9 148
43 58
159 162
95 126
40 87
49 61
58 127
18 75
18 125
45 102
71 170
108 148
57 68
4 37
63 71
9 170
129 162
102 121
15 40
45 61
58 121
31 146
162 163
20 58
31 152
4 131
43 52
63 151
166 170
16 86
84 99
50 71
72 97
25 95
7 56
108 172
15 116
141 151
111 116
86 123
24 141
119 165
56 138
50 64
