14.169422
144409
45
1295
163796
173 202
10 123
129 232
30 51
82 231
116 117
162 218
169 174
88 150
48 205
23 105
25 139
22 212
71 142
5 230
72 203
38 244
91 228
18 91
47 91
91 118
64 185
108 184
4 164
7 164
7 146
7 83
59 217
91 245
95 141
36 95
54 171
92 125
12 234
27 208
130 239
97 99
97 114
3 239
138 239
97 122
167 239
133 176
86 91
35 181
9 123
107 225
107 148
107 142
17 48
62 107
17 119
17 191
112 223
151 223
216 223
69 233
136 193
136 187
136 177
44 148
44 83
42 220
30 37
182 230
179 182
132 173
132 160
37 40
77 151
77 232
77 237
125 132
37 161
93 214
214 240
39 214
109 182
73 89
18 32
73 134
27 32
49 224
79 224
211 226
50 101
182 245
94 149
115 149
53 67
105 136
104 208
84 99
72 77
57 246
218 235
94 235
85 127
197 198
121 235
51 197
127 199
138 197
57 217
241 242
209 211
169 206
49 206
87 206
54 152
131 168
131 162
34 250
53 239
165 247
146 165
13 124
13 207
5 67
102 107
43 200
43 234
43 135
67 190
86 132
12 15
35 104
15 97
149 209
37 102
109 204
135 204
156 226
80 156
38 222
23 222
202 222
156 184
29 159
29 193
67 126
17 221
112 180
177 180
65 236
108 171
33 128
6 128
95 250
41 143
221 224
101 139
62 113
113 246
144 243
172 238
19 98
14 16
98 194
98 201
74 172
75 243
16 145
16 82
63 243
45 172
64 66
158 188
25 188
1 70
1 228
20 189
20 42
117 140
88 140
213 239
46 154
3 154
97 157
181 195
10 195
34 186
143 222
65 186
110 215
133 215
92 95
66 213
60 129
60 100
2 192
28 192
134 192
7 176
150 170
147 229
170 212
111 219
96 249
103 120
11 248
8 50
8 81
137 249
116 166
166 178
103 231
8 241
163 219
79 147
76 175
185 248
76 155
205 210
58 153
69 153
21 153
33 210
26 103
6 248
24 166
55 147
190 214
84 106
233 244
152 203
22 41
57 183
183 242
78 102
126 196
157 220
56 196
52 136
73 236
7 127
13 59
68 95
61 78
76 213
61 219
31 67
90 224
16 68
41 227
90 98
172 227
31 243
90 249
