12.136468
37823
37
93955
155080
169 205
137 162
40 81
142 231
42 101
164 239
49 234
150 202
95 163
2 19
6 127
181 201
29 178
33 219
83 88
199 214
9 38
38 180
38 120
148 247
148 182
60 249
94 160
70 147
7 147
30 133
97 217
30 177
88 138
138 202
138 191
113 230
1 229
82 153
79 147
43 125
30 79
50 52
177 230
189 245
95 189
167 222
37 225
225 233
197 250
137 250
106 215
106 182
43 225
106 124
61 223
11 193
85 115
85 188
85 231
105 112
50 105
25 155
148 223
150 210
69 209
221 240
4 72
4 113
4 163
110 221
78 221
172 221
38 246
55 170
13 148
147 199
4 44
2 147
69 147
81 131
5 131
131 242
138 214
140 250
176 229
73 138
83 148
28 148
119 210
3 19
1 3
73 125
193 216
56 161
10 122
161 235
129 161
122 242
120 122
26 122
90 161
190 238
32 127
160 206
101 126
111 126
18 140
106 165
214 250
99 222
16 145
99 106
28 32
103 144
130 144
116 167
116 156
109 116
4 145
165 186
85 176
61 226
30 219
196 241
141 192
224 249
87 183
53 192
87 162
64 192
129 224
152 187
100 152
36 241
12 241
76 224
152 248
46 224
75 205
31 85
175 245
71 232
232 239
62 232
49 232
80 236
80 203
80 86
54 80
175 198
38 160
65 225
92 123
7 92
39 227
39 68
18 178
102 107
70 102
159 174
98 102
153 159
159 207
26 185
77 185
118 128
55 200
17 200
104 200
126 216
60 128
65 105
52 108
22 243
68 228
115 228
146 173
23 173
9 136
136 247
29 144
118 209
96 213
63 172
34 63
207 213
158 213
119 193
22 170
38 237
8 146
8 244
23 194
183 194
59 171
108 243
160 217
24 135
134 233
117 134
67 126
82 226
67 171
13 57
59 232
80 198
57 201
75 179
45 169
45 97
94 151
47 58
114 151
58 121
48 204
48 181
41 139
139 235
152 246
66 190
66 220
35 42
35 84
14 191
14 47
27 143
143 234
154 211
132 154
62 154
74 89
195 208
20 21
89 91
89 180
157 166
15 157
21 212
168 195
112 195
21 135
149 218
40 218
51 93
51 155
24 179
25 225
138 241
184 221
157 206
25 192
192 221
184 238
