11.310106
155922
27
869
221702
2 17
51 93
80 92
78 80
55 80
49 88
49 65
5 49
61 77
10 93
10 71
48 85
20 48
7 48
31 95
73 95
95 99
20 100
75 86
59 87
56 87
36 39
38 45
24 45
44 74
35 44
15 39
17 87
39 75
34 46
16 40
51 91
21 66
40 91
2 66
8 91
66 69
13 90
1 67
29 41
41 46
41 52
23 58
6 23
23 90
5 79
54 70
50 70
84 97
53 68
70 83
47 60
47 64
76 84
47 72
33 53
53 57
82 84
30 98
3 42
28 98
4 42
9 18
11 42
12 25
12 43
12 89
18 62
18 63
22 98
26 49
48 61
34 80
10 37
81 94
81 86
10 95
14 80
32 61
79 80
16 61
26 27
13 49
27 37
26 44
26 45
41 81
19 94
47 81
18 81
19 96
84 100
1 96
14 87
96 98
53 96
32 42
12 32
1 70
