4.872883
14481
15
90
257279
9 62
16 66
75 80
18 100
28 32
23 69
42 82
42 80
5 42
10 48
22 70
62 70
31 57
85 100
85 96
65 85
18 97
85 95
12 40
40 81
40 67
6 41
69 99
25 99
16 84
27 84
79 84
4 73
4 72
14 59
14 15
9 14
23 70
36 44
17 44
34 44
3 11
3 91
3 51
65 93
25 93
42 85
29 70
30 66
30 43
74 88
7 76
57 85
8 31
8 72
22 46
21 82
21 56
21 47
46 53
41 46
19 58
70 71
3 95
10 94
28 94
19 32
48 97
40 90
2 29
13 71
1 70
45 61
12 39
37 39
6 68
84 90
26 81
26 91
26 52
64 87
64 76
2 20
35 74
63 92
52 92
54 60
54 83
38 98
55 92
33 38
35 89
35 78
42 49
20 24
1 86
7 68
49 50
50 77
40 88
44 77
13 54
24 45
38 86
