18.579594
62573
55
15136
78822
1 160
29 180
38 65
143 256
155 299
30 229
108 142
21 125
172 208
176 191
49 76
70 291
235 250
102 272
31 171
98 207
20 255
124 144
64 216
149 202
135 188
40 206
215 290
212 257
101 273
10 184
41 174
55 174
76 238
113 238
3 174
174 255
11 154
3 95
95 239
265 294
99 200
129 153
80 117
109 129
117 156
122 227
11 117
45 129
129 200
12 227
106 116
197 234
146 197
199 262
199 211
160 162
162 210
197 296
38 162
43 115
43 46
91 119
78 119
26 119
233 298
132 236
140 165
165 287
165 175
81 265
70 232
125 203
126 258
112 223
106 203
45 126
86 291
86 263
85 223
58 203
63 86
126 287
176 232
223 294
232 235
228 276
6 22
148 193
2 189
87 189
227 240
79 92
82 90
92 281
92 170
90 134
92 130
90 214
81 162
27 217
97 217
158 217
33 199
184 253
149 251
173 181
128 181
46 251
47 181
13 251
26 181
100 251
51 75
10 244
58 244
53 300
53 84
51 138
244 263
39 51
40 203
120 284
72 198
31 198
197 247
171 197
159 280
112 159
220 227
137 258
105 137
72 283
104 185
104 216
104 275
137 191
143 283
137 163
13 104
21 283
123 283
117 253
199 284
16 117
14 32
124 154
66 162
85 178
178 218
178 282
59 243
25 229
25 108
20 116
245 292
1 292
73 205
54 232
9 210
9 132
54 276
157 272
237 280
144 237
164 182
164 188
164 285
59 129
33 86
165 207
95 289
227 259
157 220
227 289
174 202
135 238
24 165
27 94
62 94
17 126
242 288
242 247
225 238
92 288
179 245
179 219
196 299
196 298
111 169
148 286
89 286
19 169
29 169
136 196
15 286
16 36
37 293
28 204
44 121
50 264
44 151
44 166
268 293
260 293
264 271
8 28
28 254
34 264
127 174
131 259
135 197
114 238
77 93
93 142
145 150
7 187
145 256
56 110
102 221
52 221
236 274
162 215
74 266
65 74
74 212
6 252
168 252
24 217
161 231
161 172
267 281
14 267
107 190
107 180
155 183
183 295
56 206
64 189
83 98
83 194
30 35
5 133
60 248
248 277
4 246
147 249
67 208
69 249
68 96
67 261
67 228
18 224
186 213
49 224
101 248
186 270
177 297
177 250
12 35
96 100
201 209
201 278
224 279
88 246
42 177
5 241
57 195
39 96
57 230
119 257
269 274
131 222
71 222
165 273
22 215
117 233
95 226
17 286
169 220
48 152
186 240
61 193
48 90
53 114
90 120
66 246
73 127
103 118
141 226
139 152
110 249
99 201
57 61
32 192
7 233
28 226
119 167
44 141
141 264
23 192
167 293
118 139
5 23
