3.542767
325784
12
195730
376397
72 100
4 37
12 67
31 67
54 59
15 50
17 32
29 100
18 78
64 79
52 63
18 63
25 63
38 63
45 87
38 98
55 68
19 82
30 69
30 37
12 30
77 79
72 99
8 99
47 99
50 64
3 85
85 92
10 35
55 74
65 74
43 81
67 73
59 77
19 88
73 95
41 94
33 67
22 49
45 56
56 98
1 15
1 4
66 90
61 90
33 62
9 76
11 52
11 39
39 76
65 76
11 28
11 82
24 76
26 83
26 92
78 95
85 88
13 67
58 68
58 81
2 5
5 36
5 61
44 62
9 86
42 86
53 96
66 96
44 71
42 80
80 84
57 63
10 85
29 60
71 99
69 97
70 91
40 89
23 70
34 97
32 97
31 70
16 40
20 60
5 43
7 51
7 48
6 93
25 93
27 93
49 57
14 21
75 94
46 75
40 67
20 41
17 13
21 35
