21.786370
1
47
25
249956
145 170
30 61
9 36
104 118
118 166
106 118
53 114
95 113
95 176
37 96
39 95
96 126
49 68
49 85
49 146
50 128
53 89
53 94
53 105
79 156
96 161
59 102
119 128
98 112
102 140
70 112
72 112
72 128
73 128
77 148
78 134
5 112
14 134
9 102
17 49
6 134
63 149
4 28
5 60
131 142
20 64
2 131
35 43
8 28
64 135
7 64
63 122
8 35
45 89
45 107
110 123
11 101
110 141
18 180
25 60
21 45
3 18
23 26
23 60
101 121
30 131
80 159
26 116
26 158
101 145
18 111
3 35
28 54
80 97
80 146
58 133
69 130
13 168
12 55
99 162
55 82
83 173
57 120
57 137
57 150
91 169
75 178
74 143
58 172
61 99
167 168
74 87
19 76
67 74
65 163
117 168
42 55
43 65
32 108
41 173
127 138
32 71
31 130
29 65
125 178
40 48
138 139
27 130
32 109
48 157
24 178
48 160
138 155
38 173
33 58
147 169
19 177
19 84
151 169
51 99
10 47
15 119
15 47
132 144
52 100
25 129
144 148
129 153
129 152
36 52
16 144
52 175
44 170
44 124
20 66
86 171
86 154
102 118
77 128
95 134
79 96
79 134
53 90
81 118
88 112
77 138
65 90
74 90
77 99
102 164
56 77
10 90
90 179
66 118
34 95
1 63
1 64
79 92
49 92
96 115
22 101
26 165
1 130
60 110
55 165
165 173
19 22
22 57
45 164
1 93
46 131
88 168
22 56
62 174
80 136
28 34
46 169
174 179
62 103
136 178
34 48
32 81
58 115
79 86
