2.055850
140372
10
7978
153213
8 80
71 88
29 35
4 95
46 64
42 55
26 39
89 99
61 100
40 91
22 39
45 100
43 79
43 60
43 90
37 81
6 51
10 90
95 98
64 98
15 83
70 83
83 89
3 83
31 38
38 71
28 47
9 77
20 46
5 84
8 11
11 14
11 16
32 80
32 42
31 32
17 20
12 46
88 93
6 93
46 69
46 82
34 72
29 72
57 72
18 46
43 67
7 49
7 21
44 46
33 36
58 62
52 63
67 75
1 17
5 28
68 73
19 59
4 96
35 96
46 83
53 75
44 50
41 99
76 94
26 48
30 74
82 94
78 94
1 33
18 85
54 73
23 45
13 74
54 58
40 56
56 81
15 56
2 78
48 61
13 68
23 76
10 50
30 91
51 62
2 84
7 46
27 97
9 27
25 66
25 70
19 24
24 86
87 92
66 92
65 92
43 77
63 85
55 59
