6.000103
89791
19
624
203469
34 56
18 65
53 116
115 126
8 109
51 52
52 86
13 52
18 128
121 128
100 128
13 83
81 97
54 97
96 97
91 139
49 55
87 121
36 138
7 37
95 125
85 123
86 93
27 106
61 76
68 117
68 73
78 139
110 112
63 75
49 75
4 75
30 75
43 119
64 119
65 119
80 131
53 66
5 58
5 67
97 118
99 116
94 120
33 134
104 106
61 104
2 19
2 23
44 92
38 84
92 123
92 113
1 38
38 57
97 128
10 40
80 101
107 117
72 115
72 137
107 114
3 67
3 110
26 34
9 26
21 32
8 129
77 129
17 129
24 128
105 128
70 87
68 128
78 128
97 102
52 82
59 103
59 90
56 59
55 105
118 120
15 93
47 108
40 108
5 97
14 51
11 14
6 62
6 124
91 122
69 132
69 130
12 69
48 71
15 131
102 140
24 41
37 112
89 90
48 125
83 99
52 92
71 119
29 138
29 127
30 133
111 133
31 82
66 71
16 88
88 134
88 94
39 140
20 31
17 28
1 28
95 136
22 98
25 126
45 50
25 42
25 73
45 60
35 98
46 136
27 122
10 52
38 70
52 74
76 6
36 101
89 109
33 79
26 135
32 135
6 71
20 45
79 98
69 74
