19.766356
52178
56
114286
136603
88 215
27 255
99 113
72 226
32 254
55 186
37 142
107 177
64 109
140 251
98 167
200 269
57 258
155 183
13 183
76 183
3 188
169 266
2 108
81 146
146 151
55 146
108 217
82 146
122 233
15 298
15 105
15 113
65 92
160 256
27 280
125 229
229 248
88 229
229 269
244 260
169 214
214 216
214 226
193 214
194 209
179 210
127 210
3 210
165 239
52 173
15 46
73 109
73 75
222 241
7 130
51 228
75 204
10 24
10 158
2 69
69 294
7 213
102 243
36 69
74 222
74 261
74 300
160 213
80 292
162 213
22 80
141 291
141 167
15 114
124 190
201 211
206 278
166 211
186 206
211 218
166 181
101 187
291 295
48 49
49 71
49 119
199 225
96 199
145 187
54 235
187 215
122 235
59 295
134 187
138 199
29 77
35 136
35 178
35 297
23 270
37 295
24 295
235 268
39 59
23 28
39 147
39 161
235 284
19 23
29 126
29 53
39 255
89 214
151 195
98 209
60 91
34 91
106 159
91 244
106 191
106 216
187 194
183 233
46 130
183 277
179 279
191 279
90 234
135 234
31 234
111 118
111 281
57 111
64 78
78 125
63 183
5 150
95 144
73 203
251 262
224 274
102 172
172 212
262 273
99 149
84 262
56 83
61 149
83 223
83 101
68 224
184 224
112 172
84 149
146 231
183 260
58 195
89 190
220 236
203 213
192 156
44 108
145 245
227 245
33 146
33 108
62 232
41 232
232 278
144 232
90 299
219 299
129 209
165 188
69 200
30 129
50 124
50 81
79 250
108 286
6 128
205 282
164 257
6 40
104 276
115 202
115 185
6 189
11 205
9 257
205 242
207 276
182 257
175 276
170 287
170 264
170 196
26 115
63 208
241 266
256 277
252 289
177 252
80 183
290 293
43 180
38 218
253 267
14 38
142 267
155 180
97 107
97 239
58 220
249 275
111 168
47 141
181 258
171 238
236 238
238 263
86 288
45 86
120 296
133 174
4 296
123 246
152 237
247 254
43 85
42 85
197 247
54 247
140 296
51 67
153 156
20 103
85 87
12 246
67 100
67 221
8 285
18 156
32 174
157 285
17 152
174 271
103 259
77 246
95 168
173 192
70 80
117 249
70 94
93 283
93 219
163 217
163 198
72 272
230 272
132 298
5 132
16 154
21 52
65 154
21 265
114 224
92 214
44 131
131 148
30 117
44 243
94 139
79 243
25 148
199 286
1 25
108 176
1 23
116 250
110 209
204 228
49 210
47 156
35 73
66 234
146 299
152 231
108 240
15 121
139 293
29 150
35 137
103 275
143 243
86 110
137 170
6 176
143 205
285 299
121 276
115 240
240 257
