22.195988
22617
61
16808
80707
1 41
16 251
224 231
20 89
83 110
29 162
240 275
175 205
174 201
46 92
169 266
163 222
117 239
152 165
280 292
120 295
4 217
6 21
80 244
111 212
74 181
131 181
30 181
181 300
181 289
181 221
8 181
145 191
126 258
222 258
18 258
32 90
32 54
6 32
76 133
102 108
34 203
34 124
34 72
19 115
191 194
248 273
12 75
15 64
232 263
232 268
14 115
105 235
14 111
14 40
232 290
78 262
224 262
78 235
46 235
75 279
262 287
4 75
57 65
65 223
3 232
15 127
15 281
87 246
218 262
87 211
213 235
87 149
27 75
92 269
259 269
197 269
84 269
74 178
97 134
21 97
210 283
156 196
71 156
70 161
67 210
122 156
30 161
199 210
26 97
2 161
32 145
94 142
176 269
137 258
82 182
209 280
124 209
34 155
61 294
213 294
24 106
33 50
50 197
50 203
14 288
73 113
73 152
73 154
35 93
93 168
76 91
91 218
17 147
83 93
91 125
50 82
150 288
32 212
65 191
158 188
188 270
36 43
42 52
36 109
52 165
52 279
36 128
45 249
45 167
45 80
144 151
52 72
7 247
12 247
234 286
43 234
79 107
191 204
119 206
119 160
81 95
119 267
89 95
95 136
62 250
112 250
22 39
39 202
39 86
38 243
175 243
243 276
139 198
139 257
139 272
55 146
55 180
250 255
55 187
133 228
191 242
45 176
193 275
110 193
170 296
85 253
131 253
107 228
10 291
97 155
32 108
137 204
200 231
118 200
17 256
256 299
183 220
295 298
104 116
219 285
100 153
230 236
233 260
99 287
99 225
284 285
154 298
135 214
129 270
129 252
129 251
141 169
141 278
143 195
148 171
153 264
153 266
116 240
179 260
158 261
159 177
159 201
162 236
116 207
164 261
114 229
171 238
171 239
172 220
66 190
59 271
77 192
49 166
49 185
49 189
16 59
69 99
29 261
13 297
51 66
66 217
77 263
61 236
13 216
63 102
53 120
53 174
63 289
13 221
63 117
20 214
37 227
96 114
58 293
1 214
41 44
5 285
44 121
7 195
88 159
44 282
9 298
37 60
58 286
35 195
47 205
47 226
59 208
58 140
47 265
77 292
130 186
34 186
194 274
28 248
173 248
235 241
79 106
32 138
262 291
161 173
114 191
10 157
245 258
56 232
103 242
123 252
123 166
184 219
88 184
11 94
11 31
65 87
156 215
23 258
25 277
98 291
181 254
157 277
138 210
156 210
182 237
28 132
95 103
25 142
36 215
14 147
48 151
241 260
15 23
55 277
56 243
68 98
48 132
75 101
170 237
153 277
37 178
139 245
119 147
68 220
39 101
250 254
