23.796177
65367
70
10879
71691
191 369
36 225
141 241
51 160
256 389
131 203
130 362
307 340
59 364
60 322
128 310
172 259
81 185
179 182
107 159
2 398
104 333
148 188
32 351
134 302
58 200
58 337
58 343
8 305
117 316
211 381
163 330
21 141
21 178
252 346
112 293
73 178
119 327
54 207
54 262
171 252
171 174
171 225
4 380
378 380
115 380
166 267
224 347
102 235
102 304
46 89
99 209
150 184
205 321
182 321
44 72
165 168
31 104
31 210
31 138
38 76
31 238
31 289
76 105
76 117
76 345
155 328
212 246
196 348
268 371
171 368
142 387
93 281
342 363
279 301
91 94
94 345
304 359
343 359
76 348
79 124
121 147
47 147
143 147
50 181
50 307
43 96
50 369
273 398
96 130
148 217
84 217
260 273
57 298
59 96
128 217
298 319
14 235
91 296
210 283
282 391
14 49
14 322
264 282
296 362
123 283
149 296
129 283
60 282
69 282
81 394
132 277
214 277
240 394
140 277
179 277
199 394
37 355
193 394
37 280
37 203
37 126
277 315
6 339
6 284
313 394
6 275
6 187
21 216
116 125
55 384
55 342
55 92
125 233
125 324
160 294
82 106
82 184
82 295
82 377
331 353
172 335
77 114
75 258
75 227
22 335
75 122
305 335
229 331
311 341
311 352
312 365
70 87
244 311
114 241
87 159
87 162
87 358
114 332
100 294
169 294
299 312
97 335
288 312
170 331
316 370
54 360
83 385
83 310
370 380
134 171
30 363
15 390
15 324
15 267
95 107
52 95
115 231
143 400
58 327
127 248
175 372
372 391
106 245
7 137
67 245
7 302
173 388
7 202
7 89
242 388
53 387
245 265
48 53
43 372
36 388
102 136
154 270
208 393
21 380
380 383
86 186
186 317
374 400
7 374
209 213
112 166
173 300
123 300
38 291
16 356
271 291
11 40
19 40
40 389
88 291
162 356
308 356
136 344
32 63
63 155
167 219
157 281
10 327
90 133
29 62
29 144
17 204
29 269
204 392
204 257
45 133
285 286
101 108
164 232
101 239
3 68
3 145
272 285
3 292
64 164
133 220
164 336
24 101
151 285
102 166
73 306
261 315
199 226
56 129
135 318
275 366
177 223
318 397
226 320
25 180
22 366
56 191
25 259
177 284
261 338
21 74
168 183
152 183
86 276
228 276
238 276
156 171
12 367
54 154
20 375
20 79
5 317
5 364
35 327
303 327
71 323
71 268
8 386
99 396
195 396
212 334
334 355
278 352
103 278
163 386
98 200
98 397
206 383
188 393
114 270
197 202
197 253
290 379
51 290
23 113
61 330
13 61
61 293
23 97
325 399
153 314
153 234
132 161
224 399
254 287
256 266
23 251
26 287
27 266
44 266
41 395
34 131
34 208
34 221
85 301
194 250
111 189
194 349
111 354
161 274
340 399
119 161
85 215
85 185
80 176
222 395
176 243
9 42
12 206
2 146
146 236
66 193
66 237
201 247
201 211
190 201
219 344
249 297
192 297
54 246
118 198
171 192
277 376
33 209
78 273
376 382
230 382
65 351
328 347
263 384
52 263
102 329
150 321
40 368
28 246
142 166
156 361
125 213
30 157
39 367
10 326
82 198
28 279
54 350
54 294
357 381
74 371
120 209
93 303
110 346
127 230
1 102
124 321
46 312
196 331
306 311
183 216
109 360
167 357
120 255
78 356
58 158
298 350
18 329
118 309
209 373
9 46
76 139
33 287
35 395
75 309
111 361
153 326
1 285
110 204
3 18
65 176
194 231
218 291
101 373
29 139
133 158
164 218
