4.753923
135325
18
14495
171633
46 80
112 120
9 39
86 109
18 54
36 110
69 93
38 95
14 28
67 104
37 77
1 76
17 59
17 78
63 87
91 99
58 66
23 32
23 86
46 50
41 50
6 50
60 108
16 62
62 77
62 88
35 63
70 118
34 78
33 44
39 100
1 100
54 100
48 98
28 48
48 109
43 111
24 92
51 84
15 84
30 90
33 90
90 112
11 90
65 116
107 108
104 107
13 49
49 95
72 98
17 26
79 85
53 85
47 83
9 83
22 55
117 118
96 117
36 117
56 89
56 64
5 56
3 17
87 23
3 29
14 50
4 81
10 23
3 50
26 81
58 99
4 42
80 82
82 91
10 40
45 71
21 76
3 105
7 44
21 61
7 100
37 71
93 102
94 102
8 18
8 20
17 62
38 84
45 100
62 101
106 115
103 116
52 111
52 74
19 52
68 103
12 15
97 115
12 25
12 119
110 115
103 113
31 62
14 84
27 60
35 60
70 75
2 75
2 62
42 57
31 65
72 73
24 27
92 114
69 114
43 105
22 67
73 85
56 57
