61.411751
1
130
17011
80330
402 430
104 241
230 319
120 194
113 304
108 287
260 426
308 343
210 242
174 293
175 387
117 229
204 420
25 411
141 329
322 329
308 411
20 309
19 329
19 229
309 419
309 339
27 420
20 137
112 408
150 435
302 420
112 378
297 329
112 149
89 276
108 137
276 372
276 291
150 224
352 411
181 229
136 411
75 171
5 418
137 194
75 259
75 360
160 229
383 420
9 150
129 150
75 386
220 276
130 137
176 397
27 176
176 402
253 257
221 237
162 257
257 404
221 231
3 359
138 288
25 424
138 410
118 221
189 424
138 214
315 424
167 257
343 436
381 436
210 328
161 327
52 290
263 426
161 388
153 223
153 241
53 316
263 293
155 298
260 344
153 379
46 161
311 321
228 311
61 234
61 193
4 52
124 344
186 263
175 311
120 219
345 362
7 219
328 385
140 240
140 397
23 91
23 217
23 409
3 52
76 344
85 140
29 328
172 219
298 418
295 298
62 271
287 345
62 242
147 345
62 224
83 304
174 415
191 354
83 184
198 356
64 400
198 230
253 400
17 334
322 334
113 400
351 354
354 372
358 415
104 198
255 334
377 415
48 83
2 92
243 319
2 84
144 243
2 386
58 243
8 403
306 348
306 441
6 403
135 207
134 173
132 433
133 227
1 185
135 195
139 391
173 262
142 216
145 159
148 355
170 177
151 173
169 371
168 371
152 179
154 268
166 318
165 423
163 274
156 215
158 289
294 447
326 407
324 423
323 353
320 325
318 369
313 399
307 405
301 428
332 366
292 449
289 384
281 296
280 394
279 449
274 285
273 294
269 392
361 425
427 443
399 412
392 401
376 422
373 434
371 398
364 395
361 429
267 370
361 413
357 434
350 434
346 392
342 439
340 439
336 422
190 399
205 265
205 232
200 366
199 395
197 267
196 389
196 300
192 428
206 395
188 414
188 393
183 307
182 355
180 407
179 382
179 277
178 396
244 248
266 289
252 268
251 444
251 421
250 396
249 294
248 305
246 422
177 258
239 251
236 423
227 445
227 278
216 282
211 212
209 442
35 208
81 261
42 43
82 177
40 439
39 353
38 366
37 267
36 417
36 380
36 374
43 71
35 79
88 391
90 159
93 211
94 442
35 56
33 416
96 320
33 128
33 78
66 135
57 443
55 116
54 119
51 320
50 67
49 428
45 55
132 431
63 407
65 216
132 363
68 188
69 307
70 159
72 187
72 226
72 238
74 81
43 390
80 156
81 235
10 270
107 280
16 50
15 375
15 143
15 77
110 355
111 449
14 55
114 391
13 318
106 268
10 201
119 164
10 122
119 284
123 396
125 443
126 211
1 365
127 248
1 109
105 296
98 280
131 205
99 274
31 156
30 314
30 283
30 121
100 254
100 312
28 438
100 368
28 272
28 73
24 296
21 442
18 50
102 353
103 196
44 217
32 349
32 310
32 387
155 222
46 222
130 330
330 349
5 411
286 309
5 286
112 138
101 112
329 406
229 437
22 137
95 202
26 59
41 286
202 450
101 202
61 424
97 138
97 257
286 337
47 420
47 150
5 216
5 251
12 276
264 309
75 87
341 359
11 176
26 115
26 347
41 52
34 263
23 59
61 316
60 95
95 333
26 247
247 286
196 359
359 395
359 366
203 328
202 275
34 299
299 406
140 367
334 450
86 95
62 337
221 331
44 221
243 437
146 316
97 225
198 203
2 203
345 448
306 406
337 354
146 338
41 318
36 41
81 316
55 450
100 450
28 101
22 392
22 307
101 188
15 437
97 173
59 132
59 248
406 439
34 274
34 205
22 440
86 218
335 344
218 303
311 446
179 367
213 338
211 337
60 233
157 203
146 407
317 333
146 449
256 333
320 448
33 448
335 403
115 294
115 396
1 317
50 115
213 391
213 296
423 432
135 317
35 317
10 213
256 399
280 432
177 256
233 267
233 268
30 256
245 422
233 443
43 432
245 353
245 361
289 347
432 440
12 72
227 275
11 434
355 446
157 245
119 264
159 446
331 371
331 428
264 442
87 156
