38.521281
1
84
5043
85432
135 218
212 231
32 144
223 272
93 228
22 76
79 284
120 159
194 198
7 219
187 278
72 173
187 226
187 220
178 187
173 278
103 173
111 173
29 126
20 125
49 188
27 123
193 235
115 137
143 193
115 297
65 188
67 273
171 193
270 273
77 115
115 162
125 164
125 238
10 273
95 188
163 294
163 195
78 295
107 271
42 151
172 264
211 222
40 264
85 260
3 271
117 285
131 285
136 295
271 276
53 264
243 264
153 239
66 153
48 295
22 163
153 284
285 286
285 289
119 282
68 190
161 181
124 200
124 231
58 68
161 211
161 194
114 265
114 168
159 282
251 299
14 299
17 24
218 299
85 114
25 124
9 255
9 126
9 81
7 68
17 112
257 282
17 223
113 140
137 230
140 219
140 148
13 170
226 230
186 230
170 198
91 170
96 241
171 241
120 146
146 262
21 146
32 241
15 189
93 189
39 118
76 118
118 258
189 208
92 267
97 248
98 185
109 269
94 121
94 199
109 214
102 291
101 225
116 133
101 139
1 11
98 147
244 279
210 213
213 281
215 221
217 272
228 280
229 293
233 279
234 240
206 280
246 279
248 292
253 256
256 288
259 291
261 300
277 290
298 300
154 252
128 215
130 248
132 134
132 191
132 202
145 217
152 179
154 205
123 217
157 256
160 216
169 250
174 293
177 287
192 203
201 287
203 249
50 138
43 80
43 212
43 296
44 116
45 84
45 99
45 158
46 122
46 197
47 94
41 160
50 263
51 160
53 287
55 116
56 141
56 180
56 204
59 240
60 213
62 74
16 101
1 31
1 242
2 64
2 236
2 237
4 46
5 179
6 300
8 179
12 291
92 207
28 250
33 54
33 63
33 150
34 293
35 250
36 50
37 277
38 109
69 215
92 224
89 280
88 98
86 203
83 277
75 154
74 142
74 135
73 254
73 176
73 104
70 240
19 268
144 182
166 182
30 149
79 182
117 149
42 268
106 268
90 149
155 172
196 232
184 232
187 283
27 29
108 125
108 115
175 193
273 295
151 285
153 271
163 175
151 295
82 108
165 273
183 188
173 275
110 151
108 161
17 260
27 230
26 127
29 57
29 74
82 165
110 183
222 227
127 227
124 167
18 282
87 271
163 209
9 100
27 50
175 266
52 299
175 203
1 151
23 222
23 153
260 280
260 287
277 283
129 264
222 274
61 222
18 245
100 140
167 247
52 146
98 165
56 165
167 250
160 183
18 101
33 167
18 46
92 183
26 247
105 245
87 248
2 209
209 256
71 266
57 156
105 291
154 275
71 73
71 293
156 279
156 213
156 240
23 132
45 71
23 215
129 300
61 94
116 274
179 274
61 109
27 232
