5.239518
30978
17
144512
150398
15 160
103 109
31 125
30 90
49 94
58 142
81 123
17 38
136 139
60 67
114 121
6 8
77 135
107 122
116 123
116 131
116 136
1 116
33 88
33 47
63 158
108 140
79 80
80 128
80 160
45 156
74 100
83 148
8 13
16 148
13 118
13 106
19 36
31 130
1 130
105 159
34 157
34 61
29 34
134 152
97 152
78 82
82 96
29 82
45 116
76 145
112 145
129 156
20 22
20 66
20 71
20 103
12 126
65 116
73 139
37 111
6 129
89 151
11 73
85 155
85 88
100 135
4 116
25 96
25 144
5 97
147 150
33 84
23 87
110 151
40 52
7 78
7 106
7 91
13 50
33 74
34 57
120 134
14 120
30 42
17 120
42 138
42 149
32 95
49 146
99 146
110 133
99 154
111 154
77 120
143 153
115 155
5 81
86 127
43 109
43 149
70 86
9 43
19 33
40 73
84 159
57 89
2 145
18 122
60 141
32 68
68 117
3 21
21 143
41 51
41 67
62 92
133 146
108 124
15 124
44 64
44 126
20 65
113 148
72 80
46 142
46 94
39 113
36 39
2 7
87 148
140 150
52 80
50 153
72 75
104 107
3 104
18 141
12 26
26 37
56 69
56 132
56 125
53 114
90 102
10 24
101 102
27 119
48 55
48 54
61 93
54 93
4 95
23 53
35 137
22 35
59 121
28 59
63 115
92 158
86 147
73 98
11 27
24 98
