23.866062
147958
53
2668
228460
72 91
104 118
69 152
11 150
12 85
105 160
9 126
101 163
101 135
97 101
12 49
92 162
14 160
92 131
18 49
92 122
160 196
29 92
133 187
133 179
133 158
133 144
109 126
55 126
57 126
50 160
49 193
49 155
93 173
35 173
37 132
19 37
71 173
37 177
68 117
108 173
7 102
4 144
32 134
7 146
7 179
7 33
65 134
15 134
85 138
64 121
64 109
151 193
58 64
47 151
76 151
64 196
113 124
138 140
103 124
124 184
124 153
82 120
25 138
120 192
17 120
22 120
138 143
28 71
114 116
94 116
116 184
28 56
28 122
59 81
59 79
59 62
125 159
142 199
60 186
115 127
61 159
130 157
147 186
66 74
66 152
67 75
99 127
96 136
73 80
136 181
75 145
83 186
75 192
78 84
142 197
80 167
142 164
80 198
39 78
157 178
174 188
31 53
157 194
36 40
36 161
27 45
10 43
38 86
24 45
38 168
10 185
38 169
175 188
41 159
11 66
53 100
16 136
53 63
51 127
2 36
13 78
5 45
23 188
10 190
141 149
72 141
44 141
3 102
95 107
26 54
54 69
95 158
14 54
182 183
48 176
48 170
70 95
48 150
6 137
6 52
117 182
129 182
34 46
46 90
46 118
20 98
8 154
106 171
106 112
8 91
8 119
104 106
42 98
25 98
133 172
30 111
110 180
66 172
101 151
37 134
68 138
101 191
92 139
88 126
88 180
68 189
124 165
87 180
49 123
151 195
68 75
53 68
87 173
180 200
37 123
110 189
1 160
120 128
89 191
77 110
116 195
45 165
110 148
128 186
128 142
4 21
64 156
136 166
78 166
157 166
87 127
36 87
148 166
8 191
30 180
106 139
188 200
156 159
59 156
80 200
1 38
10 21
3 6
