32.076089
9612
95
20042
41131
253 276
123 313
74 278
225 354
234 275
235 291
22 433
98 420
252 257
125 464
113 439
309 485
26 463
64 223
271 379
284 487
131 488
283 343
53 334
183 435
184 378
85 423
207 231
173 492
198 302
171 460
46 382
159 400
295 393
265 477
315 333
88 409
48 373
163 244
89 450
84 355
105 122
204 312
330 401
139 494
139 390
33 139
7 318
152 329
339 392
139 209
60 391
82 115
142 359
142 489
90 142
430 472
220 324
50 432
86 498
163 431
414 431
318 431
193 449
210 418
145 448
145 283
3 179
4 395
235 412
30 96
30 117
30 358
4 261
4 57
39 146
49 341
79 412
247 325
304 325
341 424
275 412
323 341
278 341
280 396
241 361
142 422
427 439
213 285
213 286
126 213
338 427
230 427
175 213
399 427
127 190
119 127
59 170
97 121
195 201
308 380
307 322
29 73
128 322
147 380
322 378
322 459
380 418
114 322
73 495
121 380
73 477
73 254
182 386
31 386
386 491
229 386
316 386
139 203
98 499
480 499
467 499
75 294
70 75
63 106
106 175
106 133
100 159
100 236
100 333
100 339
19 319
319 445
19 225
243 294
196 445
387 445
395 445
19 384
39 150
292 473
292 314
120 484
123 406
120 373
115 292
41 406
324 415
113 476
12 68
346 406
344 476
10 313
68 271
68 287
69 281
10 297
10 218
23 140
390 415
92 120
197 274
197 455
36 140
35 370
207 281
149 415
35 186
144 476
24 180
234 281
140 353
24 258
24 345
229 264
280 388
352 388
210 371
143 266
76 266
129 466
266 348
354 466
450 466
153 208
401 481
453 454
481 491
375 438
94 259
94 306
94 336
187 496
185 428
185 479
187 358
172 276
172 272
172 258
172 223
187 458
164 453
107 453
212 331
212 349
218 326
291 438
332 438
112 444
112 421
112 250
44 116
74 438
77 212
14 55
6 481
18 187
38 453
64 326
20 185
23 326
55 237
55 130
55 131
44 465
44 419
118 402
152 169
89 142
152 241
152 446
88 449
290 410
122 277
277 497
38 248
248 407
99 357
54 384
101 427
30 315
224 413
160 224
224 327
224 255
7 139
190 381
178 381
366 409
157 366
155 240
240 320
145 416
52 472
191 192
102 228
228 399
50 206
206 487
382 426
426 441
4 416
99 303
303 355
100 265
145 364
31 350
158 171
158 198
53 397
173 397
267 342
231 351
245 267
78 351
90 267
11 351
379 397
174 392
268 374
268 423
16 300
16 430
299 437
193 437
252 437
326 422
54 209
393 466
156 380
103 292
110 325
208 446
156 249
394 431
97 361
28 386
103 200
48 73
28 499
150 481
108 216
216 420
119 216
105 145
52 325
22 490
320 490
368 432
203 249
40 75
19 270
91 364
87 260
30 368
40 227
145 402
153 264
152 337
263 433
262 263
227 244
91 282
75 84
204 412
188 312
188 492
2 188
214 302
9 181
181 460
181 334
125 214
26 214
325 330
65 417
82 142
39 87
118 213
102 377
152 457
246 471
134 154
226 288
222 335
13 443
13 305
13 279
135 470
154 404
154 434
161 288
362 471
222 452
217 435
135 211
21 217
56 288
135 436
217 365
148 471
194 222
281 364
251 301
46 301
95 256
93 500
130 205
137 485
137 456
403 459
205 239
205 295
236 403
137 284
104 403
32 387
32 309
215 343
215 462
33 109
109 468
224 270
311 347
6 347
329 478
360 478
212 364
185 364
81 398
316 398
34 408
34 170
317 369
80 474
1 162
189 317
468 493
442 475
400 451
385 447
367 447
323 405
15 269
321 429
37 45
308 447
307 317
298 451
37 375
37 136
273 486
273 290
269 389
27 273
72 202
43 61
71 493
124 482
62 475
141 482
67 405
176 405
111 493
76 482
72 168
72 461
85 451
80 179
86 269
162 242
162 257
47 429
61 372
80 293
101 138
153 240
39 60
251 310
107 310
83 463
58 289
126 232
58 464
83 221
232 328
83 296
232 483
169 476
42 253
42 363
51 441
51 168
167 391
199 262
8 219
167 238
66 219
132 167
199 407
201 219
425 449
65 100
191 248
3 142
260 449
25 449
174 197
195 425
82 340
5 197
4 356
192 233
266 337
415 498
112 220
166 396
410 425
233 440
93 394
282 429
59 466
44 127
151 427
94 356
25 177
35 166
35 243
376 425
17 412
39 469
165 341
440 475
151 288
177 411
154 350
138 383
95 377
217 376
222 411
469 471
13 17
135 383
61 165
