37.828829
16050
100
23265
45636
158 265
367 453
382 433
207 246
208 479
286 407
74 230
31 351
180 283
224 303
91 115
20 155
100 415
169 422
22 289
234 409
61 148
79 421
280 399
130 280
53 280
108 280
192 264
171 192
192 275
158 192
12 192
6 322
194 242
138 217
193 342
34 211
211 344
31 211
142 363
363 394
49 362
362 458
233 363
3 363
260 362
15 27
15 182
89 366
148 319
208 500
11 451
11 422
11 298
397 500
468 500
170 489
255 489
178 489
448 489
104 370
1 146
312 484
262 312
312 367
146 432
146 217
90 178
288 300
7 108
441 457
338 457
165 457
445 457
467 490
175 388
107 175
357 429
135 442
21 442
147 250
443 480
147 180
44 443
222 449
222 322
116 222
264 465
54 293
205 443
301 465
293 439
407 478
248 330
147 494
184 465
109 293
478 479
157 248
350 478
68 206
102 437
437 450
437 482
124 164
164 403
48 472
48 476
82 321
212 270
82 224
72 498
310 373
72 78
121 270
72 85
72 382
93 318
216 257
270 283
129 310
270 277
48 221
38 104
38 245
38 313
38 59
216 414
29 82
198 216
318 487
318 415
318 392
245 310
45 82
143 310
48 107
117 126
19 244
200 408
169 408
36 97
36 241
16 321
36 46
156 201
16 276
278 337
16 307
122 278
201 453
16 285
201 402
151 278
201 357
278 377
212 396
111 418
396 416
111 237
111 249
28 396
247 396
290 451
50 289
50 86
168 331
185 335
168 384
39 168
52 335
335 358
168 181
335 375
195 417
115 417
35 446
94 339
284 369
26 186
366 369
76 369
26 317
26 351
39 273
18 439
18 30
18 19
247 460
253 308
308 311
80 187
249 299
243 299
127 299
303 460
96 187
299 456
187 470
68 460
187 480
230 460
273 497
273 481
25 341
73 475
76 364
364 410
364 394
62 414
173 246
173 194
173 179
226 395
151 174
189 305
174 466
105 438
188 353
123 139
125 300
125 272
125 371
123 274
128 185
128 343
128 482
132 395
167 401
161 233
162 324
120 405
118 162
161 387
144 306
220 406
223 401
161 338
56 74
328 348
43 56
85 438
83 405
79 349
354 401
10 302
306 426
395 400
84 305
279 405
67 162
66 499
56 427
23 372
294 349
285 305
287 438
349 475
348 399
348 455
28 174
25 302
238 302
347 423
496 499
97 347
8 347
486 499
353 444
92 220
23 495
159 430
53 430
155 430
193 390
259 390
41 163
58 113
196 235
361 404
133 203
137 172
152 203
137 412
149 329
137 251
203 267
65 231
309 314
314 346
33 440
352 440
315 329
47 464
227 236
119 419
63 197
9 154
256 419
113 340
113 334
9 131
112 239
239 459
9 254
227 356
229 440
4 227
231 359
235 471
231 360
235 424
2 464
163 225
63 261
63 463
17 314
379 419
385 404
163 492
266 404
268 329
431 464
71 239
281 336
103 199
265 281
380 485
95 136
304 472
136 286
120 365
93 103
204 304
159 365
165 380
101 491
234 491
282 491
64 176
177 409
177 325
177 252
5 182
5 191
213 280
32 263
70 240
20 70
40 355
35 355
37 219
37 100
260 436
345 436
211 393
27 297
295 297
339 413
22 413
77 166
77 373
77 381
199 296
243 296
98 238
98 470
117 190
170 190
91 214
214 469
190 387
214 402
333 450
60 88
88 411
388 474
1 474
171 209
378 488
207 488
69 209
209 420
461 488
202 291
291 433
290 493
393 500
141 500
326 446
150 336
66 150
78 462
462 486
232 454
14 132
14 496
11 342
434 489
443 447
447 465
138 218
467 483
377 483
141 327
215 384
21 215
146 363
232 278
61 341
292 391
147 473
7 363
244 280
106 146
110 319
408 447
11 312
192 206
201 292
164 473
110 489
326 395
153 332
273 332
176 211
211 443
16 435
354 386
362 465
51 293
51 248
15 429
153 447
160 437
271 490
242 391
42 75
6 408
75 270
94 280
213 376
293 370
258 271
55 112
55 118
140 192
228 389
134 228
248 288
5 263
64 333
32 389
15 36
368 411
310 320
11 425
99 500
316 369
145 454
73 316
111 175
81 216
36 81
183 258
162 434
87 248
160 177
145 308
57 362
218 353
114 183
206 374
13 408
312 452
7 203
24 457
72 383
134 323
113 145
145 163
386 421
48 398
23 425
99 227
216 477
269 318
87 440
114 428
13 404
62 220
210 374
329 383
368 489
306 428
57 464
9 398
235 452
24 137
63 323
123 333
231 477
210 419
269 314
