19.341251
68100
59
80704
115271
232 343
179 268
95 215
153 302
241 253
157 292
79 342
214 290
6 25
5 337
46 265
47 282
73 159
2 138
133 228
112 173
168 252
34 62
18 264
85 97
29 208
78 192
11 78
17 78
78 133
82 218
102 289
99 190
134 167
134 318
93 134
116 335
108 277
143 269
36 266
176 297
136 176
135 281
315 334
243 281
210 315
242 281
176 330
247 315
72 315
219 281
4 281
280 309
107 175
54 71
197 332
195 198
16 244
86 246
246 312
242 274
181 246
103 250
2 274
74 250
43 48
92 272
52 78
161 308
29 137
77 137
172 179
172 214
159 172
155 172
257 261
25 257
137 316
137 167
257 278
200 295
132 170
174 348
36 314
132 317
132 324
144 314
6 132
224 314
57 314
129 282
129 238
129 312
169 185
40 298
40 101
8 174
111 134
38 138
38 224
38 260
43 156
1 113
107 289
237 337
166 237
188 237
310 341
4 310
188 286
271 286
202 274
68 348
124 344
3 187
3 185
3 122
124 171
68 251
68 166
62 124
59 331
284 331
9 255
84 320
84 110
255 265
21 124
141 331
82 84
27 267
132 156
165 170
80 284
227 273
23 227
49 299
49 293
49 234
49 190
177 213
227 291
94 177
177 191
60 240
53 160
134 197
274 308
107 269
43 91
15 43
15 274
172 332
75 288
75 113
26 68
56 217
183 238
174 199
17 222
115 257
107 280
174 332
67 333
67 211
48 65
65 268
53 174
26 39
151 333
151 219
74 235
217 235
193 235
78 134
55 314
55 129
35 290
35 157
35 127
114 329
163 300
171 329
300 341
64 300
129 252
60 184
102 184
184 306
76 178
150 241
112 150
145 325
69 119
225 244
31 233
168 225
164 325
37 232
37 309
216 233
233 344
37 346
180 287
119 228
99 176
173 321
98 221
107 257
104 199
254 321
202 221
162 186
162 177
175 287
52 84
19 200
211 328
298 328
56 180
116 315
295 329
109 137
100 301
115 255
92 201
20 94
139 323
139 231
212 226
19 246
111 186
88 176
183 322
91 227
240 254
231 347
285 347
121 189
152 258
117 121
121 142
123 130
123 263
258 270
70 83
149 258
294 338
294 311
123 146
83 345
83 275
95 294
22 140
44 203
12 46
12 349
63 313
61 326
61 101
203 342
128 319
51 256
71 256
34 80
322 325
104 223
182 236
97 236
3 264
264 331
246 315
49 226
226 227
148 208
18 66
45 326
45 220
100 305
126 305
169 201
272 327
79 327
106 343
106 194
16 195
73 196
196 206
13 292
13 302
155 248
248 303
7 41
125 205
229 296
105 143
28 247
58 239
90 279
153 207
33 118
158 296
10 114
30 42
108 125
28 285
105 245
28 259
10 27
10 50
32 207
118 350
131 340
131 307
120 336
131 276
81 215
81 249
279 304
120 204
87 105
118 198
41 230
147 239
81 339
234 279
24 207
39 262
209 301
75 109
98 294
20 209
85 222
96 307
96 191
14 148
76 161
262 283
54 255
183 277
223 313
43 89
42 107
38 154
14 22
239 266
88 296
41 250
165 258
128 267
83 89
120 154
123 283
42 121
