3.589752
104789
12
20787
372837
22 93
13 68
58 77
17 62
41 88
47 80
6 78
32 36
1 89
10 17
10 50
10 79
10 80
49 64
35 66
49 66
35 44
49 95
2 35
49 62
10 60
45 51
24 45
25 57
15 23
8 92
8 68
8 54
8 28
5 44
23 75
72 84
10 15
12 45
52 83
30 71
71 79
35 69
14 18
18 29
54 99
14 99
1 45
15 45
34 73
45 85
19 74
26 41
87 89
70 82
33 88
25 33
33 90
20 96
26 60
38 90
53 94
16 27
53 63
4 16
48 53
7 97
7 21
38 55
38 81
38 84
6 40
40 92
36 72
33 34
5 78
75 82
20 73
55 61
48 61
7 47
46 51
37 46
19 70
43 45
16 85
59 77
59 76
59 74
43 52
42 93
3 100
56 91
11 30
11 86
3 95
24 42
22 91
31 39
9 67
65 98
58 98
57 67
39 96
