31.096537
1
68
2136
87357
27 238
66 71
154 172
33 138
196 247
17 177
18 152
86 145
202 222
112 132
93 132
117 132
132 174
122 200
142 192
91 192
14 192
48 205
126 166
126 145
126 180
131 134
160 248
26 84
43 126
43 134
67 248
12 106
106 137
95 106
9 234
9 108
9 104
84 88
64 134
54 106
9 85
84 246
84 116
142 235
28 183
34 162
61 225
65 199
28 220
34 195
81 156
58 110
58 109
39 235
119 209
119 200
119 147
115 199
112 225
4 178
24 33
161 225
20 34
24 137
17 58
174 235
24 177
4 215
4 102
3 81
28 138
26 81
27 199
1 74
1 66
1 159
89 188
107 227
11 89
175 247
175 231
175 189
89 202
154 218
31 227
211 218
218 223
152 227
53 102
165 195
7 164
164 172
50 222
50 158
50 140
164 216
125 185
86 185
75 114
167 217
83 205
83 94
82 167
149 168
150 233
78 203
77 233
157 204
213 214
73 96
71 204
70 243
70 113
69 168
151 207
151 250
135 249
148 214
179 224
114 123
186 191
105 179
98 151
187 229
190 249
114 136
237 239
179 241
92 121
191 197
173 206
173 182
87 230
201 214
121 144
121 184
203 240
38 196
10 120
52 133
52 130
51 226
51 139
13 73
51 72
49 155
49 143
15 163
38 193
37 90
15 169
10 228
15 198
22 239
40 124
40 212
16 52
46 167
45 60
18 173
19 70
40 236
42 83
21 168
41 204
60 146
25 229
2 87
23 245
30 208
5 203
6 49
62 191
8 249
30 238
23 99
10 32
59 60
37 171
29 239
38 100
55 233
37 221
57 87
23 47
36 229
35 73
30 108
3 79
132 134
132 141
122 219
79 132
129 192
48 68
48 101
30 122
70 122
83 122
153 219
134 210
48 232
44 48
141 219
101 103
194 219
53 248
81 176
24 76
4 153
165 248
9 111
118 119
58 118
80 97
106 181
80 89
199 242
97 118
1 242
103 128
76 127
56 127
34 244
118 164
40 56
49 80
51 80
87 176
10 56
153 191
56 173
76 249
60 176
73 76
68 167
68 121
153 239
63 175
38 210
141 233
37 141
151 242
63 114
23 111
214 244
168 232
170 203
52 170
170 229
128 170
15 44
179 181
