43.218939
84762
101
36420
114860
87 111
95 389
25 217
12 23
206 387
192 343
293 363
119 379
175 346
91 239
162 283
53 367
89 348
153 161
142 326
4 312
177 230
322 380
52 322
279 322
39 322
172 391
143 166
256 319
256 301
104 277
227 256
145 271
181 246
289 400
334 400
25 113
113 227
113 176
295 345
137 358
82 310
49 295
310 395
56 198
6 18
124 198
6 70
6 117
298 310
178 233
181 233
295 385
198 369
233 244
233 346
21 284
210 341
69 332
116 259
116 190
78 150
65 97
65 212
77 116
280 332
45 65
140 332
219 332
150 199
150 173
121 321
121 303
121 223
130 174
39 270
58 172
101 243
265 266
129 304
170 265
129 224
125 129
129 148
126 276
234 265
271 276
62 265
13 273
114 201
276 329
276 298
100 140
154 217
154 180
93 277
152 309
127 327
112 305
148 309
99 283
93 320
231 305
89 327
257 371
53 327
247 344
237 305
239 247
95 209
93 260
247 342
64 309
194 195
194 341
99 245
99 255
166 194
253 371
209 288
19 154
161 371
209 356
40 179
184 188
91 169
169 182
85 111
85 347
1 153
32 73
32 174
32 394
35 85
169 218
1 323
151 238
151 207
151 179
1 263
107 368
235 262
242 399
254 398
262 317
264 286
94 269
269 314
269 373
286 340
292 324
228 292
299 335
92 221
92 142
92 115
308 339
313 331
316 386
318 349
328 399
88 396
88 366
88 272
118 214
146 370
147 386
155 370
156 335
162 354
163 254
123 368
122 376
122 351
122 241
375 399
186 211
226 368
186 250
186 336
197 313
202 292
206 354
214 258
214 282
108 335
141 254
106 364
216 337
216 384
34 312
68 229
51 361
68 165
11 275
36 370
11 17
5 12
10 106
29 297
15 248
5 236
8 349
5 325
7 51
44 159
20 386
34 294
15 187
29 281
34 138
61 308
55 72
55 167
55 315
57 286
29 134
43 68
59 205
59 191
31 79
15 110
44 240
80 262
79 330
83 308
79 128
76 354
47 59
84 216
24 106
44 189
51 132
11 287
71 313
3 349
102 291
87 102
102 149
112 164
105 381
119 381
86 96
52 86
203 333
203 289
232 249
232 326
13 350
350 374
302 329
183 334
208 306
54 360
54 139
14 362
183 392
296 397
48 144
196 302
30 184
30 267
284 390
50 388
193 348
30 365
144 343
103 208
168 193
23 252
372 390
90 388
358 388
26 37
26 338
2 397
26 367
101 390
38 183
204 252
175 193
66 268
66 234
302 377
252 261
66 201
178 362
177 362
120 144
208 293
41 290
81 387
33 389
81 307
81 158
74 213
33 353
33 222
69 220
4 213
192 213
41 379
41 357
220 363
220 300
98 266
97 98
104 256
60 143
60 400
6 391
60 198
121 322
200 295
6 42
28 233
225 230
116 400
113 150
121 143
28 65
63 310
21 63
21 378
113 382
22 60
243 256
21 393
133 145
114 160
42 130
285 332
246 383
65 393
21 273
42 383
104 251
58 210
100 116
200 251
185 265
40 113
9 322
51 143
60 136
137 309
29 104
109 198
59 400
75 145
42 169
32 137
28 254
28 308
88 137
15 200
5 42
200 286
145 274
164 310
131 145
54 104
85 185
16 382
92 378
41 160
27 28
106 393
79 393
16 355
22 188
34 355
154 157
157 209
225 292
67 129
114 352
46 276
157 262
133 215
270 397
311 371
109 354
55 311
122 136
136 335
136 386
1 67
67 186
349 352
11 46
93 171
278 305
9 368
171 216
68 171
131 269
131 313
135 214
135 370
359 399
44 278
75 135
215 359
