12.586544
81915
39
11472
153246
63 188
25 111
106 125
34 92
144 180
155 198
5 80
21 174
174 175
70 174
130 174
26 69
69 115
69 144
27 183
48 166
99 150
54 86
29 86
84 86
11 86
50 164
2 97
10 42
40 158
84 158
66 126
66 101
66 67
105 163
82 105
41 105
158 200
49 180
49 148
49 125
68 142
53 149
53 143
53 119
53 93
47 119
59 195
40 140
56 167
42 167
25 140
4 140
4 167
104 188
43 81
43 193
90 94
5 94
6 124
6 145
6 177
94 159
36 94
160 183
34 89
139 179
85 89
9 160
127 160
112 160
108 179
89 168
89 110
175 179
87 179
152 186
182 186
7 194
106 194
30 67
128 193
128 170
12 103
128 134
64 91
103 129
37 91
103 127
35 184
30 114
35 98
30 130
32 91
51 65
51 96
51 132
3 16
98 141
141 165
7 161
44 161
102 157
45 102
102 176
169 174
99 173
151 173
86 192
46 88
88 155
69 71
16 60
60 78
196 199
18 196
139 185
133 156
131 199
77 93
55 116
135 189
135 195
57 137
57 138
61 136
61 191
62 162
123 135
117 162
113 185
80 131
90 133
77 111
153 185
50 131
18 57
19 37
19 147
19 165
28 55
38 52
38 75
44 77
2 133
178 198
178 190
121 171
76 166
76 146
76 114
109 152
92 109
15 154
142 171
8 109
171 187
39 154
110 154
69 72
105 172
120 156
82 120
79 118
83 172
1 164
13 53
23 69
43 174
174 197
20 158
31 181
48 49
1 10
122 192
83 118
122 181
107 184
107 151
100 150
14 20
22 66
86 104
13 91
73 190
73 132
33 100
24 71
17 160
17 128
51 181
3 27
6 72
31 59
22 58
58 68
48 154
61 97
74 105
33 162
47 55
24 95
95 102
38 74
