7.221810
175878
19
34917
227541
7 68
35 65
31 83
42 76
3 72
55 68
40 55
3 55
22 67
35 99
22 93
85 99
22 78
60 70
27 50
23 44
23 49
23 60
16 87
16 21
44 81
20 89
14 33
36 73
5 54
5 66
39 61
25 46
5 96
25 75
56 61
25 82
59 61
49 100
53 100
64 90
65 94
48 94
26 32
32 90
58 83
27 58
52 63
38 72
30 88
57 73
38 47
34 91
42 63
51 57
53 74
57 84
15 34
74 92
7 10
8 38
9 28
9 37
9 77
10 31
10 80
11 41
11 76
11 98
4 74
18 88
24 99
55 99
45 47
37 45
43 55
19 24
24 69
62 99
20 24
17 70
17 62
22 79
24 71
6 29
16 29
16 69
2 43
12 86
1 97
24 32
6 33
1 36
23 95
22 64
81 97
12 19
86 88
5 79
50 63
2 13
34 95
25 71
13 61
