2.934712
133768
8
87920
237017
11 76
13 41
17 90
70 85
29 35
40 51
38 44
67 83
77 87
28 86
53 86
37 73
50 57
12 68
89 99
40 64
35 91
31 91
46 91
61 91
70 95
75 95
82 95
89 95
1 64
6 64
73 91
49 87
11 49
5 64
23 93
6 93
15 93
46 93
75 98
25 31
58 93
24 42
29 42
42 76
58 98
34 55
36 50
42 83
16 51
5 10
52 92
7 92
20 84
2 4
2 47
2 100
66 88
52 69
34 64
72 97
23 16
27 44
26 27
48 78
78 90
36 53
30 62
62 67
7 21
9 55
9 39
39 59
2 28
14 21
59 65
14 91
3 18
12 60
42 84
2 37
57 71
1 33
8 33
18 95
13 80
17 80
80 85
3 60
38 96
79 96
8 19
19 94
22 45
45 68
32 74
43 66
43 63
43 56
54 81
41 81
20 88
65 72
74 99
