6.460700
58348
23
145170
145193
25 28
35 157
134 193
19 56
42 123
52 136
15 183
111 168
168 169
45 75
13 102
154 181
99 194
95 152
141 152
157 185
2 4
44 48
170 192
98 192
78 191
2 78
78 81
83 122
122 182
34 177
113 189
113 197
65 162
74 113
79 162
47 113
138 162
46 121
86 179
53 184
65 164
86 161
143 161
17 189
178 188
47 103
8 109
62 100
174 186
136 199
99 140
11 140
125 152
51 126
9 142
57 165
57 126
23 91
40 176
53 195
171 195
28 195
172 180
167 169
167 182
19 110
84 110
110 181
152 172
106 131
20 162
129 190
89 144
187 193
123 187
32 34
8 32
1 60
18 100
18 121
128 198
70 119
20 161
112 128
38 112
6 171
6 69
49 93
73 173
27 61
118 141
118 145
118 166
50 58
10 58
58 114
31 153
62 125
33 144
59 168
59 132
75 168
36 72
134 192
81 151
111 151
33 180
80 82
103 160
90 104
74 94
94 143
66 168
77 152
44 92
90 67
43 45
13 43
12 43
142 160
51 97
92 135
88 108
21 64
69 101
67 133
107 108
3 67
55 64
1 101
49 101
89 164
78 153
91 97
48 85
23 85
148 162
4 96
96 196
5 163
11 163
56 135
183 192
25 137
130 137
41 50
41 115
87 158
54 149
54 124
30 158
54 63
147 158
44 132
76 139
127 186
76 173
127 129
105 131
24 155
105 115
29 40
16 29
31 192
17 116
14 42
26 200
39 148
26 177
117 153
109 116
168 200
52 179
7 113
72 110
36 82
77 150
159 175
78 194
15 71
71 120
161 175
37 106
35 93
146 185
68 184
37 198
102 176
77 195
68 174
22 159
150 156
112 116
46 178
7 119
61 146
66 67
73 199
22 64
108 156
155 196
54 190
60 158
