9.930055
2471
34
113799
137479
41 183
50 110
24 40
61 200
117 119
63 168
93 198
71 99
83 102
123 186
13 44
64 143
22 134
120 184
8 125
125 197
192 193
107 130
57 74
76 138
49 108
78 144
144 171
144 162
62 144
70 144
92 135
46 65
125 132
59 96
79 133
76 180
142 180
34 79
27 45
45 157
45 109
45 62
13 96
96 139
79 118
122 169
118 169
106 167
9 106
56 171
85 101
56 84
55 56
106 162
10 77
10 158
42 106
10 92
85 195
85 89
82 154
85 175
86 154
123 154
3 10
87 98
48 91
40 43
43 83
43 119
43 44
125 144
75 87
29 191
12 150
183 191
14 194
124 187
97 110
97 190
36 97
68 111
43 75
54 200
163 198
74 163
121 144
111 154
73 87
35 149
58 71
58 133
58 146
18 193
35 65
18 91
17 35
18 63
58 165
134 163
141 188
55 188
22 87
21 33
33 151
160 189
160 179
33 88
33 59
2 160
16 127
16 122
16 166
47 114
139 199
50 81
7 81
165 199
37 106
109 176
175 176
117 176
73 191
141 196
143 196
82 196
36 155
126 155
102 152
130 152
159 195
120 159
48 184
31 125
116 129
11 172
101 129
20 186
20 72
4 172
126 178
131 178
15 129
29 172
178 181
94 168
94 112
153 194
105 180
69 153
132 180
136 182
32 96
79 182
37 97
113 137
53 180
173 192
46 135
79 113
145 148
140 145
26 170
80 197
39 95
80 164
66 90
30 80
5 90
39 156
26 115
26 150
98 145
105 187
6 69
6 54
67 173
31 49
54 57
28 104
23 60
35 121
100 185
19 147
14 185
19 61
38 103
34 38
51 177
108 177
52 124
52 161
8 128
25 128
1 77
1 174
47 67
53 160
12 137
28 125
23 107
32 90
39 173
