4.255646
34552
12
23785
181317
9 102
5 101
60 92
3 83
73 131
72 124
22 97
22 138
7 18
28 49
75 109
61 87
4 114
84 97
89 117
37 43
2 17
29 129
6 77
48 77
20 77
33 66
34 56
34 112
34 138
25 34
52 95
52 88
27 52
52 73
70 84
82 120
14 31
52 130
105 119
37 70
16 74
77 82
59 122
24 39
64 121
62 127
102 114
114 123
16 19
8 40
17 40
20 40
40 139
87 120
14 68
15 43
46 118
118 132
116 118
12 118
99 125
92 99
53 72
34 35
25 40
30 100
30 104
46 51
51 106
51 83
60 134
71 134
47 91
8 47
38 47
27 47
99 130
26 74
26 81
19 118
44 125
44 81
11 110
11 132
88 133
7 15
49 51
39 99
68 118
103 124
55 103
76 121
79 139
31 45
45 108
115 116
104 115
28 114
54 137
100 137
61 103
23 48
63 119
58 111
42 111
63 114
96 128
3 96
40 75
76 133
98 127
41 98
2 129
110 135
36 135
113 136
36 113
9 10
10 86
94 105
1 94
24 57
50 62
50 114
34 66
78 85
78 95
23 89
107 140
69 85
69 101
33 90
21 90
13 122
13 80
93 117
67 93
32 126
109 126
65 126
57 111
35 140
53 59
