8.006060
93112
28
132605
209721
2 100
105 113
103 138
36 80
63 146
19 162
128 165
88 159
23 121
15 110
26 57
45 47
47 122
47 146
50 155
50 148
50 88
42 50
16 24
37 117
37 85
111 147
40 109
65 81
62 141
55 175
55 123
5 90
35 55
41 50
58 157
47 73
70 106
69 109
65 96
80 151
70 151
89 151
110 151
27 157
55 153
124 161
46 161
161 171
133 180
32 96
51 152
128 164
73 96
50 57
68 126
104 115
2 104
68 74
91 92
52 105
52 155
13 92
33 92
51 60
40 52
32 109
145 172
77 172
103 172
43 172
19 107
15 96
54 168
96 144
120 132
27 151
97 165
86 97
29 41
11 56
11 119
67 135
29 179
3 99
3 145
16 50
56 150
95 150
118 132
140 176
136 176
98 134
6 134
29 168
162 172
66 125
20 66
5 66
52 153
47 164
55 166
90 135
53 139
53 99
53 71
49 53
123 178
149 170
31 170
44 178
21 178
95 178
51 117
14 63
72 143
21 72
18 115
18 20
107 153
92 179
81 127
52 120
14 163
49 137
39 131
25 131
130 137
12 131
28 137
75 137
163 176
76 111
92 147
68 159
129 173
34 43
34 93
59 102
84 174
82 102
79 174
10 171
130 156
108 156
87 116
87 108
143 154
112 154
55 67
96 141
10 60
64 119
4 48
64 94
48 114
144 161
85 134
58 129
35 48
118 170
121 170
17 78
17 74
9 167
36 167
55 133
61 158
42 61
8 180
8 142
38 160
22 83
83 169
6 83
38 101
38 78
1 7
7 23
126 177
30 177
47 131
50 174
102 164
