56.468818
3
127
51834
94003
243 294
47 362
46 161
57 412
256 300
59 486
199 450
201 335
89 131
92 334
2 31
278 491
120 249
142 414
139 466
83 222
83 298
265 280
88 185
185 217
83 352
17 185
145 185
280 348
185 254
15 409
100 440
274 383
274 426
29 367
274 288
100 490
367 409
100 267
13 378
45 131
3 13
84 100
218 409
45 339
45 358
45 371
67 274
13 449
13 331
220 350
43 220
189 220
41 173
304 351
37 56
70 304
109 337
173 468
73 109
109 472
175 202
304 345
48 167
168 304
5 202
142 173
202 269
56 254
56 158
163 275
163 381
163 485
202 365
18 56
19 173
167 279
167 290
167 291
18 27
27 147
27 102
234 235
283 486
203 451
86 311
283 388
234 345
216 439
234 410
242 454
247 368
251 421
199 454
196 435
196 418
281 368
191 396
53 145
160 368
172 182
172 177
166 372
368 476
166 356
74 245
164 311
124 436
74 264
12 166
39 196
391 451
129 166
132 396
74 348
138 436
75 219
5 421
76 240
443 451
118 311
104 487
106 436
180 434
180 313
172 272
300 311
113 454
180 302
112 396
175 451
180 260
179 283
343 425
108 294
76 389
278 427
23 293
86 91
89 488
52 152
34 91
82 91
152 414
22 389
152 422
400 427
153 427
336 488
157 293
265 389
108 299
57 293
257 488
108 176
210 375
120 210
103 249
103 484
230 446
219 404
229 404
36 338
404 473
316 338
338 371
33 88
33 59
15 268
93 453
453 482
2 453
165 266
208 450
128 146
85 248
136 248
137 200
146 476
200 388
146 236
95 208
201 359
144 282
63 66
69 487
263 390
266 413
363 425
256 266
359 424
297 416
359 379
289 363
78 452
63 244
271 452
416 479
67 200
69 238
69 419
47 390
382 407
3 208
4 54
4 262
28 363
4 446
382 434
282 470
48 452
14 248
382 441
416 490
71 335
71 216
41 193
99 193
364 492
366 478
357 471
373 478
374 445
354 477
347 465
346 489
344 428
340 432
340 369
174 489
329 401
326 402
159 361
156 364
459 496
433 445
431 467
149 353
149 495
150 205
428 461
428 460
403 459
399 483
384 423
398 477
392 494
159 207
159 286
392 469
392 406
314 333
385 498
162 448
205 474
261 322
258 477
250 322
246 447
246 349
241 364
239 296
483 493
233 296
231 320
205 330
194 225
228 402
225 466
225 318
223 321
209 481
221 456
215 329
211 483
212 305
212 462
214 321
181 489
178 197
178 226
178 412
322 411
321 442
320 408
320 405
315 465
306 456
303 467
296 430
325 471
292 314
183 188
183 324
183 393
284 402
184 380
273 497
272 500
190 467
270 456
192 445
87 184
35 498
105 273
92 162
31 77
61 161
61 386
90 329
110 314
115 481
38 478
116 323
61 463
116 355
119 151
119 213
119 377
62 129
62 169
50 79
58 498
51 341
51 277
51 122
50 143
50 114
96 162
98 204
140 481
49 471
98 491
98 499
94 340
46 500
44 423
42 81
40 149
134 459
81 394
82 395
9 465
8 423
7 444
62 285
7 295
77 360
77 171
20 464
135 437
135 458
64 500
65 273
68 184
7 170
6 212
1 438
1 370
16 117
1 141
20 308
125 135
81 455
126 246
20 243
72 116
16 420
127 334
16 186
127 342
127 397
198 290
80 264
14 80
198 226
111 443
111 267
24 168
24 136
107 109
29 457
83 436
83 421
107 454
139 311
139 283
139 206
139 319
11 21
21 396
13 252
27 409
83 332
21 319
107 121
21 253
21 101
26 429
237 454
74 220
368 475
206 475
155 185
280 317
304 439
75 109
29 389
427 429
100 309
237 488
154 240
139 390
163 195
74 276
25 274
154 376
107 459
280 340
280 329
116 280
107 183
107 178
387 429
252 376
417 475
53 166
26 439
55 276
415 457
45 287
55 104
11 309
104 108
29 477
322 429
97 421
51 429
29 483
130 220
202 310
173 310
475 500
167 480
230 283
101 259
56 312
163 395
27 133
148 253
196 417
187 195
328 421
97 301
224 240
10 196
10 180
32 172
30 259
328 343
1 104
234 255
53 149
104 135
53 489
205 439
75 314
240 327
121 307
227 404
133 210
91 232
60 152
123 293
81 309
97 456
97 481
309 467
63 268
282 387
119 155
16 25
162 227
227 402
30 321
50 307
255 453
273 480
232 392
7 224
212 232
224 471
364 415
60 498
32 423
287 296
130 465
123 184
246 312
159 312
255 445
327 478
327 428
320 327
