39.673650
1
83
135
84719
245 282
47 98
224 284
191 284
88 284
46 284
35 61
34 100
61 234
90 240
240 252
194 240
61 85
61 108
147 251
105 226
208 232
9 208
60 208
107 218
107 270
24 93
107 139
51 208
105 282
105 268
87 161
87 175
87 244
22 87
3 129
3 93
3 30
15 228
15 155
15 34
115 222
69 222
20 132
18 112
132 182
53 222
52 253
253 274
50 271
50 266
50 183
232 253
222 262
1 72
86 253
112 185
112 113
72 228
72 137
72 89
44 241
132 140
132 204
119 248
32 70
21 82
102 290
21 101
70 213
176 189
176 182
17 176
70 249
233 297
21 209
171 233
98 233
91 102
201 248
102 168
58 287
91 103
223 257
186 223
47 223
13 300
245 260
13 66
55 286
44 55
33 260
22 258
260 261
55 219
165 258
202 258
83 295
80 295
84 106
79 164
114 198
92 188
111 115
110 197
96 288
97 295
148 195
99 299
104 193
104 149
197 210
173 231
178 299
179 229
180 239
180 254
187 230
187 296
188 196
190 267
192 197
195 281
170 181
198 215
199 214
199 276
211 265
212 237
217 231
235 265
238 292
259 293
272 283
84 289
118 265
124 259
125 283
126 134
127 181
133 288
134 280
136 195
141 188
143 180
145 283
117 288
150 267
157 269
157 294
158 181
160 292
162 179
166 212
167 203
167 250
169 179
36 206
67 216
65 278
65 225
64 111
16 212
23 27
63 131
62 134
25 292
26 63
27 120
27 130
28 199
31 157
79 116
57 84
37 63
56 187
38 206
54 65
40 111
42 94
42 144
42 172
43 206
45 167
49 104
48 67
10 29
79 153
4 95
4 207
4 263
5 231
77 198
75 267
6 39
74 264
6 135
74 156
74 76
73 299
71 259
6 255
10 146
7 19
7 122
67 234
10 11
7 200
220 291
247 291
142 273
78 227
52 273
78 224
78 184
147 291
138 244
82 138
14 286
14 165
32 109
1 109
15 240
121 284
100 121
100 275
72 251
107 275
105 275
12 61
12 100
3 50
159 208
112 121
103 105
50 59
205 284
100 242
87 174
112 248
58 275
8 251
24 277
111 251
65 251
24 67
24 199
24 212
3 236
41 107
236 241
21 68
221 233
59 256
123 222
121 299
2 241
253 285
154 176
102 154
81 221
81 159
13 59
128 242
128 279
248 298
70 151
195 221
74 221
12 104
12 157
68 267
159 206
27 68
159 288
174 181
68 246
8 223
236 292
7 236
152 256
123 265
4 298
198 298
123 187
163 279
79 205
151 180
243 277
167 243
42 163
134 152
152 197
163 295
243 283
63 152
177 188
177 231
177 259
179 243
84 163
6 285
177 246
10 41
