13.211247
38218
38
1755
142698
149 162
138 155
128 164
18 81
123 127
42 48
82 98
80 177
37 161
37 165
37 141
126 179
65 92
84 200
31 166
21 31
14 186
14 152
14 50
49 145
49 146
13 31
11 34
4 82
160 195
90 160
5 30
5 164
151 165
53 59
59 105
59 119
29 59
45 59
56 68
47 184
47 177
139 188
47 112
188 193
128 188
134 178
149 178
2 40
53 197
79 136
46 187
83 89
33 83
27 83
46 170
46 77
79 102
79 88
21 140
163 183
135 140
144 183
121 140
143 180
17 155
17 123
17 112
17 85
66 140
87 143
62 183
130 143
133 191
41 199
7 106
7 115
7 126
24 175
108 175
137 175
63 175
18 159
153 159
117 122
43 157
119 147
20 147
48 176
174 176
94 158
120 158
36 84
11 36
190 191
189 190
167 190
3 99
35 85
35 113
124 181
55 100
156 181
55 103
55 196
71 181
127 132
65 132
15 51
73 185
44 150
57 60
81 182
96 195
80 91
76 173
74 194
74 157
72 86
91 104
60 125
8 113
91 93
8 42
8 16
142 173
68 96
72 138
122 182
29 60
28 96
101 180
26 129
41 74
26 69
25 182
24 101
101 168
23 72
22 162
22 118
22 61
10 32
2 10
184 192
57 192
97 109
97 99
97 121
49 75
9 139
9 104
49 148
75 78
37 56
59 75
39 186
39 98
12 37
92 110
49 169
37 46
148 160
49 200
95 160
143 171
83 172
116 169
54 75
12 58
117 171
14 151
95 114
1 83
114 154
64 78
31 133
5 40
154 175
14 198
3 179
1 54
154 190
31 52
178 183
5 199
14 19
52 107
4 111
67 107
178 198
5 158
6 47
70 79
79 131
38 67
38 70
58 173
73 197
111 181
43 51
38 44
19 55
6 26
