4.563712
354787
11
2007
399954
45 84
10 97
44 48
9 89
43 92
4 11
17 79
6 91
1 86
28 74
17 99
55 98
70 98
33 98
69 73
29 71
37 82
36 72
20 36
36 81
3 46
15 39
30 77
13 30
20 39
69 74
12 34
14 48
14 40
14 16
12 65
12 35
6 14
12 85
50 72
24 50
92 96
4 96
82 96
14 26
76 97
61 76
1 12
54 61
5 54
88 98
81 96
56 100
57 73
57 86
18 57
5 56
56 83
33 57
56 60
15 56
98 99
42 49
29 46
71 98
11 23
23 52
9 23
23 95
25 38
13 25
24 25
47 100
3 47
25 26
64 85
10 21
22 43
40 78
21 51
22 93
8 78
23 58
90 94
55 90
45 68
67 68
68 91
44 75
53 75
32 80
19 31
18 19
32 95
59 62
59 65
2 87
27 87
66 87
41 63
62 63
7 88
37 49
7 87
