6.864197
143640
22
166832
245903
26 110
4 36
140 150
135 156
24 152
63 155
76 133
53 71
46 95
58 94
12 42
74 128
61 102
107 126
2 155
87 99
19 158
19 154
19 153
2 29
27 85
2 5
30 123
87 138
13 78
25 59
73 145
73 153
121 122
21 87
32 41
10 23
13 80
113 116
111 130
130 134
68 120
117 120
122 138
66 118
64 145
18 26
88 121
118 140
31 141
18 91
118 159
55 64
31 82
24 98
104 158
81 88
40 64
47 98
86 104
98 106
31 97
88 133
63 104
71 149
117 149
46 149
1 149
28 146
127 146
8 146
144 152
67 134
67 72
4 83
9 44
9 114
83 92
83 123
29 77
39 68
35 39
77 79
62 105
57 135
57 159
59 105
16 69
16 85
36 93
70 93
5 144
41 76
1 105
49 94
56 143
33 49
32 143
19 53
21 98
95 160
112 151
110 151
51 147
11 56
11 124
38 160
43 116
84 142
119 142
6 142
45 128
45 107
3 54
102 125
42 96
97 125
96 113
125 139
3 52
96 115
43 104
103 108
103 124
2 129
37 156
37 148
23 50
22 50
14 51
51 132
34 38
17 129
75 90
30 51
109 137
7 89
48 51
15 65
25 51
136 137
20 60
20 65
58 100
19 60
51 80
74 78
126 136
87 90
75 130
2 101
61 100
12 16
15 31
9 89
10 101
48 131
7 146
17 118
27 146
19 157
18 34
3 131
142 157
