27.690946
34387
83
10186
71109
167 385
331 445
39 210
10 293
332 400
311 425
54 56
186 403
4 299
182 350
109 138
190 279
226 290
236 372
36 305
111 235
260 439
38 427
81 173
93 224
114 139
177 215
277 378
55 374
55 92
310 345
59 162
392 435
175 229
97 363
359 389
349 359
312 413
129 286
129 266
129 258
82 434
103 312
67 447
23 432
199 303
249 353
255 382
256 291
29 314
29 307
339 418
339 436
86 276
145 157
388 399
196 339
145 251
343 388
29 410
21 387
276 435
6 276
21 212
21 40
218 339
285 388
145 344
21 227
86 348
108 171
171 421
171 305
227 280
214 250
116 399
49 441
73 116
132 380
116 169
47 380
289 441
119 423
119 369
148 185
116 142
108 119
250 394
185 287
109 250
185 341
97 119
53 119
102 380
24 441
53 380
114 441
265 349
325 448
220 426
338 352
415 438
8 418
8 9
138 202
179 334
293 334
89 206
229 238
95 320
117 238
299 320
65 269
74 147
189 268
57 268
147 376
5 31
378 442
39 442
149 442
83 92
174 318
205 427
205 249
190 205
195 219
266 346
264 414
113 127
196 234
311 395
198 279
198 328
101 127
234 425
297 342
237 264
61 219
273 274
62 127
84 130
237 346
122 130
241 264
76 264
68 342
130 291
342 362
18 400
182 273
47 346
350 395
23 273
151 346
219 327
11 130
25 198
369 395
186 198
37 273
12 379
33 219
12 32
328 395
12 373
162 234
143 424
207 234
18 220
18 302
143 402
143 390
98 306
203 230
153 397
118 398
159 283
356 438
158 172
261 356
11 158
24 252
351 433
176 433
17 433
364 385
216 300
4 355
76 304
14 304
35 389
55 381
134 295
326 357
99 132
99 160
71 72
314 323
285 323
34 347
248 360
248 292
177 263
137 178
262 263
337 409
61 263
137 180
75 337
141 337
315 411
215 295
110 129
29 404
295 354
159 359
233 317
317 445
200 250
200 380
388 430
79 123
90 250
166 295
238 290
129 173
204 338
181 352
181 224
87 152
96 183
96 446
146 403
120 146
146 226
56 96
13 142
13 140
123 204
131 405
203 405
79 98
1 343
1 164
70 259
70 206
294 354
87 295
166 392
85 107
28 88
66 80
128 228
80 396
80 406
121 316
121 298
121 208
85 275
85 386
7 371
7 245
88 335
7 192
43 88
228 267
228 301
91 133
133 289
150 277
29 444
276 444
93 348
126 284
274 284
188 331
188 383
94 281
246 412
246 327
270 321
82 270
320 404
45 168
45 54
83 90
22 434
2 236
2 332
252 372
370 432
210 254
135 254
31 216
125 382
78 125
333 441
255 434
36 342
194 319
145 175
256 312
55 87
15 104
15 140
32 48
48 416
139 448
42 411
30 42
417 449
197 272
44 296
428 443
27 272
391 437
223 309
5 443
193 420
44 75
223 243
193 368
440 449
324 365
217 367
217 330
41 375
325 443
191 257
10 223
163 170
163 421
375 412
50 69
167 449
19 44
20 239
209 429
65 437
232 375
313 361
313 318
136 282
303 365
60 191
63 163
64 81
64 161
64 235
46 77
288 365
239 322
124 437
115 282
262 272
100 201
100 212
106 429
100 358
253 393
51 376
51 154
50 240
313 408
144 184
231 282
144 407
51 345
50 153
141 253
253 439
46 211
46 67
312 339
8 340
238 366
118 431
211 431
300 380
244 355
34 370
111 401
150 388
110 165
156 401
187 213
319 434
26 155
308 434
347 364
134 225
281 442
244 247
359 441
171 280
187 225
38 147
116 199
21 319
12 221
265 377
185 276
143 295
310 334
52 312
366 398
415 434
22 26
242 359
222 326
136 222
248 430
16 273
72 381
242 422
94 336
105 221
38 105
58 112
16 419
89 339
247 260
155 433
340 357
59 397
127 294
230 312
112 283
18 384
268 308
38 317
185 269
96 366
315 447
137 384
295 329
58 217
3 145
35 174
271 359
191 363
185 278
239 353
336 429
80 89
85 174
121 174
165 450
228 278
88 329
3 193
7 271
144 450
