23.170140
82518
58
102836
179252
1 13
131 159
133 176
92 224
15 227
143 172
8 53
169 201
27 239
62 128
116 145
6 145
145 211
145 220
48 230
88 230
192 230
81 230
31 230
203 215
18 215
20 189
80 199
79 213
8 162
79 164
79 147
62 162
68 162
97 139
79 103
146 236
113 130
32 160
120 160
130 209
21 202
130 250
135 202
82 239
82 86
160 179
160 218
49 82
72 130
58 82
202 250
29 142
142 187
142 150
65 171
48 197
175 188
171 175
175 219
158 247
12 65
22 158
38 197
128 197
66 158
111 179
65 227
25 111
3 111
111 249
27 65
197 237
125 175
24 61
107 174
126 207
178 207
56 207
165 207
64 98
72 95
9 98
59 240
95 96
95 115
95 225
50 59
98 151
98 154
59 141
178 221
177 223
114 117
114 198
114 170
81 229
74 154
74 216
75 136
74 89
71 105
71 84
71 80
70 155
69 155
85 100
100 225
123 132
123 224
119 196
123 248
112 173
1 83
109 140
109 118
108 133
108 122
127 246
101 112
75 157
100 164
134 196
91 180
91 146
91 120
88 127
83 189
83 86
155 177
166 195
166 212
75 188
17 232
39 220
39 153
36 39
35 237
35 183
35 110
33 60
28 201
28 139
28 92
60 243
17 53
17 18
16 234
16 44
15 166
13 108
4 203
4 165
4 54
61 109
52 176
55 127
52 169
52 172
107 229
30 193
30 159
30 47
181 246
70 181
26 232
26 194
14 245
5 14
11 14
93 124
51 99
37 93
94 217
93 149
231 235
104 235
57 235
129 167
129 161
129 138
19 226
19 23
19 156
51 63
77 228
78 90
78 182
78 206
217 242
217 222
45 51
2 43
2 87
2 190
67 228
40 214
228 244
40 148
40 241
131 185
184 185
186 194
186 205
121 143
121 238
145 162
11 76
76 117
20 208
152 199
142 200
97 199
24 200
79 137
59 152
10 208
59 168
7 199
7 102
142 158
215 233
144 202
163 199
95 191
106 137
10 191
91 208
4 208
60 215
158 163
34 102
30 215
14 208
42 162
19 215
34 210
40 168
51 168
97 129
78 97
210 28
2 236
24 204
73 197
41 130
112 223
46 175
221 235
41 98
42 196
204 217
73 93
46 228
