9.821772
153392
29
7614
158822
79 113
47 125
95 145
117 129
17 75
70 131
72 115
89 110
80 140
136 143
117 136
33 155
37 156
25 64
19 97
90 97
97 130
97 116
91 124
63 70
47 63
12 63
112 159
107 137
37 107
32 107
48 107
54 114
69 114
114 135
80 97
27 31
4 33
4 46
103 128
4 77
4 110
128 130
42 128
115 148
10 148
69 160
15 55
3 127
25 86
99 127
39 59
86 145
17 127
39 40
39 150
52 86
86 135
153 157
1 14
26 36
1 120
22 36
21 96
96 101
65 96
36 109
36 124
1 43
11 103
11 27
45 154
45 132
45 76
64 97
62 111
111 131
97 149
49 92
7 88
74 126
126 139
14 92
88 119
18 105
18 112
18 118
92 108
35 132
6 44
44 146
44 68
51 60
20 51
82 122
104 147
72 82
104 125
77 82
20 104
26 67
67 90
2 136
34 137
34 109
31 89
29 136
107 152
87 136
71 78
61 71
71 157
144 160
79 158
32 158
98 158
53 85
53 95
84 134
75 134
57 58
57 122
83 141
63 142
87 91
107 142
60 93
30 93
1 144
16 81
8 121
38 66
81 123
23 121
106 129
55 106
106 151
41 56
28 41
66 102
13 63
5 107
24 31
100 136
24 127
86 138
128 159
126 155
35 152
50 73
50 100
13 96
29 94
5 133
141 156
71 138
31 39
88 114
41 149
9 39
44 153
31 81
4 121
66 133
