22.217757
98995
60
91186
143596
1 41
240 275
117 239
16 251
83 110
120 295
20 89
224 231
280 292
152 165
163 222
29 162
169 266
46 92
6 21
174 201
4 217
175 205
80 244
111 212
30 181
131 181
181 221
181 289
74 181
181 300
8 181
6 32
32 90
32 54
102 108
76 133
34 203
34 124
34 72
145 191
19 115
248 273
17 147
18 258
126 258
222 258
87 246
30 161
199 210
87 211
210 283
156 196
87 149
14 115
93 168
2 161
35 93
122 156
14 111
14 40
78 262
71 156
70 161
83 93
67 210
218 262
224 262
262 287
74 178
84 269
197 269
259 269
92 269
32 145
191 194
34 155
232 263
26 97
21 97
232 290
3 232
97 134
232 268
94 142
82 182
24 106
213 294
61 294
176 269
32 212
188 270
158 188
73 154
46 235
73 152
73 113
15 127
15 281
209 280
65 223
124 209
27 75
57 65
213 235
105 235
4 75
91 218
91 125
12 75
15 64
78 235
75 279
76 91
14 288
150 288
79 107
43 234
234 286
144 151
9 298
295 298
59 208
59 271
61 236
36 109
16 59
82 236
230 236
66 190
66 217
148 171
162 236
171 238
171 239
45 249
45 167
45 80
51 66
154 298
36 43
36 128
12 247
7 247
133 228
59 72
32 108
107 228
112 250
119 267
119 206
55 146
119 160
95 136
89 95
39 86
175 243
243 276
38 243
39 202
250 255
81 95
139 272
139 257
55 180
55 187
22 39
139 198
62 250
10 291
17 256
256 299
97 155
110 193
193 275
170 296
137 258
93 244
191 242
7 195
35 195
143 195
191 204
50 203
33 50
50 197
137 204
96 114
100 153
183 220
284 285
153 264
1 214
104 116
141 278
141 169
153 266
179 260
135 214
114 229
233 260
172 220
116 207
219 285
158 261
116 240
159 177
159 201
164 261
63 102
13 297
77 292
77 263
77 192
20 214
63 289
29 261
63 117
5 285
37 60
37 227
41 44
44 121
44 282
49 166
49 185
49 189
13 221
88 159
13 216
45 176
85 253
131 253
130 186
200 231
118 200
99 287
99 225
53 120
58 286
53 163
58 140
58 293
53 174
47 205
129 270
129 252
47 226
47 265
52 279
69 99
42 52
19 130
28 248
65 191
194 274
79 106
150 241
173 248
32 138
161 173
10 157
262 291
103 242
56 161
114 191
123 252
123 166
184 219
88 184
34 245
25 277
156 215
11 31
11 94
14 147
156 210
98 291
157 277
181 254
28 132
138 210
182 237
95 103
25 142
241 260
48 151
56 243
65 87
48 171
68 98
55 277
36 215
23 248
119 147
153 277
87 101
170 237
68 220
37 178
15 23
139 245
39 101
250 254
