10.954390
258500
29
1418
302402
25 100
67 109
11 42
55 103
128 136
110 132
11 16
9 16
16 125
16 103
33 138
63 138
88 138
38 57
10 75
48 69
53 54
54 132
69 114
69 100
34 54
42 75
14 104
14 74
14 87
60 107
1 117
81 117
115 117
4 110
4 83
4 46
4 44
13 68
13 65
13 66
62 90
90 122
90 93
23 90
78 96
56 99
18 26
47 50
30 121
5 35
5 40
5 133
76 95
41 49
29 95
15 18
41 65
41 139
101 127
89 127
15 120
12 113
12 79
50 121
121 134
12 72
51 95
24 45
24 72
24 105
22 57
22 102
112 133
105 116
64 116
36 67
36 43
21 29
17 94
46 124
39 80
91 111
2 59
6 140
107 140
97 124
9 94
94 137
91 135
55 124
84 126
80 118
73 140
20 84
28 59
32 84
56 61
3 61
131 136
70 131
123 131
7 23
25 37
31 37
7 129
37 128
7 109
48 77
77 96
52 97
52 114
49 85
32 85
16 130
38 54
14 69
98 138
119 138
8 38
75 119
38 86
58 90
14 27
69 108
13 98
8 60
38 82
12 130
108 117
21 138
13 47
75 112
71 86
5 58
19 127
19 95
99 127
92 121
15 71
78 91
92 106
26 59
80 106
