19.728583
20220
61
28575
79521
91 239
56 195
135 198
163 227
143 256
58 246
71 273
78 108
8 194
115 278
92 139
242 294
52 272
104 238
53 119
142 269
269 288
11 73
237 298
156 276
205 244
205 267
205 275
46 268
46 237
1 96
10 96
54 225
201 212
144 164
138 144
67 104
67 113
47 232
17 241
95 230
119 230
217 296
222 296
20 193
230 239
109 296
234 296
148 241
135 241
193 287
154 193
7 193
153 241
107 189
125 133
130 236
130 263
130 289
76 133
133 279
12 130
44 49
49 207
146 213
117 299
72 117
105 189
105 151
16 105
98 105
121 275
121 176
121 257
22 34
22 43
22 92
38 112
68 112
4 112
26 129
81 137
77 137
140 271
151 271
228 271
59 79
59 91
59 242
106 288
59 276
70 94
98 106
94 208
20 106
90 94
79 106
29 187
29 221
29 278
107 122
11 209
33 209
209 243
122 133
78 161
256 292
292 299
57 100
57 246
93 300
126 253
207 253
172 250
172 249
56 172
42 173
124 171
124 169
42 210
42 236
72 159
80 153
108 252
80 229
80 185
51 146
51 86
248 252
48 51
249 252
174 251
174 283
167 205
139 281
251 281
53 144
39 248
39 109
71 149
149 283
205 262
67 269
50 133
167 225
74 219
47 184
66 191
66 76
43 66
50 97
84 279
1 88
21 284
24 125
103 111
274 300
82 84
84 227
274 293
24 132
24 211
85 141
2 150
87 116
88 255
89 181
88 265
8 220
4 21
216 235
220 223
195 254
232 254
181 198
234 297
2 194
166 266
166 240
254 291
238 297
2 163
141 280
141 272
136 297
128 190
116 143
111 180
111 158
21 115
60 216
52 220
32 199
35 116
64 199
61 190
58 181
44 166
37 274
144 282
19 182
19 273
14 175
130 269
69 134
224 264
224 233
62 226
197 247
99 197
101 102
206 226
101 202
101 290
25 215
134 261
134 285
177 286
177 258
215 231
114 177
75 197
28 226
215 295
165 224
41 170
277 294
10 277
110 214
40 259
9 40
152 188
55 67
23 260
23 212
73 97
118 282
117 184
160 259
118 262
123 142
120 123
54 145
145 179
15 186
46 196
46 296
168 204
105 245
129 157
63 157
30 157
74 112
31 162
156 175
49 55
14 29
3 204
193 241
112 188
147 192
46 65
3 137
96 192
144 183
36 131
131 152
127 168
27 218
144 213
117 201
13 147
36 178
137 186
15 183
184 218
93 203
45 298
203 253
83 269
127 155
31 137
27 190
5 155
18 255
18 103
94 230
26 105
124 162
83 270
214 245
96 197
216 270
170 196
65 199
26 134
161 200
5 215
5 101
159 226
6 45
160 252
200 224
6 177
