23.631374
3
62
40619
179643
66 76
187 218
126 132
172 223
171 205
44 157
34 112
18 213
37 192
55 64
33 151
125 134
36 125
25 248
36 248
37 125
47 125
151 249
151 179
196 248
237 248
100 151
151 169
188 217
127 227
217 233
127 201
11 127
94 127
83 231
83 195
83 185
83 113
77 83
208 236
18 236
236 240
149 162
152 161
31 161
149 219
149 169
158 163
44 149
161 188
163 197
163 230
67 161
129 164
45 71
45 92
45 180
45 206
106 243
103 164
69 106
1 164
14 106
165 185
79 183
38 111
111 119
111 207
53 225
104 118
41 90
104 133
104 180
90 98
82 177
177 213
77 177
75 90
102 249
59 229
186 250
190 226
114 225
121 191
146 215
122 250
191 194
97 191
200 202
60 203
93 114
87 211
85 215
210 228
4 222
4 116
226 238
4 16
70 241
76 87
26 114
21 128
21 88
156 215
21 223
154 241
19 87
15 60
13 226
142 241
153 228
49 60
29 228
10 200
48 250
174 200
55 125
40 58
125 204
42 155
155 220
234 245
80 137
140 247
80 86
135 171
2 3
143 245
130 192
135 157
219 247
130 218
198 214
123 205
123 138
124 173
117 135
170 212
107 145
167 199
105 245
84 147
160 235
96 216
160 187
124 136
130 193
84 195
84 148
22 175
11 17
12 91
12 110
32 107
12 229
17 120
17 246
51 175
20 139
20 183
20 244
8 175
57 209
23 160
57 144
57 126
24 123
52 167
56 216
27 119
54 212
27 72
27 47
7 95
74 182
3 109
3 172
5 9
5 30
6 43
6 112
6 132
7 40
34 63
66 216
64 74
7 179
63 184
63 159
65 198
74 239
62 247
73 75
236 248
99 233
95 99
83 217
8 115
39 83
55 232
46 159
46 220
106 217
106 127
127 221
150 164
105 108
108 113
181 184
181 244
55 166
28 236
217 242
131 151
150 242
39 78
61 78
104 189
55 89
176 248
150 191
61 114
141 189
224 242
168 224
189 212
57 150
124 189
58 163
53 68
28 87
59 168
50 164
68 200
35 45
4 68
115 189
73 221
165 198
177 178
21 131
102 141
79 107
81 90
101 242
178 215
81 228
60 89
50 226
35 250
101 241
58 80
5 176
101 167
