11.064422
27060
24
142048
447868
1 57
24 82
3 27
36 66
23 84
37 84
29 98
61 88
16 73
16 39
15 16
22 28
28 53
5 28
6 88
9 88
20 50
50 60
50 76
83 98
79 99
17 34
21 96
55 83
27 34
44 99
31 83
33 34
1 99
43 96
10 42
2 99
10 87
8 10
12 96
7 51
38 45
7 77
45 82
45 94
7 68
57 58
26 58
58 62
24 41
35 65
41 59
41 93
65 66
65 90
79 80
54 80
85 91
40 49
69 95
69 70
64 69
48 78
49 74
63 91
92 100
56 91
13 48
32 48
18 49
11 92
25 92
23 89
3 89
4 71
46 89
47 71
30 70
30 51
16 36
36 83
72 16
86 88
50 86
14 34
36 52
19 67
84 88
84 99
72 84
50 81
10 81
19 52
28 83
34 96
36 49
14 41
48 86
71 86
67 97
29 91
69 97
7 75
75 92
