2.902699
74886
12
44923
226808
18 99
30 85
22 48
24 48
36 65
44 75
41 60
12 87
23 67
6 84
34 68
62 81
3 38
27 83
91 96
91 92
42 91
6 57
27 91
32 59
10 87
58 79
58 92
16 23
69 78
8 73
8 24
5 75
40 86
40 67
25 48
31 37
31 49
9 33
9 35
21 48
13 17
70 85
19 82
25 84
23 66
16 83
80 98
79 98
4 61
4 14
4 53
7 42
7 38
28 60
18 28
15 28
47 72
72 99
68 72
89 95
23 48
32 88
50 66
11 86
11 30
91 95
43 48
52 89
39 45
43 65
43 44
12 70
52 88
19 23
56 74
74 78
13 81
12 54
17 50
77 100
76 90
36 90
2 77
64 77
46 55
20 23
1 55
39 46
29 71
21 69
1 94
20 29
34 51
57 94
51 97
54 97
4 82
9 45
26 93
63 93
31 71
41 77
23 93
