25.161667
54828
77
89439
102612
109 146
259 275
273 378
155 242
65 202
80 281
147 287
91 239
59 344
100 240
121 297
113 346
48 133
56 261
166 204
135 185
108 389
185 316
38 316
267 331
168 331
229 285
40 331
17 300
29 285
300 325
138 285
60 300
331 378
331 370
125 227
227 380
227 317
37 42
13 248
49 342
188 190
118 134
119 163
344 371
116 132
250 371
253 362
369 371
7 362
324 362
283 362
132 257
163 239
127 163
57 174
353 384
21 333
62 352
167 373
70 167
8 167
62 199
62 214
88 167
75 169
6 376
201 257
180 221
140 321
268 276
127 243
176 297
309 350
27 75
18 392
82 114
232 392
114 122
68 392
27 299
27 368
202 206
206 271
206 395
145 177
177 246
177 183
177 287
177 270
32 343
175 269
247 269
269 305
269 317
5 302
161 366
203 308
124 323
57 278
107 207
112 367
187 254
110 203
193 367
54 254
107 151
65 323
161 278
74 131
74 332
74 370
1 323
78 111
78 190
68 107
133 203
150 254
64 74
78 272
78 340
147 223
89 278
92 290
94 223
290 337
223 234
31 367
23 391
338 400
275 400
278 332
6 9
282 400
204 223
290 374
294 400
12 107
9 108
9 129
313 323
9 282
216 391
47 391
125 375
105 298
30 289
137 279
109 137
26 137
28 137
153 196
153 347
207 379
155 319
281 326
396 398
12 385
80 379
263 364
91 173
255 398
59 398
194 319
222 326
168 379
88 173
355 385
142 364
86 335
86 246
86 144
307 385
173 341
148 326
158 211
41 67
21 139
139 209
293 388
46 388
213 318
140 318
56 62
311 353
208 301
121 172
15 208
311 397
11 28
90 245
39 346
39 259
39 224
141 156
36 172
11 226
286 291
245 249
245 268
85 291
11 272
32 156
45 311
25 200
25 130
208 244
106 354
106 115
106 302
156 164
20 25
97 172
219 293
219 294
4 199
4 266
221 330
186 235
18 310
46 310
49 316
58 285
79 362
97 99
30 77
77 280
96 342
96 229
233 328
33 328
19 83
19 61
328 350
49 331
56 399
56 192
22 285
62 79
227 314
79 117
316 357
157 198
157 264
56 366
126 292
128 288
288 320
149 181
2 126
84 126
104 288
103 149
102 149
154 227
265 284
188 227
300 371
101 237
51 224
101 296
14 251
51 73
17 87
98 252
50 87
69 274
256 316
34 37
34 66
62 360
300 384
123 387
162 360
95 145
35 44
35 67
95 240
95 215
16 227
184 277
79 206
81 170
345 348
178 359
146 382
241 382
234 345
231 358
231 238
338 377
73 212
160 365
48 339
170 261
170 210
189 212
339 356
52 212
377 390
303 339
120 178
15 345
124 365
100 377
93 382
305 365
184 334
225 394
134 327
105 394
113 327
152 394
327 336
183 220
186 217
283 312
159 217
220 260
53 217
236 312
316 372
248 329
165 248
167 383
371 393
137 387
182 191
300 372
184 228
295 314
184 295
132 322
163 262
166 330
132 167
132 228
24 71
248 309
256 329
143 227
136 195
24 262
306 315
72 333
58 195
114 182
347 381
94 381
114 334
177 386
169 258
135 291
27 191
163 304
180 351
3 290
136 245
5 174
43 192
3 361
43 205
218 276
361 386
171 258
55 277
269 315
179 343
298 322
56 217
349 351
72 171
179 391
41 184
230 237
230 253
76 205
10 304
156 184
201 367
76 254
42 99
262 319
176 375
165 318
162 211
49 149
49 265
143 289
10 25
197 235
98 357
41 203
19 376
154 231
157 197
274 306
24 63
16 178
14 218
25 364
269 363
63 126
288 363
