69.933762
1
147
13462
98537
28 454
56 312
57 280
88 118
219 325
50 59
51 59
59 254
59 368
59 458
259 378
1 106
69 106
106 346
143 462
194 462
462 483
424 462
309 430
244 430
343 406
386 437
65 402
22 73
65 343
22 175
22 269
22 405
65 202
386 471
393 406
406 427
406 481
297 298
242 455
242 404
228 298
294 307
294 334
114 242
215 242
170 430
158 294
147 298
298 436
136 386
19 89
170 421
234 358
483 484
52 473
392 473
63 473
286 362
243 460
418 460
167 460
402 460
317 420
268 382
284 465
384 425
38 465
181 268
16 196
94 196
4 384
196 247
163 268
465 485
87 196
454 465
212 384
309 420
420 477
24 420
17 384
289 491
289 457
108 173
57 289
288 339
312 370
314 444
173 383
283 448
277 359
13 314
191 405
88 314
207 283
212 359
84 359
215 221
221 225
221 434
195 326
171 288
191 332
259 288
303 494
70 283
267 370
173 362
104 303
147 303
130 387
130 194
130 162
41 326
152 191
370 400
165 345
165 433
165 496
86 480
86 250
86 118
142 200
142 280
43 142
260 451
6 260
260 442
38 199
247 319
319 493
156 340
199 380
340 500
113 322
113 358
304 319
113 439
19 340
395 413
12 54
12 201
28 395
377 395
1 62
62 448
137 497
144 374
169 423
168 357
198 352
168 248
140 168
161 388
139 475
145 497
18 35
203 328
135 251
205 274
166 316
164 193
169 227
164 295
166 293
14 237
174 356
177 470
179 453
150 241
172 179
150 281
146 177
183 232
183 245
148 371
153 188
154 388
186 371
188 258
188 391
157 422
15 125
192 422
341 354
371 443
364 372
361 372
354 366
350 428
349 389
347 365
7 344
375 435
336 376
331 338
331 335
328 445
324 417
320 355
318 348
310 463
410 497
463 486
2 238
428 432
3 374
417 478
417 440
415 475
414 472
308 428
401 452
5 141
5 185
389 429
389 419
5 327
375 456
238 466
261 488
261 416
256 331
255 290
253 261
240 438
240 313
239 489
264 333
11 356
231 318
226 479
226 379
218 318
214 273
211 237
210 238
282 401
305 333
302 352
301 376
7 403
7 449
8 355
9 20
291 333
208 328
276 290
275 376
274 495
273 409
270 489
266 374
265 356
66 472
74 355
72 329
71 468
71 262
71 155
20 469
67 498
67 315
76 226
21 388
23 109
64 347
61 363
61 97
60 179
23 224
23 431
82 204
93 476
93 464
92 372
91 93
90 330
90 206
90 101
82 447
58 67
82 159
81 489
80 177
79 131
78 128
78 112
78 100
32 197
40 47
37 329
35 399
35 233
34 182
34 53
34 36
32 381
40 385
32 111
31 351
31 257
31 223
30 273
27 160
27 426
27 411
49 124
25 352
26 229
56 240
55 401
26 390
26 446
49 412
49 180
134 492
48 407
48 397
48 149
46 475
45 166
44 61
40 487
116 347
127 325
127 321
126 354
125 279
125 263
123 150
121 164
120 463
119 183
117 375
135 187
115 131
110 329
96 274
20 29
105 422
103 237
102 135
99 472
98 290
127 474
134 408
131 296
134 189
133 169
300 353
132 323
132 230
107 398
107 368
107 151
353 490
353 458
42 451
42 345
222 378
378 430
89 298
59 271
65 473
242 484
386 484
299 386
234 286
406 461
83 190
83 286
252 294
65 311
234 314
22 75
222 272
274 378
378 428
329 378
216 222
222 287
199 421
178 462
39 106
268 373
384 482
89 376
89 375
83 396
359 461
89 122
190 199
68 294
68 430
234 355
286 441
77 191
278 283
173 450
33 303
165 373
85 459
83 285
342 420
328 484
127 190
177 190
190 360
306 499
95 299
221 482
246 473
220 484
249 396
252 292
178 286
26 499
299 371
188 499
40 499
71 299
240 299
75 249
178 196
113 367
85 319
461 497
130 138
138 326
12 278
278 306
95 373
369 499
268 369
209 311
33 209
129 260
179 271
77 472
7 367
318 450
82 311
311 401
135 271
226 450
150 367
236 459
85 374
176 459
27 373
67 278
78 85
34 77
33 164
33 131
178 289
184 370
288 337
394 450
271 394
168 482
32 129
5 75
48 129
75 389
235 285
441 463
132 342
93 216
49 235
183 467
31 236
134 213
176 261
35 217
216 372
236 356
354 467
213 422
61 216
237 287
238 287
23 176
169 217
352 467
235 290
20 235
287 331
90 213
217 417
125 236
176 333
10 467
10 213
10 360
246 273
39 166
217 220
337 489
337 347
184 388
184 475
