19.766356
52178
57
7104
77323
37 142
55 186
27 255
32 254
64 109
88 215
99 113
107 177
140 251
72 226
98 167
200 269
57 258
76 183
13 183
155 183
3 188
194 209
169 266
82 146
81 146
146 151
55 146
122 233
15 105
15 113
108 217
15 298
2 108
3 210
179 210
127 210
65 92
98 209
27 280
160 256
244 260
15 46
214 216
169 214
214 226
193 214
88 229
125 229
229 248
229 269
165 239
222 241
75 204
51 228
91 244
60 91
61 149
112 172
84 149
34 91
99 149
102 172
172 212
186 206
206 278
15 114
124 190
166 211
73 109
73 75
201 211
7 130
211 218
10 158
10 24
69 294
184 224
68 224
59 295
57 111
224 274
291 295
2 69
36 69
37 295
35 297
24 295
111 281
111 118
35 136
35 178
80 292
22 80
52 173
183 277
134 187
145 187
187 215
101 187
89 214
183 233
63 183
29 126
39 59
23 28
23 270
122 235
199 225
39 147
138 199
29 53
29 77
54 235
39 161
19 23
96 199
235 284
235 268
39 255
49 119
49 71
48 49
166 181
129 209
5 150
141 167
141 291
46 130
187 194
151 195
83 101
251 262
84 262
83 223
106 159
106 216
56 83
262 273
106 191
90 234
31 234
135 234
44 209
179 279
191 279
74 222
74 261
74 300
102 243
64 78
78 158
162 213
160 213
7 213
95 144
183 260
58 195
220 236
146 231
89 190
73 203
203 224
63 208
33 192
58 220
149 168
33 146
41 232
62 232
232 278
227 245
145 245
249 275
144 232
108 286
114 224
70 94
165 188
111 168
33 108
50 124
50 81
104 276
205 282
182 257
6 128
6 189
170 287
9 257
11 205
207 276
175 276
170 264
205 242
170 196
6 40
26 115
115 185
115 202
164 257
47 149
208 280
65 154
16 154
241 266
79 250
253 267
14 38
290 293
38 218
142 267
155 180
43 180
69 209
70 80
21 52
21 265
21 227
30 210
80 183
252 289
177 252
93 219
93 283
132 298
5 132
163 217
163 198
230 272
72 272
219 299
90 299
97 107
97 239
4 296
157 285
17 152
140 296
12 246
18 156
20 103
32 174
8 285
153 156
152 237
133 174
120 296
67 100
86 288
67 221
85 87
54 247
51 67
123 246
174 271
171 238
197 247
45 86
103 259
43 85
42 85
77 246
236 238
238 263
247 254
117 249
92 214
110 209
181 258
131 148
176 209
94 139
172 286
30 117
25 63
91 148
79 111
199 286
49 210
1 25
116 250
204 228
66 234
66 116
1 23
47 156
35 73
139 293
15 121
152 277
108 240
103 275
35 137
29 150
6 176
137 170
86 110
143 243
121 276
143 205
240 257
115 240
143 285
