30.443853
8094
92
57374
82321
221 388
154 402
166 447
192 367
55 290
360 441
53 337
201 498
208 232
89 194
36 83
234 492
13 137
29 372
301 431
316 470
320 404
91 213
80 115
76 405
6 112
117 216
121 171
130 342
122 212
421 493
159 239
279 284
93 174
59 72
146 195
391 442
124 433
365 438
66 145
352 412
102 193
220 371
190 222
314 497
266 487
116 295
250 467
78 250
165 250
169 420
140 425
411 413
327 484
219 389
111 118
210 302
210 447
210 288
177 210
160 328
293 297
293 425
295 390
64 293
328 387
390 478
144 328
328 422
354 390
332 390
24 454
185 250
7 88
17 92
17 264
17 276
376 474
17 331
65 312
65 481
254 378
119 464
234 270
72 270
48 464
258 464
204 270
270 326
92 464
270 367
105 138
448 468
26 37
333 446
333 483
333 405
126 333
47 351
467 495
91 495
440 495
54 436
20 184
104 165
12 136
457 492
353 439
101 104
98 426
22 439
321 334
20 235
104 155
20 181
321 410
196 494
98 361
196 438
196 259
360 457
372 457
64 98
67 231
29 321
345 439
231 378
36 136
43 309
43 413
136 224
43 453
231 414
28 195
28 154
28 391
163 443
203 269
246 359
32 206
431 475
148 246
9 206
206 217
212 475
290 475
1 210
376 491
93 376
339 352
135 320
305 319
300 319
298 497
151 374
151 289
106 135
284 323
223 298
135 174
339 472
435 494
268 339
74 298
193 323
230 341
341 392
135 331
151 486
263 339
18 341
173 319
317 435
200 207
200 247
200 334
316 435
200 404
160 323
61 435
232 298
3 323
376 400
159 457
100 287
38 459
73 218
310 459
103 162
315 385
315 488
463 474
15 459
197 463
162 208
157 459
46 73
153 463
162 335
213 315
179 315
52 73
144 463
329 386
397 496
63 495
17 146
250 251
333 400
198 466
196 205
393 448
215 436
225 260
262 303
210 365
145 226
226 296
63 406
484 487
106 150
150 426
75 172
75 82
125 204
78 125
125 445
37 283
162 170
357 458
327 357
357 388
170 329
68 472
98 215
94 108
63 339
42 209
117 209
244 267
121 244
88 244
433 461
30 262
30 402
25 422
318 364
247 346
233 364
163 346
220 322
25 355
171 395
44 355
89 322
292 342
263 292
292 415
123 489
181 364
392 489
395 441
97 489
54 322
16 82
16 239
51 464
293 456
269 321
199 261
199 451
172 191
191 345
1 406
111 321
161 461
249 446
249 261
283 439
99 315
185 206
17 397
333 349
189 311
189 266
189 468
42 77
32 77
298 393
62 323
84 376
198 304
178 304
51 231
176 294
180 280
201 280
55 87
45 285
219 383
242 379
34 383
274 379
285 403
11 87
112 379
310 383
285 493
424 444
87 485
127 444
94 280
294 454
444 451
294 336
62 162
86 293
189 287
31 102
257 490
346 490
253 341
84 260
196 272
8 279
134 465
131 455
6 131
99 245
225 358
186 281
186 362
129 186
314 465
202 371
2 211
2 169
272 427
343 477
375 477
5 477
33 396
399 499
152 499
182 236
33 428
182 369
182 377
33 307
120 370
120 380
120 401
277 499
151 349
87 287
47 118
243 419
243 288
188 221
158 188
265 462
70 168
57 301
308 434
19 50
57 340
58 141
366 416
443 105
7 325
10 246
114 312
114 130
330 470
109 330
382 421
147 382
56 264
56 471
49 299
100 500
97 473
142 473
10 319
31 116
67 278
256 278
389 460
205 383
437 450
190 450
228 407
228 471
80 324
122 324
21 324
137 273
27 142
27 69
344 381
76 344
227 480
138 348
271 480
132 175
133 452
133 481
113 338
35 133
71 347
71 214
149 348
286 476
313 482
115 348
306 449
255 408
306 409
255 354
74 96
71 498
252 255
248 482
143 368
429 469
107 229
60 124
356 394
164 430
81 90
48 479
167 479
83 368
417 476
96 350
14 373
96 291
175 309
53 175
95 356
179 430
194 338
85 469
183 430
187 479
156 282
107 337
40 90
14 139
41 338
60 238
156 363
13 368
107 398
60 326
216 482
86 241
237 250
285 491
253 257
254 418
214 240
129 240
104 423
226 412
294 393
59 168
68 222
73 420
63 90
73 140
128 275
23 245
325 466
384 411
384 496
58 161
280 500
379 500
102 308
241 275
222 265
20 275
66 273
20 39
79 206
250 499
306 423
50 418
128 416
299 460
110 376
4 202
136 432
39 356
156 237
79 476
427 469
44 477
14 68
108 480
4 33
110 120
182 432
