10.192054
46140
32
41552
132742
68 130
17 86
20 28
100 117
66 70
4 23
29 157
33 43
33 84
33 139
33 106
33 90
69 153
69 146
18 76
58 69
18 109
18 129
85 100
85 128
85 139
69 73
55 140
55 56
55 109
55 112
55 136
87 94
61 115
88 115
36 115
73 115
48 121
7 58
7 120
7 79
7 31
39 106
13 34
34 79
34 123
118 132
40 124
80 93
124 134
124 142
9 93
31 127
7 81
72 134
16 117
71 72
16 65
53 72
12 105
30 131
3 52
3 60
3 128
3 154
131 141
21 131
12 71
12 48
8 12
112 113
34 118
32 98
51 147
6 33
4 18
81 113
2 82
82 137
46 47
54 67
38 54
1 67
1 70
1 78
1 129
5 11
5 52
18 47
77 152
41 44
15 152
17 41
103 152
28 41
89 97
53 97
116 157
11 116
83 125
99 125
42 50
6 27
25 107
19 25
108 160
24 57
57 133
57 64
66 116
42 59
85 158
140 143
143 150
89 143
86 92
60 91
76 148
75 92
10 130
19 114
10 111
49 88
145 151
26 159
26 147
26 138
104 149
102 145
35 122
35 156
37 104
98 148
49 62
94 114
92 126
20 148
45 49
91 144
91 101
29 59
46 87
96 119
14 96
85 110
14 110
63 119
93 158
22 50
22 74
74 131
51 55
124 135
63 82
15 155
99 155
63 152
95 121
57 127
12 160
135 145
32 104
35 97
10 95
