4.273795
5420
17
498
261442
117 132
66 137
111 115
62 134
9 91
36 44
21 28
45 63
1 10
12 53
40 61
95 124
16 75
10 75
35 76
35 77
48 106
23 85
13 114
103 136
41 128
5 61
5 73
5 124
33 128
20 76
74 75
51 64
14 51
49 95
58 72
66 67
34 90
30 90
26 137
26 111
26 52
42 107
25 65
25 103
42 64
42 44
31 42
48 102
4 35
46 94
35 49
5 36
83 131
97 115
92 97
97 132
97 106
81 117
79 81
20 93
5 78
71 133
21 27
19 27
15 27
14 110
40 104
92 113
96 113
62 98
24 98
12 129
108 116
108 135
45 128
2 114
67 74
104 129
13 109
6 89
78 99
26 89
42 89
7 25
128 130
26 100
4 25
102 131
30 55
59 72
59 73
59 119
71 89
11 70
22 70
34 130
38 122
11 38
17 120
80 138
80 135
53 80
56 63
56 116
56 134
18 133
18 32
69 88
43 88
3 39
3 69
52 88
3 123
54 123
54 118
2 6
82 127
39 82
16 70
68 85
9 68
37 112
37 126
46 58
7 60
23 136
28 60
75 140
101 122
101 126
50 121
50 87
50 57
17 94
86 139
86 91
83 84
8 84
105 107
29 105
47 125
47 55
50 140
