5.464626
175725
16
232265
398188
2 94
2 49
2 10
2 45
98 100
46 71
9 23
16 95
39 95
63 95
52 92
33 55
13 61
62 99
62 75
14 62
6 37
32 87
32 34
39 83
15 27
42 50
44 69
44 47
17 42
24 43
22 44
24 100
31 42
24 57
28 67
50 67
3 67
19 51
41 51
26 51
26 48
91 94
55 97
7 91
58 97
72 97
68 91
36 91
36 97
40 65
40 64
85 96
60 96
9 73
56 89
88 89
5 31
5 34
4 95
30 82
4 59
18 92
38 71
18 75
38 74
18 43
38 78
8 30
8 93
1 70
1 66
1 77
11 88
11 47
15 80
72 80
54 56
6 79
21 79
35 90
61 90
12 86
2 59
2 62
25 83
53 95
73 86
53 81
23 67
23 29
23 97
12 44
20 29
51 81
13 62
20 76
37 42
52 96
84 95
25 82
27 40
46 54
1 84
