56.241463
1
130
36864
47902
194 309
180 476
330 458
28 273
317 411
32 268
279 442
251 451
77 265
55 82
60 136
72 238
66 216
158 492
209 499
53 139
71 277
150 277
277 404
277 360
277 359
146 165
117 276
117 390
117 444
25 117
165 210
165 293
165 166
151 364
45 349
29 87
31 160
44 444
95 180
95 225
325 342
144 342
182 403
95 414
44 294
44 347
44 420
342 458
17 331
17 249
17 174
17 67
166 342
350 469
208 350
389 433
362 389
194 350
350 353
353 389
334 456
283 334
106 334
226 352
27 61
288 327
249 352
129 260
173 182
173 426
409 475
184 409
260 279
224 260
263 327
110 425
101 418
90 306
28 110
260 384
110 411
61 264
199 327
78 110
16 352
233 306
20 327
33 101
244 306
306 466
173 496
101 236
61 295
85 409
351 478
68 324
333 408
333 468
192 333
145 456
7 487
226 291
49 234
241 487
151 488
219 453
219 416
219 303
163 375
60 176
75 164
159 163
163 262
202 487
72 346
15 445
243 435
30 346
323 477
94 488
120 323
143 176
164 472
299 488
291 449
291 392
281 323
391 445
121 445
164 210
176 371
243 247
424 445
243 461
163 393
248 291
49 360
49 102
49 152
132 137
81 487
176 386
337 346
99 184
100 256
181 186
88 436
76 130
79 88
88 245
100 451
105 130
181 268
100 270
181 288
201 405
126 422
464 494
3 111
130 310
122 422
11 235
11 292
11 375
335 494
22 216
22 272
22 400
322 348
141 201
32 308
51 348
157 494
111 136
271 308
111 167
150 422
50 253
66 308
253 280
253 384
265 348
201 351
133 480
127 471
161 437
128 220
161 168
2 93
125 367
155 215
153 483
133 239
133 457
135 483
138 344
140 215
148 441
148 443
148 491
355 397
298 427
302 312
302 421
302 459
311 479
313 343
314 473
316 354
318 332
320 462
329 354
343 493
355 394
297 489
356 428
357 387
365 467
401 489
402 462
410 462
427 476
438 489
447 470
448 463
467 474
467 484
213 387
171 207
175 286
175 341
175 369
185 332
188 427
190 314
193 242
193 380
193 423
203 355
207 382
207 432
169 314
214 300
214 377
215 345
217 250
220 363
222 332
223 463
227 246
227 259
227 482
240 387
289 463
55 471
34 428
37 161
38 358
114 479
38 439
40 97
40 257
40 339
41 250
112 138
109 343
107 417
107 381
47 470
125 154
56 250
57 285
57 321
57 481
59 354
62 220
98 428
69 191
69 379
92 230
92 170
80 107
83 471
84 479
124 282
5 69
9 470
4 38
12 149
2 267
2 228
12 485
124 261
12 495
124 465
13 43
13 206
18 483
13 307
26 172
21 214
26 407
23 92
125 319
24 138
26 158
317 450
19 450
251 385
197 385
372 385
195 229
195 330
73 231
205 499
205 500
1 35
89 205
74 415
212 255
252 266
35 68
304 305
35 424
266 497
42 156
45 52
258 399
255 452
6 373
373 434
48 178
52 398
52 419
231 241
373 466
399 406
415 440
160 178
132 195
108 231
156 177
178 309
115 304
131 156
102 255
58 65
58 139
103 455
371 455
455 486
179 218
82 179
189 287
29 91
395 442
412 413
200 431
86 189
8 395
198 273
198 221
198 209
183 413
106 340
25 413
91 278
162 340
123 431
238 431
104 395
77 189
78 91
340 429
53 165
202 388
101 290
53 478
70 245
70 485
14 105
14 419
290 333
149 368
335 368
211 244
131 211
277 346
53 445
219 290
328 350
117 370
44 118
306 328
110 364
118 336
290 490
87 409
31 61
260 403
352 389
117 164
147 328
53 427
193 290
290 471
38 53
220 290
364 454
147 403
31 204
204 342
31 269
277 498
95 323
99 349
130 328
31 187
196 219
254 389
96 352
61 145
101 145
173 243
138 328
88 403
315 346
370 446
165 378
376 446
332 403
53 388
118 385
113 334
315 490
232 488
254 396
10 488
147 237
31 296
366 478
145 348
176 383
232 308
119 196
274 409
2 324
10 11
327 460
326 454
116 396
96 338
301 376
383 483
133 383
46 145
338 383
49 430
64 243
142 164
63 487
187 304
366 489
161 366
215 275
227 366
148 275
40 275
113 175
107 326
39 253
181 284
374 422
54 494
22 134
36 237
116 361
119 275
302 460
124 498
374 387
462 498
39 355
64 354
207 361
64 69
214 284
250 430
284 467
39 125
296 428
296 463
142 343
142 470
36 92
26 36
314 361
54 479
57 134
13 63
378 399
266 274
374 415
