32.156420
18528
95
76381
83137
26 463
309 485
85 423
284 487
283 343
271 379
131 488
22 433
253 276
252 257
64 223
235 291
234 275
225 354
125 464
207 231
198 302
98 420
184 378
183 435
173 492
46 382
171 460
113 439
159 400
123 313
53 334
74 278
295 393
265 477
88 409
315 333
48 373
163 244
84 355
89 450
105 122
330 401
139 494
139 390
33 139
204 312
7 318
152 329
339 392
60 391
145 448
145 283
139 209
193 449
50 432
430 472
119 127
127 190
220 324
319 445
196 445
387 445
395 445
86 498
210 418
195 201
82 115
163 431
318 431
39 146
414 431
70 75
19 319
19 225
19 384
275 412
79 412
75 294
235 412
4 395
323 341
341 424
278 341
4 57
4 261
247 325
304 325
30 96
30 117
30 358
49 341
280 396
3 179
230 427
338 427
322 459
126 213
213 286
322 378
114 322
213 285
399 427
427 439
307 322
175 213
128 322
241 361
142 489
90 142
142 359
97 121
139 203
100 159
31 386
386 491
229 386
100 236
316 386
100 339
100 333
182 386
59 170
73 254
121 380
73 477
147 380
73 495
380 418
308 380
29 73
88 449
210 371
145 364
98 499
92 120
63 106
106 133
106 175
113 476
120 373
120 484
480 499
144 476
467 499
344 476
142 422
243 294
145 416
152 169
39 150
229 264
153 208
292 473
76 266
292 314
291 438
266 348
224 413
224 327
324 415
332 438
77 212
212 349
375 438
74 438
390 415
401 481
453 454
481 491
172 276
143 266
149 415
115 292
160 224
107 453
164 453
172 223
172 258
172 272
224 255
185 428
185 479
187 358
187 458
187 496
212 331
94 336
94 306
94 259
55 130
38 453
44 116
44 419
44 465
14 55
55 131
55 237
6 481
18 187
20 185
101 427
248 407
38 248
290 410
152 241
206 487
50 206
112 421
112 444
112 250
450 466
354 466
129 466
152 446
19 270
100 265
105 145
99 357
158 198
158 171
68 287
12 68
10 218
10 313
68 271
10 297
54 384
7 139
30 315
52 472
366 409
157 366
145 330
40 75
240 320
155 240
118 402
4 416
140 353
23 140
69 281
78 351
234 281
207 281
231 351
36 140
11 351
75 84
35 186
35 370
103 292
268 423
268 374
16 430
16 300
228 399
102 228
99 303
303 355
31 350
280 388
352 388
426 441
218 326
197 455
24 180
245 267
23 326
41 406
178 381
193 437
277 497
252 437
64 326
24 258
122 277
346 406
190 381
90 267
173 397
53 397
197 274
382 426
24 345
379 397
267 342
123 406
299 437
52 325
208 446
91 364
368 432
97 361
191 192
174 392
28 386
103 200
110 325
145 402
54 209
150 481
101 138
48 73
22 490
320 490
393 466
394 431
199 262
199 407
129 199
89 142
75 368
325 330
203 249
227 244
40 227
30 368
357 371
156 380
152 337
87 260
91 282
28 499
326 422
201 219
58 464
8 219
58 289
58 255
66 219
204 412
65 417
224 270
263 433
262 263
152 457
212 364
55 364
185 364
39 87
148 471
222 452
21 217
222 335
217 435
217 365
161 288
362 471
154 434
154 404
226 288
134 154
135 211
246 471
135 436
135 470
56 288
194 222
13 279
13 305
13 443
118 213
169 476
251 301
93 500
95 256
46 301
260 449
39 60
119 216
108 216
216 420
102 377
33 109
109 468
360 478
478 488
251 310
107 310
205 295
205 239
32 387
32 309
32 184
65 100
189 317
72 461
181 460
317 369
1 162
468 493
442 475
400 451
385 447
367 447
9 181
323 405
321 429
27 273
308 447
15 269
307 317
298 451
273 486
273 290
269 389
232 483
232 328
43 61
86 269
47 429
141 482
37 45
83 463
83 296
83 221
37 136
37 375
85 451
167 391
167 238
80 474
80 293
80 179
76 482
67 405
162 242
162 257
132 167
181 334
111 493
126 232
124 482
176 405
71 493
62 475
72 202
61 372
72 168
81 398
316 398
146 215
215 462
191 248
281 364
34 170
34 408
311 347
6 347
25 449
137 284
236 403
104 403
137 456
42 363
42 253
51 441
51 168
125 214
214 302
188 312
26 214
2 188
110 200
82 340
425 449
5 185
3 142
195 425
4 356
192 233
266 337
44 127
233 440
415 498
174 197
112 220
166 396
93 394
282 429
94 356
25 177
151 427
59 466
410 425
35 243
166 366
17 412
39 469
165 417
440 475
376 425
138 383
151 288
177 411
154 350
13 17
469 471
222 411
217 376
135 383
95 377
61 310
