4.158346
184260
13
90045
200368
133 138
16 21
67 72
34 44
78 108
86 92
95 96
22 91
8 134
62 73
38 123
9 75
60 105
5 35
77 85
51 119
28 119
49 119
116 129
41 125
14 46
24 98
3 132
42 84
101 120
70 94
58 130
8 119
26 128
47 82
48 82
31 82
80 82
11 24
111 140
87 127
127 131
30 110
39 50
37 39
10 32
54 112
54 79
28 54
109 135
135 136
10 135
54 111
7 132
7 98
82 134
6 59
6 44
17 55
85 119
77 116
11 39
1 93
76 93
93 138
96 135
101 104
29 135
39 62
42 115
100 136
80 100
17 119
13 114
13 33
73 140
3 97
94 97
30 93
90 115
41 123
37 81
81 120
9 90
126 139
19 71
18 19
27 99
53 99
89 107
32 84
70 126
63 81
18 74
50 74
74 87
61 103
27 61
34 106
89 106
63 107
36 122
15 58
15 56
15 122
15 67
36 53
52 110
25 75
82 124
57 133
49 57
25 35
12 23
12 40
12 20
52 130
91 93
45 125
14 45
31 45
114 121
121 139
46 60
33 69
4 69
78 113
72 137
20 137
55 83
65 86
65 118
23 65
64 117
2 64
22 64
83 128
16 88
26 88
43 68
66 102
92 102
5 113
43 124
