40.519824
10605
111
15294
86290
61 361
294 300
125 132
17 500
283 358
57 471
308 320
33 323
156 335
267 422
316 420
209 436
202 226
79 265
2 183
306 339
178 394
48 259
250 406
242 421
129 421
219 261
330 456
14 86
95 375
22 460
364 460
175 492
281 492
413 492
64 162
64 410
378 449
241 367
111 237
26 90
24 321
137 398
339 398
96 156
325 487
321 336
96 174
96 263
71 96
111 258
90 292
14 325
15 325
90 401
40 398
90 151
231 321
111 320
5 123
233 277
118 191
135 444
362 375
214 243
164 287
270 287
214 447
287 294
214 215
287 381
89 445
89 251
89 431
89 177
89 131
434 477
470 477
390 477
319 477
380 385
76 312
29 60
61 303
218 303
303 394
255 303
56 87
458 474
8 465
271 466
182 458
367 466
133 371
8 239
201 466
6 264
6 127
371 490
372 378
17 458
284 372
372 463
322 371
88 99
254 482
65 126
142 205
11 36
5 9
4 9
9 279
9 283
9 322
128 383
128 382
234 262
81 451
268 451
65 399
51 274
51 313
80 354
51 314
297 443
63 399
234 340
218 418
209 399
55 66
55 188
55 422
211 418
443 445
172 443
329 354
342 418
350 464
119 443
399 420
150 418
140 317
354 440
135 234
451 468
3 472
3 161
3 149
3 12
140 253
140 144
48 55
298 350
286 451
39 318
244 429
166 453
271 295
179 295
222 295
153 337
46 230
93 337
71 230
152 163
230 300
230 435
105 337
102 337
163 476
163 328
163 260
21 52
98 346
98 137
273 341
100 341
79 450
101 169
136 450
169 173
278 342
75 459
53 278
246 315
278 308
249 459
78 459
73 428
428 471
50 459
228 278
121 315
376 428
208 428
157 315
172 293
213 233
213 426
139 290
192 483
161 332
483 498
453 483
299 456
299 442
299 389
225 332
281 290
26 195
195 454
454 488
335 488
124 190
64 421
202 217
162 187
187 480
11 187
217 355
217 338
205 236
236 254
296 435
196 296
311 369
54 384
119 384
306 369
253 373
58 105
58 103
251 310
99 310
235 393
289 449
33 223
164 223
188 223
148 467
82 185
167 189
167 386
331 333
147 467
31 352
13 433
425 481
7 167
409 433
405 448
115 256
115 430
115 499
351 405
352 446
405 419
154 493
155 170
155 291
403 493
387 467
158 481
275 417
206 493
67 491
67 408
240 481
203 417
62 94
59 67
199 333
224 352
72 82
94 216
94 282
276 402
276 475
280 433
77 106
302 417
107 155
82 462
77 360
77 145
104 276
97 333
43 248
43 269
43 478
416 432
212 429
427 494
146 357
207 267
220 238
485 496
484 486
484 497
207 265
427 437
349 424
178 374
316 363
181 424
171 412
171 266
171 260
168 229
168 221
406 479
272 374
361 427
363 397
197 485
363 500
160 183
364 479
204 207
81 160
45 416
52 212
56 416
60 84
63 238
68 219
68 385
68 441
69 159
69 194
74 396
41 377
84 323
91 134
108 109
109 279
110 479
112 124
112 210
112 391
113 305
113 392
30 388
1 193
1 411
2 109
20 113
22 69
27 396
28 232
28 324
28 347
30 57
138 334
30 395
34 84
35 374
37 357
38 130
38 344
38 353
39 160
41 184
41 358
138 150
132 238
120 345
118 134
120 436
138 414
120 407
117 212
131 396
134 366
227 249
227 347
372 421
16 353
16 136
404 434
50 404
404 455
125 176
346 473
73 92
292 473
83 92
176 400
176 226
92 312
393 460
214 492
85 287
261 371
289 362
64 165
76 86
90 325
257 460
415 421
250 290
96 123
325 489
166 421
309 325
86 304
365 371
114 365
241 477
304 460
23 257
111 343
186 191
230 469
64 245
36 492
18 88
214 343
8 348
289 370
47 449
116 469
198 449
85 443
293 330
245 321
165 438
95 327
289 350
234 289
321 458
8 398
186 380
8 277
295 492
44 186
10 200
141 191
21 492
86 495
309 356
285 301
187 200
180 326
18 19
186 247
23 326
66 122
20 122
359 457
343 354
140 343
42 126
315 398
303 482
301 315
64 190
191 452
6 244
32 163
128 356
51 350
32 307
86 333
86 481
141 307
332 438
47 169
423 444
90 368
49 449
180 484
142 439
70 399
3 288
19 341
67 309
309 493
87 423
51 252
143 477
252 337
458 461
42 168
1 44
198 417
155 198
142 357
25 116
94 327
167 495
82 439
70 467
276 288
10 379
405 461
43 368
25 352
373 424
49 433
143 485
77 379
115 379
359 452
