2.927493
53026
9
9314
165984
75 81
72 87
31 93
77 82
29 73
24 44
20 57
46 48
84 118
9 54
7 43
3 77
96 108
39 71
56 114
26 60
53 63
38 45
18 41
10 92
93 97
35 97
97 107
74 80
18 103
61 103
6 108
79 103
51 106
19 100
73 101
11 101
11 49
32 103
36 98
83 103
8 106
82 103
19 76
21 49
79 101
6 24
7 113
30 83
39 78
16 44
12 21
53 101
57 103
2 69
25 70
15 70
19 20
12 102
27 32
88 115
16 102
3 71
59 65
4 92
4 114
43 120
26 63
74 116
60 119
51 119
23 67
54 67
19 118
29 115
38 97
9 97
96 120
45 78
8 47
2 55
41 95
19 46
5 36
15 110
35 110
10 47
14 40
40 86
95 112
34 105
28 99
34 69
28 33
28 72
34 85
34 98
58 80
58 62
113 116
75 117
48 117
28 76
5 27
64 90
37 99
17 37
64 84
22 89
22 68
97 109
42 104
42 52
5 40
13 87
13 50
91 94
59 91
88 111
1 111
66 104
66 86
65 109
22 112
