60.844547
1
128
17602
80813
440 441
66 207
94 285
371 424
99 178
9 325
105 398
106 406
137 437
297 381
250 258
411 443
302 383
69 302
15 222
216 222
222 422
222 427
92 302
112 302
302 401
369 439
258 350
47 406
47 366
47 354
213 363
213 343
65 350
268 418
47 259
73 86
75 418
382 418
157 350
86 185
86 444
88 213
99 418
123 249
80 85
120 144
118 144
249 322
246 360
241 323
1 100
144 400
100 135
97 100
57 323
170 360
175 269
206 249
82 249
175 337
80 352
80 185
80 126
178 360
175 394
360 363
284 323
15 144
13 48
304 431
21 100
20 411
376 381
39 165
41 314
20 424
109 233
10 200
159 397
233 304
158 233
297 397
221 403
332 376
314 409
167 397
165 179
103 104
314 322
403 427
200 295
369 376
265 403
69 165
344 356
33 261
20 197
113 344
261 285
135 344
200 366
261 282
253 421
106 421
263 448
382 448
404 448
67 325
87 441
199 341
67 324
67 209
64 87
193 341
87 89
341 442
212 306
131 212
358 417
164 173
66 192
250 358
358 437
137 230
70 192
35 36
35 94
92 164
373 398
212 440
16 373
14 35
107 425
9 107
219 230
373 428
192 339
107 180
230 447
164 237
136 190
171 188
169 355
168 247
171 224
359 370
147 433
278 313
127 346
128 429
129 415
130 318
134 419
395 402
391 426
384 392
141 227
145 291
146 374
163 166
379 423
377 419
149 379
153 300
154 415
156 379
161 264
161 310
161 340
162 238
162 410
247 292
228 426
229 232
229 338
229 430
308 436
303 370
231 384
234 267
234 316
235 390
239 243
239 412
240 289
291 446
289 364
227 330
247 312
248 318
281 335
252 318
256 335
257 415
280 426
266 390
279 300
272 429
273 319
273 353
273 450
275 368
327 402
349 408
345 436
342 429
334 362
183 419
186 326
186 386
189 211
190 336
190 375
191 436
331 349
194 390
329 355
171 255
202 207
202 321
202 416
320 355
208 362
211 290
211 351
215 289
218 414
220 305
220 365
317 346
220 435
227 274
44 146
55 111
54 79
53 313
50 370
49 434
49 124
49 119
46 147
59 174
42 413
42 378
42 68
40 234
38 74
37 117
34 445
34 254
71 138
79 372
79 142
78 291
77 346
76 402
74 195
74 184
71 262
34 214
63 414
62 286
62 182
62 121
61 239
59 299
59 203
12 152
18 125
18 51
18 28
17 348
17 242
17 81
12 296
12 187
22 311
11 335
8 384
7 162
6 368
3 71
2 388
2 236
2 176
30 140
32 298
32 201
32 91
31 367
31 177
31 132
30 443
30 251
52 186
27 313
25 438
25 56
25 45
23 146
22 387
22 315
111 225
117 151
117 223
84 300
105 147
116 166
96 414
98 166
108 349
115 368
111 333
93 362
19 139
43 276
328 361
139 371
361 405
139 357
48 361
5 181
5 114
4 43
72 138
199 347
307 396
102 396
222 323
86 260
83 302
13 244
260 360
222 389
47 103
29 439
83 86
213 432
29 260
60 350
30 439
419 439
80 420
389 418
210 244
111 260
172 244
227 260
244 294
110 144
20 271
103 301
301 397
175 288
213 309
72 350
83 449
110 261
60 344
393 431
244 347
368 431
370 431
22 431
13 42
13 171
13 436
270 323
249 287
26 100
148 165
314 407
403 407
205 277
164 277
230 399
133 373
58 107
58 150
150 399
101 432
385 420
175 309
90 245
60 90
204 271
133 204
301 393
212 245
226 233
29 293
162 277
335 432
349 420
12 420
62 271
133 384
277 300
133 318
18 58
83 291
34 271
186 399
399 415
2 432
58 429
110 150
202 301
67 155
155 341
24 449
160 192
32 245
43 245
29 198
161 283
147 283
31 283
122 283
60 426
110 289
143 217
210 217
148 247
117 288
74 407
79 160
160 229
358 380
95 385
226 234
166 294
95 355
172 239
172 190
59 95
95 273
196 346
146 196
25 198
294 313
294 362
196 390
49 172
198 402
198 379
220 270
26 414
17 380
211 287
122 196
5 380
103 396
