23.698480
1
52
38
166044
44 172
147 199
66 73
108 177
126 185
5 186
191 192
39 191
49 191
122 191
130 191
20 54
54 100
127 134
54 158
85 127
54 186
57 127
5 45
45 74
45 90
6 189
6 99
6 12
111 142
24 51
33 82
37 62
62 194
42 96
123 193
42 105
42 153
154 164
78 164
142 195
51 83
51 117
53 62
82 182
80 82
62 72
22 164
13 82
20 142
16 42
27 200
55 138
56 139
15 49
156 172
15 116
18 28
75 143
75 177
80 107
7 75
156 161
43 139
107 140
32 138
113 200
114 139
4 15
28 133
44 138
2 107
16 156
40 131
72 131
70 131
61 114
38 99
60 93
23 173
93 126
93 175
123 173
155 173
47 130
47 89
47 58
21 79
21 199
21 180
84 185
19 84
66 141
1 10
101 196
101 171
98 128
94 110
92 115
92 108
88 157
87 135
103 136
8 52
71 188
71 112
69 103
68 71
67 179
92 170
128 149
151 179
148 178
137 157
135 163
135 144
129 168
129 146
128 160
1 124
29 183
26 157
31 148
110 152
25 110
159 183
106 179
52 187
63 101
1 9
59 129
14 183
41 103
52 125
50 167
50 150
65 91
65 109
50 81
48 148
65 174
132 190
132 184
46 176
121 147
30 46
104 121
97 132
34 121
17 56
118 191
162 194
162 190
36 191
127 164
102 118
28 118
6 45
11 82
142 193
54 145
45 169
127 145
84 118
118 157
3 107
6 119
169 181
11 61
35 77
138 169
76 77
11 47
76 193
164 198
3 173
75 166
42 165
11 92
51 120
11 64
50 193
129 193
62 197
17 51
1 169
102 141
181 197
36 200
101 166
128 166
52 145
119 121
35 86
110 198
38 46
65 165
120 183
95 103
71 197
95 135
95 148
179 197
86 95
