30.023668
26347
71
13667
149087
129 240
31 106
140 233
36 46
27 82
4 95
26 237
150 182
65 274
23 253
100 167
85 176
63 236
35 203
289 298
75 273
75 160
30 75
19 75
112 149
236 271
42 271
240 280
280 281
56 280
280 299
33 264
96 290
248 300
126 300
45 290
20 228
24 228
121 290
146 228
48 300
269 284
114 228
14 24
65 170
23 195
170 220
195 225
149 238
252 272
272 297
67 131
138 262
138 243
138 218
125 272
131 294
238 258
39 238
56 131
63 238
229 272
86 94
94 174
94 295
40 94
235 278
167 278
16 208
16 187
52 278
155 210
84 180
166 181
146 181
181 227
17 100
31 64
122 203
61 226
64 111
71 135
58 158
54 171
122 139
64 194
66 171
108 122
64 248
171 200
192 226
2 171
20 226
150 158
158 197
226 265
27 135
129 135
68 197
51 215
163 275
73 143
18 254
18 97
162 190
190 266
178 250
81 182
81 106
184 275
74 81
79 223
188 231
13 211
79 198
79 98
13 199
13 82
18 274
143 164
143 253
66 190
259 291
7 40
7 59
113 259
250 264
7 288
107 285
107 237
104 107
233 275
224 231
216 250
95 259
93 183
72 156
70 279
70 78
70 77
91 156
153 206
132 157
132 201
132 292
124 296
1 62
144 186
119 286
119 245
119 191
185 202
153 215
103 144
156 214
161 202
99 282
99 193
99 127
168 268
43 115
8 153
25 283
25 232
50 239
50 136
25 41
49 124
37 140
43 165
50 109
21 202
43 53
37 147
10 124
37 261
32 179
22 247
32 177
32 89
1 87
22 117
29 80
60 257
60 230
60 204
55 144
1 241
34 168
3 22
6 168
29 85
29 92
26 212
154 207
154 289
38 251
137 212
38 269
38 270
5 212
120 154
155 219
130 219
242 255
125 242
219 222
145 176
105 256
105 276
44 242
145 209
30 105
90 145
260 287
46 287
39 101
101 244
83 134
83 93
9 88
9 84
4 9
116 196
36 196
152 196
213 223
35 300
35 210
148 258
148 152
221 249
47 221
33 271
14 271
122 298
151 298
128 298
33 195
35 246
110 280
159 300
135 141
35 183
141 151
138 284
131 290
272 284
94 284
17 112
16 280
32 35
1 35
110 195
75 172
25 298
144 298
28 228
172 271
169 205
135 169
170 173
158 170
267 284
12 64
180 181
68 138
69 75
118 159
28 234
76 234
33 70
102 238
175 267
205 277
12 107
290 293
57 158
123 226
29 175
13 263
15 16
153 173
76 217
37 263
123 231
189 277
142 171
57 99
102 132
22 123
43 102
57 124
51 213
118 133
156 293
79 142
11 190
50 69
119 189
15 202
11 168
60 133
189 221
