54.358200
1
116
5652
122286
87 289
120 304
45 297
215 369
46 347
166 355
300 394
126 243
5 302
222 392
112 222
222 250
202 270
96 202
39 202
98 211
18 269
211 233
18 138
18 55
160 334
271 272
271 359
272 334
33 319
149 319
176 271
174 334
234 364
11 364
2 364
9 271
211 273
294 334
142 211
300 319
314 392
213 362
172 236
200 315
200 242
200 209
252 399
172 182
109 375
110 252
161 375
161 172
53 200
70 284
353 362
341 362
322 345
320 345
71 230
73 230
74 230
82 129
284 368
284 320
281 375
275 284
130 172
252 366
54 230
250 375
151 177
89 345
41 218
41 329
40 57
139 177
383 393
120 358
98 285
91 391
50 145
53 391
57 121
57 394
86 167
82 167
80 388
80 355
80 157
66 301
7 302
165 285
167 257
199 358
19 393
16 139
13 391
281 358
286 376
37 94
7 194
7 60
297 393
5 41
301 307
301 369
376 378
164 347
164 398
164 235
139 197
163 285
37 74
145 304
145 308
31 87
32 37
31 155
31 128
1 51
150 205
124 205
113 243
113 210
113 196
260 386
247 331
219 260
215 331
189 331
166 205
1 28
1 359
45 260
193 203
169 335
170 255
170 262
170 274
171 370
179 310
179 332
180 188
181 220
188 253
191 389
168 221
195 367
198 282
24 325
24 264
201 208
201 261
203 204
207 231
22 338
22 187
153 337
135 203
137 212
38 43
141 154
36 220
143 335
144 220
35 282
146 216
148 156
148 223
168 293
158 291
159 191
30 309
162 354
30 97
30 56
29 291
27 400
27 321
27 239
216 283
6 371
266 363
268 357
280 348
12 147
12 122
12 15
10 201
8 24
288 395
291 384
295 367
17 256
299 367
303 354
3 379
3 224
337 352
339 381
3 95
342 370
351 382
373 382
395 396
231 323
62 265
21 43
225 227
226 267
226 374
227 298
228 238
229 244
229 313
229 377
231 306
22 125
237 238
238 330
240 280
241 337
245 333
245 372
246 339
248 371
251 268
254 354
259 335
105 282
92 280
49 277
49 90
99 188
100 108
133 179
100 380
102 370
104 106
104 318
104 344
49 387
107 245
48 168
47 324
111 226
46 75
44 361
44 343
114 382
115 134
115 365
76 266
62 101
62 311
63 324
64 93
64 249
64 356
65 148
67 154
69 75
72 256
75 79
100 289
77 212
78 115
59 216
81 227
83 324
84 212
85 103
85 232
85 312
52 191
116 154
44 263
123 266
43 152
119 287
131 256
119 276
119 190
42 371
126 339
127 268
118 395
132 397
132 258
132 186
194 327
18 178
178 349
202 328
328 364
58 319
58 364
34 319
314 362
117 178
178 201
178 266
178 339
271 385
252 345
129 349
34 284
18 326
211 360
192 252
175 290
202 292
222 278
230 326
113 175
58 301
200 296
151 360
296 345
4 172
305 334
331 349
206 375
192 393
184 316
23 129
154 175
88 328
100 328
119 175
25 328
80 184
41 360
164 183
217 358
175 327
292 362
58 346
206 316
260 385
136 185
129 173
58 382
34 212
34 203
291 349
20 151
214 285
214 376
192 390
7 279
23 185
316 317
192 337
26 385
280 385
316 336
324 326
4 140
350 391
115 183
4 12
4 238
27 184
179 183
85 184
30 217
104 296
31 340
217 335
88 183
226 360
206 268
49 206
191 279
256 278
14 346
68 390
64 305
14 43
20 231
62 68
14 148
340 367
173 395
173 370
20 170
14 216
173 227
25 282
3 336
20 371
68 132
24 25
44 336
68 168
229 340
61 140
61 188
22 25
61 354
220 336
61 245
