48.785434
41552
123
62432
90469
89 118
19 141
24 256
336 402
51 281
63 239
277 309
73 99
76 447
274 280
228 405
221 427
220 322
187 446
170 372
122 278
150 186
141 191
1 56
456 472
328 441
232 328
126 483
207 262
262 310
122 262
13 428
56 388
151 425
15 23
20 388
23 110
353 388
31 388
1 23
13 244
425 456
13 344
13 178
395 425
12 247
360 408
275 476
408 472
202 373
89 408
155 202
177 275
274 275
169 290
275 401
85 202
243 398
331 398
398 427
398 407
151 391
227 316
230 350
290 351
156 159
308 489
156 344
464 489
108 156
79 418
79 235
351 379
118 351
113 289
113 366
449 489
241 299
170 470
233 470
185 470
102 142
44 433
71 446
226 288
44 449
92 445
92 473
71 380
5 105
51 161
6 103
54 239
54 286
54 338
288 431
55 288
71 495
57 136
288 353
80 136
6 342
6 279
77 182
158 161
105 494
137 386
114 129
44 263
114 341
114 386
161 467
161 315
159 192
114 277
17 422
17 395
17 304
17 178
153 434
133 434
137 155
137 302
39 97
100 136
143 434
39 335
39 270
182 482
105 380
179 182
36 92
137 432
105 372
167 210
278 285
260 285
285 287
78 166
37 78
29 444
411 481
325 390
220 411
68 411
78 109
183 457
311 325
78 450
29 439
29 414
29 148
82 325
38 360
59 237
209 337
364 371
240 283
88 196
196 323
73 196
43 283
283 350
31 283
426 476
129 195
123 345
217 248
339 355
9 50
374 483
123 228
281 374
9 121
276 416
147 250
416 485
147 221
147 186
273 374
9 486
201 467
201 494
107 175
175 287
35 493
441 493
443 493
30 384
209 384
384 496
45 238
120 361
127 488
19 157
160 234
2 181
124 465
261 333
61 160
160 460
21 49
2 162
168 419
21 116
168 224
21 329
119 413
376 459
165 487
115 218
368 409
362 497
60 174
361 479
357 453
26 361
396 465
72 168
140 157
459 498
145 305
74 397
138 383
138 295
271 497
424 466
69 442
69 303
2 22
64 300
14 216
16 300
132 468
152 216
18 27
381 397
130 468
65 488
18 294
157 423
18 378
28 69
223 465
330 365
206 368
208 253
96 382
216 430
284 453
218 490
219 487
3 138
319 382
318 458
317 466
4 488
171 382
225 333
47 246
47 254
47 298
229 318
48 119
7 368
306 497
305 363
300 461
297 487
296 459
292 365
40 333
257 354
352 397
33 119
34 466
272 305
84 218
349 453
348 365
174 451
257 314
42 245
42 399
42 435
199 253
174 264
200 468
253 393
257 455
282 318
172 269
167 266
76 266
134 146
164 392
164 187
45 438
251 438
205 438
477 500
258 500
310 359
158 359
248 500
75 359
367 371
215 256
215 227
211 417
43 189
336 400
41 400
339 484
204 387
99 420
32 420
198 347
198 340
24 104
327 420
194 259
193 400
191 387
189 491
188 189
104 112
180 405
180 214
389 474
104 486
176 389
312 437
67 387
66 231
63 128
62 375
59 389
259 280
259 267
291 324
299 375
83 462
309 421
312 377
215 454
242 307
242 268
232 417
321 415
91 367
222 375
322 415
324 358
93 332
93 492
326 421
144 166
457 462
117 480
469 484
117 154
421 429
402 415
10 452
10 320
107 417
111 331
128 190
439 462
128 346
131 142
111 265
144 369
10 184
447 484
150 180
135 231
134 312
131 463
111 177
131 247
8 367
144 356
12 262
262 275
90 408
23 391
46 398
79 262
90 316
388 410
301 316
13 25
169 385
90 285
136 202
78 90
25 202
425 471
249 328
169 411
46 412
86 325
404 452
335 404
236 262
87 471
94 169
23 403
23 149
86 95
11 71
163 489
92 410
79 203
173 202
230 325
54 385
106 183
6 39
6 192
39 163
182 203
38 113
106 237
102 212
113 125
87 416
351 370
343 410
313 370
70 398
106 394
58 316
313 334
114 337
52 106
236 241
29 197
94 210
328 389
169 365
169 216
408 448
105 252
269 301
293 434
137 293
90 438
196 285
126 242
125 255
212 217
81 255
58 364
106 139
47 410
79 213
333 385
98 197
102 397
42 102
192 453
192 361
163 368
163 318
92 440
81 406
475 489
54 146
71 499
11 324
183 459
168 183
174 183
412 478
157 252
403 466
195 487
160 293
149 257
69 70
53 364
95 117
198 426
52 93
139 218
139 497
18 139
213 488
2 448
138 440
98 436
101 406
468 499
21 478
53 382
231 238
465 475
101 305
101 300
119 436
253 436
