33.754069
20880
103
82511
83870
248 446
37 270
36 357
103 348
317 440
314 456
107 326
370 465
113 393
117 122
247 360
16 412
213 460
210 490
182 279
22 420
69 225
185 332
54 352
51 231
93 477
297 329
87 249
224 307
132 490
132 345
224 442
118 132
103 132
164 308
131 164
353 364
317 383
367 383
383 391
383 458
282 487
160 218
160 346
17 117
102 160
17 123
4 21
40 45
40 81
177 236
76 114
149 196
319 403
79 215
80 426
140 389
125 481
121 459
100 172
198 434
167 215
100 176
100 412
60 481
188 434
275 500
265 426
275 341
399 422
4 399
389 402
275 477
275 493
215 371
371 389
352 434
206 399
349 389
328 459
327 399
455 459
481 494
11 426
397 450
212 382
175 318
106 219
106 240
106 445
422 436
106 449
75 301
75 309
177 436
223 436
75 333
75 380
149 436
75 499
265 299
21 47
293 480
31 293
293 349
248 293
336 416
184 416
118 416
226 269
226 398
138 226
232 421
2 281
327 343
199 343
394 417
27 312
27 313
370 417
367 417
281 360
190 281
21 273
150 224
19 96
25 495
96 168
96 197
96 229
25 28
96 463
25 404
25 87
24 201
6 201
102 365
57 365
147 365
88 500
88 441
88 351
71 466
289 466
217 347
245 274
347 372
19 466
466 474
274 278
129 466
1 274
384 485
13 155
152 257
32 454
64 186
186 372
186 297
234 374
104 486
191 409
213 486
218 246
355 495
374 492
453 454
155 355
314 486
252 409
263 486
323 374
271 355
397 409
391 409
246 300
178 454
36 355
182 246
246 269
77 186
212 280
168 338
26 141
66 471
26 238
185 471
233 443
229 479
22 479
43 479
20 411
215 344
253 469
29 446
29 348
255 386
91 418
37 418
255 285
146 255
181 255
69 418
418 439
163 286
286 468
311 420
41 311
254 383
15 57
176 462
184 192
342 392
148 475
50 68
50 278
50 437
154 179
79 193
179 393
193 499
9 179
189 464
31 464
119 256
171 203
132 224
159 230
249 250
331 343
72 434
417 431
23 100
134 162
162 225
280 340
388 488
375 386
375 378
407 488
258 375
95 488
44 465
44 356
207 426
17 224
164 383
298 459
164 487
14 49
14 357
356 377
377 407
72 447
151 247
135 151
86 151
132 241
224 266
299 329
196 224
21 353
131 288
288 400
128 315
10 283
358 424
53 214
284 310
358 379
415 432
128 174
128 277
406 428
48 243
34 283
130 284
276 428
90 428
268 358
54 214
368 415
243 413
58 214
183 284
243 482
30 283
287 415
431 471
383 473
242 362
291 435
112 219
112 385
362 402
211 245
142 211
124 266
203 399
227 364
227 326
82 227
164 426
93 274
96 254
139 373
139 403
210 361
156 361
244 498
244 457
244 270
160 414
16 52
52 159
164 318
7 456
7 339
47 488
342 344
126 332
126 410
405 494
430 467
173 325
170 451
205 304
165 496
443 467
461 467
476 484
491 497
325 460
260 451
261 427
251 489
251 324
235 350
235 322
290 392
232 476
222 425
222 296
220 305
220 267
325 433
5 237
8 419
334 405
8 390
20 38
195 292
194 405
366 448
187 235
369 496
5 475
376 423
5 395
180 476
109 491
143 279
143 272
78 295
78 122
78 94
136 401
136 333
35 115
105 108
105 262
105 463
33 261
101 290
67 448
111 376
51 85
114 136
115 121
115 127
73 290
74 116
74 142
120 292
28 220
74 263
145 239
83 304
92 262
84 143
92 180
161 376
85 166
38 387
91 304
38 231
145 440
145 320
56 169
56 384
158 496
85 330
56 400
46 474
46 113
46 70
216 257
216 438
65 264
63 175
189 264
63 98
21 363
132 316
337 340
17 144
250 436
414 481
42 473
160 429
73 321
321 369
230 273
62 316
89 275
160 335
331 337
17 119
40 55
450 481
186 483
39 208
18 470
47 244
241 470
89 106
335 434
275 447
266 354
39 486
374 452
133 322
396 483
208 381
459 478
338 452
40 221
144 200
331 375
40 302
55 382
298 396
76 157
23 153
3 21
110 274
203 411
303 478
124 253
61 485
236 359
259 363
12 202
281 318
12 478
233 472
27 447
253 472
294 423
294 404
3 228
27 59
61 137
26 202
17 148
354 454
148 319
209 259
286 436
59 204
99 157
62 291
246 444
110 491
18 448
266 306
42 261
302 358
8 200
228 251
201 408
221 222
152 408
97 274
152 361
137 243
99 428
128 462
192 415
444 451
133 209
15 292
97 283
284 306
