20.154798
45948
52
9737
79810
63 177
22 243
11 205
151 154
66 139
39 121
18 179
9 155
70 123
16 148
36 192
55 142
115 127
115 122
115 121
34 142
95 142
16 175
175 220
33 175
27 175
65 175
164 201
192 235
48 141
133 235
51 235
141 189
60 235
141 180
93 245
114 141
84 187
84 130
72 84
54 245
17 48
68 128
43 128
67 106
99 166
102 246
27 128
166 171
106 182
106 136
22 128
21 238
21 177
21 40
12 166
15 174
15 70
15 155
3 102
2 114
6 124
66 138
135 197
6 131
39 234
6 217
86 186
7 105
49 186
186 244
183 223
183 233
53 135
183 249
14 234
62 135
63 138
169 183
105 160
29 234
132 138
105 242
74 174
75 98
12 23
58 80
56 122
171 176
58 118
5 157
157 229
41 50
188 223
91 243
25 30
204 240
182 218
172 218
228 241
209 228
4 125
11 125
13 228
46 218
125 190
164 218
19 125
24 215
24 236
215 226
210 226
185 226
129 226
10 224
69 200
9 230
71 144
107 144
77 205
77 216
77 231
1 134
112 200
213 230
134 163
154 200
51 134
52 77
117 206
158 225
18 225
207 225
76 179
76 196
76 248
45 88
44 100
199 211
42 57
173 191
31 173
81 199
37 45
38 100
57 167
57 64
126 199
146 173
45 184
26 100
119 249
59 82
36 111
237 250
35 116
109 178
170 178
148 193
94 140
232 237
111 190
168 195
111 151
98 140
110 120
30 195
101 153
101 220
110 208
41 193
61 147
140 238
73 119
119 165
47 193
78 147
116 123
178 216
82 139
82 149
89 116
85 101
143 195
79 156
156 240
21 227
84 142
115 141
227 247
214 227
8 115
125 227
83 227
175 234
84 96
221 235
181 245
6 235
108 145
75 245
142 239
28 102
15 28
84 176
106 166
137 141
159 201
108 138
108 186
150 245
239 245
103 108
102 221
166 194
17 118
108 161
175 219
74 92
8 135
105 194
80 92
186 222
96 202
2 212
21 25
104 135
102 204
157 222
87 234
20 157
97 212
56 152
83 198
20 228
137 188
96 224
222 226
181 206
103 144
97 162
32 142
76 145
128 203
106 113
15 90
110 198
147 247
50 237
152 173
199 203
100 113
45 90
32 57
