5.072610
52806
17
35545
325353
3 6
74 75
65 70
57 101
53 61
24 43
47 52
32 46
69 91
113 116
22 62
63 72
42 67
37 42
4 106
19 59
59 75
59 98
65 114
74 114
77 114
23 42
28 85
3 9
47 111
21 85
83 85
9 43
87 111
71 111
9 71
42 108
59 76
49 114
90 96
37 90
11 57
90 93
11 70
83 90
53 80
27 55
27 98
9 54
108 111
5 72
46 85
52 64
11 54
7 18
78 85
94 111
20 55
25 58
25 94
17 116
59 73
29 62
56 76
21 48
79 99
79 97
85 104
23 79
4 88
10 95
59 88
39 5
1 9
20 63
73 86
17 64
45 117
68 117
36 89
26 101
26 68
14 66
45 66
42 91
95 104
29 86
93 120
67 109
110 112
109 118
2 82
2 84
12 109
44 110
22 100
60 100
41 106
34 41
16 119
30 119
102 119
36 58
2 49
10 119
78 110
61 105
51 105
81 105
33 107
103 115
7 115
38 50
38 92
8 13
8 15
8 97
73 107
1 105
38 69
35 80
31 40
18 120
31 35
