1.895967
84000
7
1225
230082
19 48
5 88
11 51
1 30
30 41
59 87
61 63
55 69
90 91
3 4
70 99
21 65
14 85
14 89
14 91
14 97
40 56
62 67
50 86
56 71
76 98
28 50
18 76
20 98
44 54
57 80
44 60
63 93
33 93
14 39
39 86
14 54
12 30
26 66
24 53
2 24
8 94
16 94
5 44
35 51
34 35
35 67
10 55
10 19
25 60
23 30
29 95
4 95
79 100
20 49
42 52
46 52
80 93
53 100
14 74
42 75
70 75
18 28
48 57
12 62
6 31
44 59
23 90
27 64
31 99
44 69
45 49
6 44
30 32
2 45
30 58
36 65
36 88
17 36
9 43
15 92
15 87
37 58
3 11
44 96
21 43
22 97
22 68
32 40
26 71
77 82
78 83
78 85
13 47
7 17
7 72
81 84
81 83
27 74
44 94
38 73
38 66
37 82
13 96
