11.572415
22739
30
182
219569
30 75
42 46
31 73
9 93
13 69
4 98
66 121
4 59
17 59
54 59
53 116
102 116
103 116
17 37
47 134
42 65
52 122
52 112
65 115
65 70
82 126
47 98
3 126
43 47
39 52
26 45
26 107
26 102
16 26
57 91
57 109
8 57
25 62
34 62
62 122
100 111
119 130
71 117
45 117
77 130
83 130
100 117
117 140
91 136
25 38
11 41
11 108
20 24
1 88
24 46
24 86
95 140
12 84
66 101
101 120
18 133
18 96
19 131
48 123
33 49
40 124
40 80
74 118
40 78
28 123
49 72
49 104
30 74
19 137
2 74
19 114
5 123
7 10
7 29
7 76
61 90
61 73
63 71
44 55
63 94
63 125
55 58
61 106
51 81
50 55
68 113
15 21
21 32
89 97
22 64
13 21
22 105
12 51
79 121
9 51
27 97
31 113
35 79
75 113
69 79
14 44
52 132
99 132
92 133
86 92
56 126
47 56
56 99
39 127
120 127
26 56
126 129
65 85
52 85
116 136
116 135
129 138
128 130
11 129
1 37
59 84
38 60
59 67
36 60
95 128
19 56
74 129
47 110
6 65
117 139
87 138
23 36
14 135
7 139
40 87
110 123
67 97
23 49
6 22
