5.252690
189437
20
1740
237315
24 27
19 113
33 95
108 142
41 107
91 145
68 137
8 67
59 94
12 14
33 65
38 133
102 128
28 30
28 104
28 110
62 96
3 76
24 100
74 120
32 104
65 109
87 119
35 53
124 129
65 94
71 153
31 138
37 88
11 88
18 155
55 85
78 151
61 148
81 105
29 81
125 133
29 40
29 110
3 125
105 145
71 105
13 125
105 149
51 140
54 140
138 155
99 150
57 144
16 138
82 159
36 135
59 135
41 42
65 97
61 65
43 84
28 56
17 65
136 158
28 148
46 89
70 138
35 65
6 117
6 86
6 87
19 122
77 122
65 69
47 97
14 28
73 120
83 91
25 130
83 108
49 130
34 83
18 148
70 134
93 134
92 160
85 92
10 92
48 92
40 132
77 132
4 88
82 105
68 122
29 44
58 124
125 151
2 116
2 95
22 105
5 21
56 58
106 123
67 123
8 42
131 147
69 98
45 102
46 47
20 157
100 129
52 76
28 45
63 64
63 141
118 142
74 118
42 44
117 152
137 152
84 125
23 121
121 128
15 156
9 126
79 90
9 113
60 158
78 159
52 99
20 50
16 63
60 130
4 6
50 90
82 130
114 130
72 114
15 53
90 150
55 98
7 144
22 131
112 139
75 111
80 107
39 80
54 143
101 143
136 143
62 153
1 127
96 127
26 154
57 154
103 115
37 115
48 146
66 146
17 21
7 131
56 75
38 139
