3.446203
241272
11
796
374752
5 43
56 84
83 94
8 24
38 97
38 95
38 69
38 53
43 49
38 98
30 93
17 88
34 96
28 78
28 74
36 93
26 99
28 64
27 78
3 35
35 60
35 75
35 94
25 35
11 42
38 81
63 64
23 72
90 98
10 35
10 63
54 96
29 54
15 54
38 45
11 20
13 92
13 87
13 46
36 90
48 65
51 65
65 86
4 65
70 73
17 38
40 66
26 32
8 54
24 73
1 18
18 53
28 88
37 58
20 27
89 95
82 89
42 72
28 70
33 62
60 62
58 65
19 87
19 22
44 79
25 44
5 44
44 99
57 67
12 67
48 67
57 68
22 68
68 91
2 7
39 59
3 7
7 31
14 59
32 37
33 55
55 84
61 76
12 61
77 82
50 77
23 41
66 71
47 71
6 21
21 97
9 15
9 100
16 52
40 45
59 81
52 80
80 85
16 49
