24.021058
17446
70
15351
119416
150 217
48 333
218 284
28 215
69 117
113 276
251 297
68 267
239 308
39 47
37 209
229 314
229 288
66 303
31 66
136 229
330 346
29 346
193 229
45 346
73 146
82 202
174 195
95 327
9 21
12 215
12 335
1 12
12 189
77 155
133 169
283 332
154 294
181 294
4 175
53 333
175 300
53 190
53 180
175 240
175 224
175 187
272 294
36 302
36 240
159 197
159 271
35 297
35 277
35 47
172 262
80 337
167 210
210 236
75 159
27 36
105 337
262 321
251 262
15 119
149 246
144 257
234 305
257 296
257 267
34 234
134 246
246 344
198 234
108 234
26 350
219 350
3 350
246 319
25 132
16 132
132 220
122 189
106 276
102 106
156 260
106 194
76 260
106 125
38 260
228 260
154 212
188 299
33 266
84 329
48 84
5 28
112 136
112 327
63 112
112 127
42 151
151 270
151 254
179 216
152 226
7 152
24 295
24 248
24 330
162 308
41 336
205 291
58 322
170 322
284 322
43 183
101 183
148 264
147 163
104 148
140 163
100 163
16 148
17 332
17 198
17 263
46 217
46 121
143 204
255 347
33 59
273 306
273 278
59 268
59 176
97 202
97 153
273 279
195 204
120 312
117 312
312 345
41 320
291 325
213 325
173 325
86 145
318 320
145 161
221 249
62 221
61 320
81 221
145 274
158 223
190 223
39 54
63 245
96 245
207 304
55 282
55 318
42 293
293 342
23 203
23 164
54 72
137 178
206 275
218 259
222 341
227 285
334 341
13 343
177 285
200 341
60 285
65 259
52 258
52 107
52 64
259 278
115 238
115 171
71 115
13 191
13 141
326 348
83 326
138 300
49 138
261 335
261 323
72 146
92 113
92 232
131 211
6 67
6 69
157 281
157 302
244 256
40 256
130 196
130 243
110 252
14 280
255 340
102 252
103 169
103 253
142 247
11 317
295 349
56 239
315 317
129 286
328 340
126 129
121 349
2 287
118 296
119 265
74 250
166 168
168 184
78 264
168 282
78 98
77 287
214 292
76 87
74 299
20 280
50 247
73 103
51 139
51 179
51 344
68 214
56 140
56 235
197 265
32 118
22 340
21 78
94 118
248 287
150 252
25 74
30 214
91 290
225 317
91 233
90 114
37 90
90 104
88 349
87 307
87 135
85 265
158 280
209 289
10 66
308 324
128 288
128 243
208 315
1 208
66 289
124 196
124 305
331 346
309 331
269 275
18 123
82 155
36 39
39 159
53 309
241 249
11 241
66 182
93 275
19 203
19 88
205 311
206 262
10 294
192 346
229 310
109 192
111 346
9 159
15 95
53 283
8 57
188 211
12 310
53 298
221 311
5 308
99 294
35 301
298 337
266 275
122 316
109 201
160 324
18 325
18 320
44 337
116 212
216 275
160 339
257 301
174 199
57 182
135 185
185 274
79 83
79 244
230 313
199 316
229 242
162 259
231 339
131 152
133 151
44 260
111 350
175 347
231 237
275 338
308 326
8 304
269 312
39 129
111 165
186 294
183 237
146 285
12 89
116 137
210 338
70 336
247 266
165 341
115 242
210 230
91 186
13 89
52 70
