15.587180
32672
49
9251
162905
15 144
165 207
52 174
82 225
2 45
45 115
45 198
114 197
53 153
6 71
27 71
137 166
85 189
85 158
42 85
93 205
146 198
7 237
74 239
126 239
41 239
239 247
111 182
60 91
91 111
76 91
103 147
103 199
36 103
54 244
20 54
68 248
112 224
50 58
24 145
106 196
24 248
106 211
44 84
163 215
72 84
67 84
55 106
16 24
21 163
86 218
64 216
56 175
75 138
75 155
99 172
10 62
161 235
4 94
99 149
185 235
75 208
99 151
10 63
61 235
4 249
4 213
10 51
99 207
38 235
15 195
130 195
188 195
195 205
22 186
47 48
225 228
86 228
48 201
221 228
13 48
143 223
22 79
110 194
76 100
96 100
100 143
43 227
35 231
14 40
30 50
69 211
69 144
171 244
55 171
37 192
192 247
89 125
89 127
58 152
127 152
154 190
121 154
219 230
157 230
31 174
31 114
34 142
34 46
30 56
29 224
29 162
73 148
8 216
29 95
8 18
87 126
40 148
90 121
105 241
113 156
113 172
108 150
1 134
88 191
102 200
98 137
98 175
119 169
105 109
98 188
5 200
123 124
7 119
117 124
83 92
173 233
43 134
17 83
233 240
39 201
165 233
39 59
39 53
35 124
52 113
167 232
141 204
135 243
19 150
180 232
193 234
11 191
202 204
206 243
26 234
134 159
61 119
9 49
49 194
49 139
68 226
178 217
25 122
25 184
25 212
214 217
12 217
149 238
145 177
67 238
177 189
80 116
21 176
70 176
54 129
33 66
66 82
45 237
81 161
181 242
81 219
97 129
45 250
160 162
130 160
45 120
24 246
8 226
71 229
71 136
23 133
106 220
54 153
93 146
84 118
128 220
24 183
32 118
235 245
229 239
85 203
91 93
28 245
3 85
71 112
87 246
23 57
104 222
132 136
84 85
93 218
106 168
45 90
54 107
97 222
50 57
78 239
32 131
166 187
65 250
107 163
75 77
104 140
210 218
34 183
75 203
3 4
103 164
4 179
227 229
77 186
101 132
170 236
10 64
103 231
103 209
49 118
148 182
133 204
164 236
197 200
14 170
105 131
25 93
80 168
179 191
120 150
78 243
83 101
101 232
181 210
209 234
187 217
