19.083830
41383
52
83265
87894
125 183
110 169
27 85
99 191
97 187
35 133
87 245
124 217
124 229
124 182
39 75
55 185
56 153
94 119
14 119
172 200
140 223
140 187
116 140
6 200
117 140
14 200
200 247
93 158
23 156
156 250
78 101
37 101
101 143
65 117
25 191
129 152
20 129
129 164
130 185
130 228
28 130
104 130
41 44
89 166
89 163
108 242
19 48
19 240
61 213
19 249
13 23
61 72
66 218
2 13
61 184
161 218
47 107
74 106
4 239
34 81
35 77
4 210
106 234
4 138
4 110
62 106
21 47
47 57
77 211
81 123
81 147
47 195
77 87
92 232
8 176
49 235
60 235
26 96
68 235
96 137
96 213
96 216
132 235
9 247
10 208
131 145
145 215
145 220
118 173
193 238
136 190
113 190
3 32
3 58
3 162
171 193
190 223
97 193
200 231
76 102
102 194
102 125
122 130
121 165
121 127
85 121
40 95
40 203
10 67
67 150
67 230
105 203
105 249
50 135
70 167
73 243
242 244
63 243
53 201
82 244
168 244
167 246
167 224
201 237
135 227
22 83
22 196
22 198
24 243
98 201
33 135
90 182
90 134
51 119
52 231
129 212
120 129
54 153
54 158
12 54
218 231
61 231
11 56
27 219
86 219
1 112
180 192
78 192
129 222
130 222
31 199
126 206
18 64
111 214
21 174
28 80
100 151
99 159
31 183
15 169
32 79
95 177
36 236
38 100
39 80
42 79
43 154
88 248
88 148
159 202
1 111
228 236
221 241
197 240
197 220
177 250
177 232
171 197
170 206
15 226
157 174
8 71
154 173
144 207
144 205
142 241
138 241
111 160
15 209
59 88
64 179
68 236
69 133
84 154
69 175
69 178
71 109
71 128
72 100
44 159
79 245
80 114
77 189
124 225
29 120
188 231
122 141
141 189
139 210
139 238
140 200
77 124
30 186
118 231
13 186
9 124
41 55
11 52
17 30
115 248
49 115
81 119
101 181
121 231
101 108
56 233
45 101
212 244
46 119
65 176
181 204
7 103
51 67
81 146
106 146
56 135
7 204
5 103
47 208
5 89
140 155
19 102
91 218
16 29
4 149
13 112
45 206
46 201
64 188
91 167
155 243
22 149
16 144
