19.635773
44094
61
48151
138994
135 198
104 238
115 278
92 139
91 239
78 108
71 273
8 194
58 246
143 256
242 294
56 195
52 272
163 227
53 119
44 49
49 207
205 275
205 244
205 267
237 298
156 276
10 96
1 96
46 237
46 268
11 73
95 230
119 230
22 92
22 43
22 34
230 239
54 225
47 232
201 212
17 241
234 296
133 279
135 241
138 144
125 133
222 296
76 133
144 164
217 296
148 241
109 296
153 241
12 130
130 289
130 263
130 236
269 288
142 269
98 105
105 151
105 189
16 105
107 189
121 275
121 257
121 176
249 252
108 252
248 252
146 213
80 153
80 185
56 172
77 137
42 173
80 229
81 137
172 249
42 210
42 236
29 278
29 221
29 187
172 250
154 193
67 113
7 193
26 129
67 104
20 193
193 287
122 133
68 112
4 112
38 112
59 91
59 242
59 276
59 79
20 106
70 94
98 106
94 208
106 288
79 106
90 94
72 117
117 299
11 209
209 243
33 209
78 161
57 100
57 246
167 205
107 122
93 300
72 159
174 251
174 283
49 55
51 146
51 86
48 51
126 253
228 271
140 271
151 271
207 253
256 292
292 299
124 169
124 171
139 281
251 281
71 149
149 283
53 144
167 225
39 248
39 109
74 219
19 228
19 273
19 182
66 191
43 66
205 262
61 190
128 190
14 175
49 241
63 157
234 297
238 297
58 181
181 198
136 297
30 157
129 157
89 181
160 259
55 230
165 224
224 264
69 134
114 177
25 215
75 197
215 295
215 231
177 258
224 233
177 286
134 285
101 290
197 247
134 261
28 226
101 202
99 197
62 226
206 226
101 102
144 282
50 133
10 277
41 170
110 214
277 294
49 97
14 29
254 291
232 254
195 254
9 40
40 259
23 260
23 212
123 142
120 123
15 186
47 184
46 296
152 188
24 211
8 220
24 125
24 132
21 284
103 111
116 143
85 141
166 266
166 240
21 115
111 180
111 158
2 150
4 21
44 166
37 274
2 194
2 163
220 223
216 235
35 116
82 84
64 199
60 216
141 272
84 227
84 279
274 293
274 300
87 116
88 255
88 265
32 199
52 220
141 280
1 88
74 80
54 145
145 243
145 179
46 196
168 204
105 245
118 282
74 112
31 162
96 192
127 168
15 22
22 131
42 205
73 97
46 118
36 178
5 155
93 203
144 183
137 186
178 183
3 137
147 192
127 155
112 188
3 204
46 65
27 218
203 253
13 230
117 184
14 190
144 213
31 137
94 230
19 27
45 298
157 203
117 201
18 255
18 103
83 270
36 83
124 162
214 245
96 197
216 270
170 196
160 252
26 134
5 101
5 215
65 199
161 200
159 226
6 45
200 224
6 177
