9.513055
36154
25
23531
187197
49 74
4 16
60 73
7 18
25 105
43 75
44 75
75 88
59 75
47 110
47 78
47 96
33 55
29 89
55 101
55 60
29 34
29 39
26 66
61 116
105 116
85 116
11 91
93 111
81 112
41 89
79 109
37 71
37 91
62 111
82 87
62 117
65 97
67 70
24 87
24 97
37 102
37 86
15 84
45 70
15 20
52 70
2 62
90 97
87 101
49 57
57 104
7 57
5 32
5 46
5 99
6 31
22 48
22 58
31 51
22 113
31 54
68 83
19 77
19 63
18 19
12 83
73 83
102 119
42 119
50 90
50 107
9 35
16 76
17 76
66 94
80 106
3 112
3 114
4 108
100 108
92 94
10 118
80 88
13 118
79 108
3 53
25 80
107 118
56 94
38 72
38 74
1 64
30 115
26 115
115 116
36 114
36 110
28 115
1 87
69 116
23 69
109 115
30 47
29 47
62 115
11 29
21 23
55 81
98 115
14 120
103 120
75 95
15 64
27 93
5 30
21 40
41 57
22 95
70 98
8 27
9 40
8 31
30 120
