2.430301
69539
8
41565
225614
1 79
37 84
4 82
16 28
69 78
44 96
77 100
54 95
66 71
29 88
27 91
76 92
21 83
12 83
32 83
31 34
2 33
2 8
2 37
2 28
2 94
72 83
55 73
20 83
7 19
7 40
7 49
7 98
45 74
8 45
22 40
14 99
2 41
13 23
13 30
13 33
13 60
13 65
69 85
34 35
57 66
77 92
38 97
10 43
54 57
3 75
64 74
64 100
26 72
62 71
26 78
20 62
7 90
73 88
56 93
56 95
4 56
41 85
6 65
6 58
6 9
11 30
11 53
14 90
42 67
5 67
67 68
67 76
31 52
17 86
17 60
5 46
19 46
38 80
80 93
39 81
39 87
39 68
22 35
3 52
13 44
24 29
55 75
48 86
1 48
63 99
59 63
23 89
18 89
24 91
27 43
10 15
15 70
25 51
25 94
47 50
50 98
36 61
61 96
