6.653694
249857
18
218814
285778
42 91
103 104
74 129
10 134
60 75
39 77
87 111
93 127
20 65
30 52
61 122
61 135
78 140
59 122
59 107
28 59
23 59
8 59
56 59
34 36
59 132
59 90
25 105
76 101
1 27
16 58
79 84
46 84
3 11
3 15
3 46
3 119
3 138
62 84
75 84
97 105
6 115
6 72
6 86
3 82
3 68
62 128
44 123
70 123
11 123
77 123
109 133
94 133
6 116
40 133
20 84
57 98
49 133
38 90
51 113
6 82
59 127
31 69
83 116
73 133
31 132
12 89
12 107
35 78
55 108
108 135
58 65
38 68
7 120
73 83
25 95
30 35
92 123
21 104
21 69
9 33
66 139
36 66
66 80
7 16
50 101
19 124
118 124
124 134
92 98
97 113
73 95
52 99
99 103
9 140
5 54
5 71
68 124
53 74
53 102
6 111
2 22
2 8
26 42
26 112
18 110
18 85
18 29
67 85
129 137
125 136
93 136
96 121
67 118
63 136
56 121
23 48
15 137
47 121
48 130
71 137
27 37
14 100
81 114
13 117
91 114
1 114
24 100
13 41
54 100
32 45
32 33
126 128
43 131
43 88
17 43
68 114
66 126
37 50
4 76
64 106
13 34
4 43
64 133
