35.363534
7545
92
17605
75441
135 294
244 332
325 362
133 272
64 142
83 183
46 58
30 356
28 235
179 340
27 139
101 127
339 385
216 311
120 321
184 206
179 184
74 132
184 361
184 279
17 349
1 143
8 143
43 143
297 349
117 143
349 362
333 338
338 370
148 338
153 338
193 338
43 113
336 384
90 336
55 150
5 287
69 255
40 255
108 255
307 351
255 335
241 351
75 271
39 321
215 394
23 238
39 135
39 385
77 111
190 271
22 23
101 111
9 18
13 111
9 108
364 399
278 399
9 198
160 394
158 344
73 85
242 298
94 134
187 242
242 259
222 242
134 263
156 243
145 236
148 387
151 232
68 125
68 244
64 317
288 317
70 229
77 236
62 346
62 315
62 166
61 236
139 151
70 199
163 360
172 200
70 164
332 360
191 250
237 269
89 243
15 68
16 269
17 360
220 323
220 246
219 243
322 387
124 151
281 282
250 272
84 220
282 301
29 201
267 387
36 360
200 352
269 307
200 254
282 311
201 304
201 375
200 224
317 388
129 269
129 220
274 282
83 236
250 340
154 176
52 293
172 195
248 377
91 290
91 392
348 377
233 356
91 216
233 326
46 233
126 377
140 233
91 170
299 322
130 209
22 275
283 390
122 144
234 303
225 302
144 190
144 277
119 225
186 225
54 82
106 235
106 120
115 292
84 210
93 106
292 353
210 365
208 210
27 155
56 186
56 241
56 252
147 155
155 294
57 169
6 19
6 169
6 247
79 90
79 378
2 398
223 253
14 366
14 310
14 202
249 331
217 296
24 188
25 260
95 173
87 92
95 374
95 380
96 211
253 337
99 162
270 354
260 280
114 214
112 347
260 391
104 273
104 341
261 270
270 334
65 162
162 207
71 306
296 324
59 249
296 376
167 347
177 306
51 203
51 161
51 146
76 104
178 214
180 214
182 306
185 211
188 231
80 87
131 211
188 245
347 386
33 249
165 253
32 268
32 98
32 47
31 87
7 209
7 257
11 262
109 313
103 109
35 285
254 285
38 103
388 393
115 393
54 230
44 100
44 183
44 400
45 397
48 50
345 389
343 359
50 137
50 303
52 226
174 318
53 121
42 123
168 381
168 175
55 350
289 329
58 397
60 149
153 221
152 355
149 290
295 330
142 359
141 221
21 78
3 152
256 287
264 382
251 264
8 330
383 389
230 319
227 312
266 318
226 283
226 240
20 102
263 264
218 221
212 369
206 212
28 128
30 37
34 350
384 397
37 274
37 370
107 256
192 256
86 330
74 230
78 291
78 325
102 363
133 312
102 259
329 339
128 367
128 314
127 329
85 149
72 328
123 239
300 327
123 176
318 344
88 121
121 140
94 168
97 212
300 358
320 328
312 396
105 359
159 352
159 163
66 349
143 213
132 351
184 271
132 271
41 242
4 342
213 336
132 243
67 184
134 368
250 368
23 150
91 118
66 308
5 136
271 284
67 338
23 63
151 316
23 111
201 309
236 309
195 338
228 284
136 394
349 390
171 336
10 62
5 171
189 196
39 228
9 250
39 62
158 387
118 342
132 371
196 308
154 317
293 317
305 394
130 394
134 181
351 379
194 220
70 194
26 316
157 371
10 81
5 116
57 157
234 242
41 393
113 138
265 399
12 399
204 336
286 351
336 357
116 377
265 299
111 276
5 49
351 372
110 387
200 205
270 293
63 328
134 197
2 305
73 300
134 258
269 373
38 377
95 234
12 262
26 395
253 276
32 110
205 296
188 286
87 204
162 204
204 260
104 372
49 249
347 357
138 389
197 214
14 373
258 306
51 395
211 395
38 152
