7.182504
69153
24
18970
154978
15 74
42 141
25 72
5 139
28 85
3 12
34 150
22 150
27 109
82 113
36 53
74 118
88 118
61 118
87 125
65 95
12 67
64 106
108 144
84 150
39 70
54 70
45 136
14 30
38 146
49 134
57 134
128 134
134 158
98 105
33 112
16 106
16 72
35 156
12 126
53 118
40 104
17 93
48 76
23 145
14 138
138 141
13 92
40 132
92 95
71 92
92 157
32 100
41 150
17 150
21 150
118 140
64 93
52 143
58 96
90 152
108 152
84 146
10 160
10 94
10 22
69 130
34 130
44 130
5 10
62 135
37 42
15 37
30 67
102 148
38 115
115 149
13 102
128 131
91 115
87 131
18 97
18 121
18 124
8 131
3 120
26 80
24 153
24 110
24 105
81 154
81 127
31 116
31 82
97 123
123 158
73 118
7 107
12 142
41 144
12 75
26 51
1 50
1 32
1 103
2 55
2 112
2 133
16 140
11 150
16 135
56 109
56 127
28 130
70 126
11 156
47 117
47 59
47 147
19 152
4 21
107 119
52 120
35 132
68 99
25 99
19 102
86 122
48 150
101 155
60 101
62 119
77 139
77 137
118 134
31 36
73 98
46 145
43 114
20 63
66 111
43 45
46 83
89 111
46 151
20 29
9 43
79 111
89 159
157 159
4 51
65 122
27 142
6 86
75 78
80 96
39 129
129 155
23 70
132 136
16 33
100 143
20 78
6 47
