49.557879
43994
117
13981
74396
28 314
373 402
183 369
14 133
93 158
90 231
274 311
270 445
137 152
105 189
250 253
147 447
37 348
72 424
228 374
47 73
45 171
104 201
393 398
10 66
1 412
1 74
1 428
1 249
85 430
125 401
259 302
201 396
251 388
290 335
276 302
300 335
177 302
302 330
47 335
103 396
206 251
396 437
326 333
30 168
219 292
64 227
321 446
168 408
66 227
150 227
321 332
279 321
36 292
313 333
187 227
217 333
95 370
411 423
162 309
365 411
37 436
39 385
70 411
171 411
84 353
409 435
211 445
211 329
211 322
205 211
59 442
17 385
183 353
309 315
289 435
309 319
314 436
286 435
393 442
193 385
129 309
349 435
394 436
132 442
353 373
67 195
195 337
58 336
148 336
91 195
250 336
7 422
45 382
382 418
140 437
57 101
311 372
53 298
182 372
110 332
78 268
179 202
432 443
189 340
90 344
105 166
102 425
102 401
102 234
101 202
100 117
111 170
117 412
96 170
93 239
68 340
133 198
88 144
83 298
82 117
80 239
144 434
166 229
166 356
69 301
268 432
19 144
34 383
34 347
34 152
239 245
16 344
14 83
301 400
42 54
43 114
43 354
43 430
54 375
256 357
272 344
54 104
357 407
206 340
257 366
202 399
198 406
417 432
2 83
269 444
198 260
259 301
192 366
67 303
128 386
112 164
128 156
287 410
280 291
287 361
283 387
281 362
107 334
128 271
403 429
106 376
384 397
352 390
350 421
325 362
107 208
293 421
107 374
308 360
305 403
142 222
119 216
119 381
296 331
176 421
226 360
224 403
222 433
209 307
173 297
173 320
209 295
173 439
230 331
207 397
180 241
194 241
184 283
190 362
186 367
188 222
143 163
137 427
141 167
141 258
141 404
255 291
252 380
143 145
252 323
265 283
243 427
240 427
151 331
155 397
164 248
164 379
236 360
86 448
40 359
40 138
40 109
33 241
31 86
27 294
27 282
81 390
25 252
65 306
24 367
92 191
92 378
18 351
18 318
18 264
15 86
94 367
61 209
51 106
50 317
50 242
50 210
49 342
49 178
49 55
60 92
27 139
46 119
44 287
62 212
62 278
62 395
63 390
65 157
65 235
106 115
8 244
8 169
8 52
98 143
6 291
2 79
174 299
253 299
277 285
277 329
28 127
127 420
223 440
120 223
5 223
159 341
175 413
315 416
149 200
149 402
364 423
35 416
153 328
218 388
364 392
218 450
187 261
364 391
38 56
232 304
221 343
12 261
76 416
75 123
165 341
72 343
228 232
71 273
113 273
87 149
328 398
134 232
56 73
26 262
218 346
270 273
7 123
26 377
338 413
130 328
261 389
289 341
343 441
123 339
56 447
108 122
172 316
312 371
203 419
108 214
48 154
369 419
197 371
4 29
363 370
22 29
135 154
21 108
327 419
266 363
20 316
147 237
29 231
154 431
158 316
237 424
348 363
237 345
284 431
185 440
36 267
275 335
10 333
10 168
97 327
97 134
10 355
122 131
131 434
85 405
125 335
181 263
263 405
10 54
335 396
146 238
9 146
1 196
10 107
251 435
251 411
396 436
41 227
292 385
195 302
124 355
160 168
263 336
302 422
23 181
225 321
336 353
110 405
358 405
161 220
121 321
124 340
85 202
83 85
140 220
125 136
10 185
41 215
32 396
267 275
116 181
125 331
181 254
85 141
78 442
241 251
89 195
126 301
143 263
49 263
118 161
310 422
77 251
1 284
99 126
144 160
116 442
116 211
123 125
11 405
181 233
292 415
117 368
324 436
121 357
168 284
196 246
95 371
11 309
53 362
50 57
57 283
118 438
3 310
18 368
32 444
344 426
239 444
34 414
79 372
136 414
170 303
27 32
390 414
360 414
173 426
213 366
209 426
199 372
29 368
3 403
421 438
26 89
116 164
254 367
128 254
86 254
213 291
8 213
166 247
288 358
102 449
198 204
13 357
106 415
40 324
397 449
62 449
199 287
204 252
65 204
11 222
92 233
13 119
213 288
247 413
146 444
