6.529668
326699
19
246254
345685
85 117
45 70
96 120
43 51
68 83
21 99
13 49
71 112
93 112
75 112
26 28
21 91
15 98
50 91
25 91
68 98
17 113
29 78
18 25
80 108
80 102
74 80
39 80
65 80
80 104
3 52
2 57
58 69
82 87
23 87
103 116
45 103
37 57
37 77
6 37
11 111
11 43
4 12
11 59
12 29
12 44
3 86
62 102
62 119
23 84
100 107
84 92
55 73
9 100
20 84
20 100
55 120
14 84
55 79
42 119
64 67
7 67
51 67
36 95
38 63
60 95
16 38
95 96
19 109
19 113
98 110
32 53
88 105
40 61
31 88
4 22
53 74
26 40
53 76
22 117
22 82
1 47
1 94
27 97
58 97
40 104
33 103
13 30
30 85
89 112
81 98
34 56
24 56
56 114
33 42
5 112
77 115
7 115
18 106
54 98
55 83
101 112
48 90
46 48
81 90
54 78
46 91
28 118
66 101
86 99
8 98
91 118
11 49
69 91
41 110
17 35
2 89
10 52
10 35
38 106
12 72
5 100
8 88
56 72
