24.928322
9157
71
4258
119277
65 171
66 140
155 243
210 325
94 336
143 235
133 153
132 323
170 325
170 195
14 46
46 270
46 313
147 161
251 291
103 229
148 209
174 197
197 213
117 227
65 117
160 188
66 160
117 291
241 334
51 297
187 279
204 321
153 311
190 321
118 311
106 311
31 74
124 337
327 337
320 337
228 337
137 154
23 154
10 54
80 283
72 274
33 316
27 282
27 243
27 90
33 255
33 309
116 284
116 350
4 27
39 116
59 86
59 277
59 195
59 242
29 53
41 267
87 181
43 159
262 301
262 344
267 345
87 128
121 244
159 256
162 267
20 244
76 262
93 111
93 256
70 234
70 258
70 281
70 289
93 147
93 113
222 258
15 123
68 239
60 120
298 324
100 120
62 130
310 347
83 342
47 347
48 139
48 347
91 317
83 98
91 124
90 298
89 130
83 226
83 320
247 315
15 254
15 102
14 68
17 91
164 347
23 298
24 127
191 298
26 68
28 139
8 68
139 300
130 219
127 333
127 218
37 130
245 315
235 315
37 91
223 345
173 270
96 278
96 202
5 17
50 107
103 290
50 192
50 307
290 344
125 290
156 290
170 251
85 145
97 202
55 333
178 269
132 178
113 318
22 318
275 295
138 194
9 112
221 285
172 232
171 287
67 205
126 323
1 134
67 216
165 220
165 167
157 172
95 126
148 172
126 207
1 201
44 236
42 287
3 67
6 293
45 287
1 146
6 187
6 302
61 81
72 170
170 238
11 314
16 313
16 338
18 92
92 295
7 210
7 198
176 321
35 94
35 239
215 336
215 249
44 84
84 257
206 208
143 206
5 170
133 349
196 349
242 329
38 329
30 193
292 346
32 104
32 184
32 264
82 346
304 326
122 304
304 331
211 261
193 319
193 203
211 266
211 305
212 346
21 146
21 142
150 341
53 150
144 268
81 144
110 142
71 250
57 237
141 335
272 328
58 129
101 250
43 263
141 194
141 145
272 327
271 294
3 88
265 274
191 303
69 289
19 69
110 198
110 224
260 265
136 296
253 273
135 296
69 115
240 263
129 183
168 343
36 169
246 343
63 263
57 182
54 57
164 169
13 272
52 88
77 299
214 280
294 312
88 249
52 73
89 288
51 303
303 334
214 283
157 214
2 77
73 252
73 348
169 177
79 129
11 343
152 288
155 250
74 265
288 332
186 273
149 209
197 251
117 149
163 321
200 251
56 105
67 170
160 330
59 64
58 131
230 307
207 230
46 116
297 321
78 290
31 330
99 170
154 340
80 340
97 176
25 27
78 114
64 158
200 286
151 159
251 262
33 189
93 251
33 185
87 189
160 267
109 130
185 262
87 259
25 276
105 158
50 109
10 154
154 233
85 197
161 339
75 241
221 229
175 233
6 25
46 322
175 244
40 117
70 244
138 311
12 120
151 248
236 311
116 306
61 311
159 166
139 306
244 275
127 225
85 180
179 315
120 179
179 223
12 34
15 275
166 217
112 180
56 77
160 199
29 231
222 231
15 119
34 165
225 248
55 314
108 217
131 238
40 193
339 346
308 322
236 294
49 99
108 211
119 273
296 308
49 304
32 199
