6.538897
29461
21
13808
97298
37 154
27 153
137 168
62 68
66 72
67 133
69 142
77 141
96 127
24 80
64 83
116 159
99 144
23 63
106 158
42 149
88 112
35 90
11 161
47 107
41 162
15 94
126 136
113 136
25 136
105 140
20 136
85 166
31 180
85 107
85 162
30 85
28 96
28 87
28 44
28 29
73 125
130 146
55 151
126 151
62 71
71 108
71 111
71 175
22 103
22 94
22 91
81 138
64 151
35 79
49 80
146 164
26 164
75 93
54 164
26 49
18 164
49 108
23 49
93 173
93 167
57 95
41 123
31 89
105 151
79 140
9 104
47 65
52 129
20 164
167 170
3 157
3 24
28 148
15 99
10 83
10 127
30 46
46 90
1 179
19 179
14 144
14 137
124 130
56 132
11 31
95 109
109 138
128 178
1 174
73 174
51 123
51 106
125 143
12 103
12 154
22 89
44 115
125 161
151 169
81 159
38 76
102 152
37 152
118 152
81 169
45 160
147 160
139 160
134 160
86 120
86 153
93 169
2 50
50 55
149 170
52 148
21 97
17 84
82 135
129 135
9 135
63 125
42 59
49 117
85 171
92 168
43 114
2 114
31 112
165 172
6 165
56 143
120 163
25 163
65 178
17 158
117 160
36 72
18 36
74 141
39 100
39 133
40 176
101 131
16 101
70 156
70 142
32 74
13 70
145 176
67 177
5 177
76 110
110 121
78 104
53 60
58 61
53 68
33 128
7 33
6 122
122 155
8 150
8 66
27 48
48 172
87 119
69 119
21 78
58 124
28 98
4 81
39 171
38 57
34 71
4 101
98 176
34 74
