31.907532
1
65
26834
188565
117 196
21 71
17 180
95 221
67 126
132 167
169 212
83 170
83 218
31 212
83 127
46 182
7 182
28 83
40 212
165 212
105 124
25 59
96 115
191 192
107 146
25 55
108 122
72 122
115 189
13 146
151 192
193 228
25 241
11 210
38 193
40 122
142 192
136 192
128 193
124 240
124 224
124 138
122 243
81 146
10 58
118 125
115 218
11 34
115 205
11 178
11 216
102 116
73 197
71 160
184 240
66 184
49 120
48 201
48 200
48 62
160 171
160 238
120 198
143 180
143 173
143 219
197 233
125 197
120 191
16 116
94 184
95 116
68 201
12 234
12 210
12 98
17 223
123 223
223 226
206 219
79 159
41 133
41 158
41 221
159 196
77 159
76 137
127 137
24 190
106 230
18 97
104 247
99 113
97 248
97 161
21 47
22 163
93 230
149 157
149 246
176 215
15 247
153 166
84 208
26 36
82 139
27 44
80 217
29 51
1 9
29 64
74 150
5 131
247 250
3 23
3 162
144 235
140 190
139 203
3 242
4 163
130 225
129 149
5 61
150 202
5 207
6 69
8 213
9 20
121 153
194 230
9 237
14 36
113 175
113 119
109 139
33 54
60 229
60 227
60 168
56 213
156 208
52 208
50 217
32 179
32 183
32 186
177 190
47 148
47 134
29 199
45 209
45 204
33 103
45 57
44 195
44 152
43 150
42 235
33 214
35 235
36 135
163 220
37 217
188 225
187 213
70 215
153 245
69 111
69 86
155 225
181 215
39 75
117 249
78 87
78 167
126 222
67 78
31 249
65 222
19 112
19 58
19 92
90 222
16 145
146 147
182 193
101 132
147 230
147 150
36 147
147 239
114 182
10 146
122 154
91 193
145 147
25 63
132 244
88 132
132 239
11 53
83 89
89 212
10 110
85 124
91 116
113 182
2 192
63 184
63 110
48 211
25 185
10 97
33 118
5 10
118 217
47 118
115 174
88 118
78 154
45 63
68 206
30 197
30 120
172 211
223 236
101 172
32 211
208 211
44 53
53 60
143 231
53 232
141 160
85 225
2 190
2 139
12 100
149 236
9 236
39 185
30 213
30 232
164 247
3 164
69 164
164 244
174 215
163 231
29 141
100 235
141 153
