8.936677
223519
27
186695
256556
76 104
86 145
5 79
142 153
52 129
49 88
48 128
22 25
55 121
13 63
11 117
64 72
64 108
64 136
10 24
105 122
122 151
44 122
19 87
95 157
47 125
43 125
1 36
1 147
1 28
1 74
89 125
91 125
36 93
54 57
17 84
111 154
91 150
20 127
20 107
20 42
15 39
39 86
37 39
9 55
9 77
9 153
59 61
61 157
5 61
69 78
78 85
94 102
102 106
78 159
44 130
77 130
51 100
51 60
51 62
51 127
7 51
42 123
56 108
8 56
33 56
24 56
23 67
144 148
22 149
37 97
16 97
8 134
6 134
11 109
129 160
74 160
84 160
116 133
25 112
30 112
53 112
71 124
140 152
71 128
71 126
64 149
18 73
18 88
18 155
40 145
40 76
40 96
122 149
80 113
45 149
68 137
110 137
118 137
65 87
65 103
14 105
99 135
14 70
115 140
135 142
111 115
35 159
31 35
4 10
2 125
82 104
62 82
75 79
75 101
21 132
32 92
81 98
63 83
32 52
31 90
29 139
29 41
27 66
83 148
12 81
26 32
141 158
23 29
119 138
114 158
54 81
3 119
46 66
48 83
133 158
49 90
89 90
34 109
78 149
102 149
38 149
120 122
38 143
34 152
17 117
13 154
19 93
120 146
50 123
1 131
21 50
143 160
64 156
39 45
61 146
57 144
2 80
95 116
20 58
67 156
66 131
119 150
58 137
