23.535729
32211
69
79937
102517
28 132
85 131
311 384
332 383
302 377
290 394
118 154
14 128
289 369
193 340
4 321
194 226
63 173
106 272
89 365
27 196
197 256
17 147
47 104
61 87
58 87
130 343
261 280
119 280
312 376
218 266
141 235
114 286
90 114
219 237
219 260
219 321
43 237
43 145
45 281
22 296
154 285
24 285
138 285
240 285
303 352
20 324
9 268
96 399
374 399
56 155
30 399
155 395
73 399
155 211
166 399
115 399
145 155
224 306
143 241
42 385
165 229
14 229
90 229
52 229
42 347
42 282
209 384
209 303
140 209
121 346
214 231
39 348
79 346
92 231
348 379
333 348
334 348
231 289
346 363
85 231
117 292
83 199
139 382
74 291
82 170
55 115
120 339
5 29
29 69
65 186
187 349
188 349
108 109
108 308
52 325
265 325
21 63
21 333
21 366
114 386
209 216
86 87
81 243
38 279
136 252
166 320
128 255
16 255
48 320
136 169
136 239
125 207
132 342
5 388
338 351
341 342
351 355
122 273
126 167
122 158
122 361
8 122
262 351
26 113
67 113
94 167
70 195
103 388
195 226
254 388
195 200
113 367
327 342
305 388
297 342
12 195
167 183
189 354
205 287
287 341
87 312
28 263
263 358
87 266
322 344
2 322
15 114
32 217
91 239
91 106
155 386
130 219
78 356
56 380
204 344
204 369
29 216
214 371
37 371
336 393
229 299
35 284
71 149
79 149
62 162
62 114
221 323
215 221
325 330
197 349
231 299
6 89
6 49
2 234
268 328
258 328
250 383
272 397
283 354
283 372
250 254
381 397
234 392
220 324
220 225
101 257
101 319
212 391
174 244
174 184
173 174
172 396
172 249
161 292
151 161
147 220
146 313
143 161
59 228
37 101
70 234
38 397
39 250
27 328
76 317
76 307
23 313
48 172
57 283
64 391
59 337
76 120
31 125
176 202
68 69
68 335
219 281
15 209
17 325
131 135
61 135
346 359
50 71
50 350
31 352
9 141
227 235
227 256
285 295
127 306
127 290
127 194
11 75
11 159
137 330
87 269
222 346
153 192
280 309
274 348
208 219
41 87
83 280
160 280
21 359
102 211
81 102
102 240
142 399
210 288
129 271
40 77
168 210
53 264
129 340
13 230
264 353
264 314
230 378
84 210
80 230
77 157
107 129
77 191
202 295
55 280
47 189
180 299
152 188
152 311
152 357
201 282
329 360
105 310
329 332
72 370
105 245
201 323
92 318
93 318
60 336
60 362
10 365
4 10
114 170
32 74
390 394
278 291
382 390
196 278
278 296
217 279
66 285
243 315
155 206
43 373
144 343
144 164
277 302
246 277
87 253
158 242
242 377
177 218
36 177
41 142
156 232
46 51
118 270
112 275
112 199
95 259
112 300
190 389
44 376
316 389
44 97
163 193
163 198
163 213
175 181
175 179
171 232
104 133
232 375
100 398
1 111
236 293
25 88
374 398
236 326
133 148
238 398
134 186
134 267
134 294
25 99
82 133
46 123
124 335
111 248
111 184
270 345
18 124
19 33
34 251
58 236
34 182
19 387
7 270
259 301
42 400
153 180
176 304
178 192
108 203
42 139
116 229
114 167
43 342
35 86
331 346
3 20
122 142
108 224
331 339
42 150
65 160
274 391
136 241
304 368
43 59
113 269
110 265
110 156
98 364
66 356
138 233
233 245
172 364
209 313
259 315
247 325
206 3
223 309
162 175
368 370
203 389
150 185
22 25
247 393
185 351
34 116
230 253
54 351
129 380
19 253
46 253
98 276
223 298
54 210
77 298
264 276
