3.112511
106777
11
23772
305872
24 44
79 107
8 11
60 97
36 37
33 71
19 72
70 103
53 77
85 111
66 112
12 95
52 68
56 116
32 67
43 96
5 33
5 55
5 77
1 23
30 102
30 107
30 72
14 30
94 120
90 120
20 120
40 88
40 93
7 45
26 98
34 39
29 40
40 64
2 108
25 34
54 95
4 96
24 109
2 109
93 109
105 109
29 119
86 111
10 47
65 118
14 118
43 82
82 113
10 46
7 54
9 119
26 114
108 114
32 41
5 112
9 82
53 104
12 42
89 120
25 104
112 120
18 22
39 47
5 75
21 57
55 57
17 30
42 89
18 66
65 73
8 73
51 78
13 51
17 40
44 63
19 100
13 100
49 50
49 61
4 86
23 41
74 84
11 84
58 78
58 67
52 99
71 80
80 101
61 110
110 116
92 99
27 87
87 106
83 87
81 87
31 50
31 74
31 103
56 92
1 22
22 36
22 28
37 76
76 97
16 115
101 115
48 68
48 91
38 62
38 60
15 38
3 69
6 117
69 88
85 87
35 106
35 59
75 117
