14.451936
3007
38
1752
240740
124 125
96 154
75 164
21 37
117 142
128 148
10 55
136 166
138 147
2 38
104 179
81 175
155 170
19 167
19 162
19 132
19 126
19 92
47 155
155 165
150 155
145 155
4 6
130 174
139 174
138 174
119 174
70 174
14 67
120 161
83 158
13 34
34 150
72 149
109 149
34 90
20 149
26 68
68 134
68 117
51 97
41 90
41 179
114 171
114 169
114 115
41 93
108 114
23 137
43 121
66 140
73 128
89 169
58 140
89 148
73 135
73 136
77 113
62 77
140 160
124 140
4 89
8 107
30 61
46 85
98 141
8 35
54 131
141 152
163 167
42 71
5 102
62 102
52 65
47 131
3 166
67 176
3 120
65 127
3 11
65 125
70 71
94 131
71 87
27 176
37 102
35 111
35 80
25 154
123 163
118 176
85 147
85 95
23 163
25 142
25 126
69 75
24 69
116 143
116 144
64 156
43 156
55 116
58 156
10 133
133 180
173 175
29 173
91 157
1 56
2 157
153 178
153 168
31 44
31 112
88 157
31 122
32 79
79 129
36 79
48 56
56 74
50 153
18 110
21 33
22 110
30 110
33 49
33 57
100 105
16 100
100 164
86 177
96 177
17 28
28 38
53 130
53 97
40 53
104 158
59 104
12 78
34 81
15 109
15 132
59 84
89 104
78 99
60 82
82 151
73 78
6 149
9 158
19 76
9 39
102 104
149 172
12 45
68 106
7 45
78 156
14 73
39 63
159 172
146 159
141 161
71 106
116 172
76 107
103 174
51 61
100 158
146 157
99 101
56 137
121 153
79 101
82 158
31 103
