53.027782
15287
114
25904
121609
85 382
24 392
10 238
37 112
9 347
38 237
217 272
39 333
154 211
140 194
41 326
5 72
305 368
63 342
263 312
142 228
142 274
23 142
222 263
135 142
224 263
175 205
197 381
271 309
278 329
26 118
21 225
174 349
148 239
278 369
148 326
203 344
203 376
174 277
155 174
174 258
100 370
36 67
218 341
225 379
46 309
94 360
65 203
75 203
1 303
367 370
360 362
112 148
67 193
67 143
67 96
341 380
139 303
327 370
80 225
305 360
62 341
58 113
278 396
58 307
58 333
198 360
303 366
299 341
16 58
301 309
70 147
56 218
94 160
56 195
71 156
70 392
64 272
89 273
56 321
70 128
51 160
64 311
64 347
89 190
83 354
63 283
75 156
211 246
109 286
19 26
283 291
283 331
294 325
14 217
246 359
246 342
37 89
14 175
38 354
14 107
109 289
109 368
19 244
9 294
160 191
41 354
19 288
5 294
123 156
24 167
99 230
10 215
7 99
2 173
99 135
240 275
240 277
215 314
240 268
167 259
93 215
154 173
42 167
150 173
136 257
79 304
48 165
138 165
79 337
79 96
149 253
219 257
39 176
253 307
85 165
194 257
176 260
105 399
253 310
105 296
29 176
105 238
140 226
120 226
226 231
237 371
185 371
207 371
269 319
324 393
319 385
317 335
315 351
297 319
141 183
290 302
280 293
345 350
267 316
267 308
145 335
146 293
264 355
261 372
261 346
255 264
130 157
390 395
387 400
124 204
125 133
125 251
126 302
127 302
129 171
130 151
339 383
130 348
131 249
132 330
365 387
351 361
350 388
137 261
248 287
189 209
171 285
172 293
212 334
208 243
204 281
202 249
200 343
200 276
196 200
213 300
189 199
189 192
177 188
177 221
179 318
179 338
179 356
180 212
233 384
252 330
181 213
159 248
243 328
236 324
234 351
162 232
164 266
254 387
233 352
227 332
164 323
168 350
170 256
170 306
223 339
170 382
88 233
43 249
77 373
40 358
40 229
81 247
81 282
82 267
84 171
86 141
87 264
76 389
40 69
90 92
91 103
92 241
92 397
95 332
34 339
33 81
32 59
47 178
57 395
55 125
59 166
50 270
59 375
60 373
50 220
50 68
66 164
49 243
98 248
47 169
47 73
45 262
72 373
45 242
44 232
74 177
76 97
76 152
8 332
17 122
104 386
106 386
108 330
17 78
31 212
17 54
15 232
13 141
110 213
6 374
6 353
6 336
117 119
4 386
3 25
119 245
119 298
121 335
103 158
103 115
30 324
27 395
25 163
20 45
22 204
25 61
11 144
11 284
11 197
142 205
263 309
142 278
184 320
184 309
184 225
35 184
186 263
184 294
89 205
250 263
303 370
292 370
125 205
101 205
161 278
118 182
161 203
364 381
119 381
373 381
189 381
153 174
56 292
53 341
35 153
182 214
14 363
109 214
283 378
246 398
67 391
216 320
118 179
50 118
118 164
58 134
295 303
114 148
360 377
253 279
52 265
52 70
232 292
201 279
101 292
153 173
156 322
182 391
53 215
28 165
12 313
12 105
52 240
102 182
102 265
267 363
25 398
264 265
279 332
279 351
212 363
293 378
161 302
214 319
386 398
233 378
76 394
171 265
170 394
324 394
214 261
116 398
111 354
19 210
340 394
176 391
28 216
235 313
28 81
92 153
28 395
18 313
53 339
12 200
12 387
52 330
134 226
186 206
167 187
17 322
130 391
18 141
18 177
248 357
249 357
204 357
18 45
134 213
40 111
250 335
103 187
47 210
59 210
6 114
340 357
243 377
295 350
