10.926263
94757
28
326
219677
12 108
26 104
77 127
7 44
30 59
36 43
23 113
104 137
99 137
93 113
65 124
7 137
45 113
60 98
62 98
98 118
48 139
2 139
29 139
115 139
138 139
35 89
45 116
25 59
25 66
25 120
38 64
68 125
33 84
36 133
40 125
52 78
66 133
74 78
77 133
103 126
1 78
126 132
122 125
121 133
10 29
10 42
107 126
10 89
84 86
91 126
84 102
15 80
5 9
61 63
63 123
63 136
9 18
11 63
9 121
9 26
46 79
22 107
8 97
80 95
95 131
96 124
130 137
21 50
34 111
34 56
31 119
49 119
24 41
50 75
50 128
17 24
27 34
24 105
70 119
55 98
47 58
83 92
12 20
16 83
47 65
20 57
100 130
53 91
53 76
44 53
37 114
67 114
72 124
51 134
4 73
48 81
4 108
30 85
51 54
51 127
32 97
64 129
23 32
79 129
13 106
4 118
85 88
11 106
69 90
129 140
90 109
14 85
87 106
81 110
32 135
81 94
28 126
6 113
96 117
25 113
19 124
38 124
35 98
72 84
84 137
55 117
15 137
78 98
39 67
16 71
39 140
71 115
6 112
46 125
101 133
10 82
15 24
90 116
63 82
22 34
8 50
3 101
3 119
