18.645749
104859
55
42547
137816
1 160
108 142
38 65
30 229
29 180
143 256
155 299
21 125
172 208
176 191
49 76
70 291
235 250
102 272
31 171
98 207
64 216
20 255
124 144
3 95
95 239
41 95
40 206
149 202
135 188
215 290
212 257
10 184
228 276
101 273
265 294
117 156
113 238
80 117
76 238
11 117
99 200
106 116
199 262
91 119
26 119
199 211
78 119
11 154
43 115
43 46
129 200
129 153
122 227
160 162
162 210
109 129
38 162
45 129
12 227
132 236
81 265
6 22
233 298
184 253
197 234
146 197
197 296
54 276
158 217
105 137
2 189
27 217
137 163
137 191
137 258
87 189
97 217
3 174
55 174
174 255
165 287
165 175
140 165
17 276
45 126
70 232
126 258
176 232
126 287
232 235
33 199
117 253
104 275
104 216
104 185
13 104
46 251
100 251
149 251
13 251
148 193
120 284
81 162
199 284
14 32
95 289
90 214
90 134
82 90
53 84
51 138
39 51
53 300
51 75
72 198
31 198
59 243
73 205
112 159
159 280
16 117
9 210
9 132
227 240
66 162
259 276
16 199
25 108
25 229
79 92
92 130
92 281
92 170
125 203
106 203
58 203
40 232
20 116
144 237
237 280
1 292
245 292
26 181
72 283
47 181
21 283
244 263
128 181
173 181
112 223
223 294
10 244
123 283
164 182
164 188
178 218
85 178
85 223
63 86
178 282
86 263
143 283
86 291
58 244
164 285
220 227
202 243
197 247
27 94
62 94
95 226
171 197
24 36
157 272
24 217
136 196
101 248
196 299
196 298
60 248
248 277
124 154
24 165
54 232
157 220
104 288
225 238
135 238
59 129
165 207
122 221
52 221
179 245
179 219
227 259
89 286
148 286
15 286
183 295
155 183
145 150
145 256
7 187
93 142
161 172
77 93
161 231
242 247
64 189
6 252
168 252
236 274
131 259
119 257
269 274
44 121
268 293
264 271
44 151
28 204
44 166
260 293
28 254
8 28
37 293
34 264
50 264
107 180
111 169
19 169
35 290
29 169
12 35
30 35
107 190
119 276
83 98
83 194
92 288
56 206
114 238
67 261
186 270
177 297
69 249
68 96
267 281
42 177
4 246
14 267
67 228
57 230
67 208
147 249
65 74
57 195
5 133
186 213
49 224
96 100
177 250
201 209
88 246
201 278
18 224
224 279
74 266
5 241
39 96
131 225
127 129
56 110
222 269
22 215
71 222
141 226
117 233
165 273
33 107
61 217
17 286
186 240
73 127
66 246
139 189
48 90
48 152
53 114
90 120
103 118
110 249
32 192
7 226
28 226
57 61
119 167
99 201
23 192
44 141
141 264
118 139
167 293
5 23
