3.473150
174440
14
13497
303461
53 70
4 58
13 58
48 58
20 91
34 117
50 104
36 60
17 106
80 112
45 91
30 45
45 106
2 78
62 93
25 54
25 53
25 42
15 115
15 65
16 116
18 38
63 120
21 118
63 117
60 63
40 118
102 118
80 84
8 97
76 107
43 107
72 83
84 94
39 90
25 104
23 71
90 94
77 95
52 77
27 101
16 101
1 12
10 26
10 27
73 108
56 108
58 67
11 39
11 54
9 82
55 58
9 25
37 86
33 57
13 57
33 89
21 89
6 110
35 44
4 44
44 95
44 93
70 97
22 67
8 87
19 74
7 99
51 74
74 96
7 92
7 68
64 69
29 55
29 34
25 58
37 38
17 22
47 75
23 72
79 110
58 116
18 98
98 114
85 111
24 113
100 103
78 105
81 105
5 42
5 81
61 86
48 98
71 112
26 49
12 49
55 79
28 73
28 32
41 83
41 119
62 69
61 2
63 111
67 107
58 108
1 31
3 47
3 66
14 59
35 88
46 88
88 109
7 31
36 74
64 113
45 75
14 50
85 103
