18.562361
1
40
2058
153631
51 141
30 90
63 105
25 154
6 154
106 154
109 154
65 157
18 26
59 107
22 102
104 107
107 116
16 47
16 58
16 65
16 131
18 150
18 61
107 123
18 44
67 157
136 157
123 126
119 141
72 79
126 132
95 144
79 135
80 126
72 119
115 119
41 79
119 121
8 79
55 144
56 144
30 126
52 96
73 151
52 113
19 54
54 102
36 52
29 54
60 87
73 78
60 150
14 73
60 101
112 117
109 145
117 130
24 145
11 142
84 142
35 145
9 27
9 21
90 124
46 124
8 124
20 68
68 127
32 51
32 33
81 133
48 138
86 110
31 146
62 108
74 138
75 133
86 99
53 93
77 140
86 92
66 146
63 140
64 118
85 159
125 140
89 108
118 152
12 53
10 156
10 143
10 28
122 128
7 17
5 148
108 155
5 103
5 70
4 100
133 160
139 146
1 122
2 105
2 71
2 50
17 134
94 159
43 122
42 159
40 118
38 147
38 39
98 138
34 38
100 114
100 153
17 23
57 127
78 149
26 149
56 120
96 120
40 97
87 97
154 157
45 154
76 157
18 158
16 137
22 82
13 22
13 107
22 53
22 108
79 137
73 76
88 144
52 158
49 83
45 83
126 129
9 45
57 144
15 49
3 54
60 69
45 133
82 91
53 117
111 142
57 142
5 137
88 138
2 129
37 91
3 38
69 122
10 13
13 159
17 37
37 100
37 146
86 111
