40.711841
72608
106
56464
75394
152 373
13 186
12 109
111 389
190 201
137 304
114 425
86 301
24 170
101 306
29 163
147 182
73 138
175 328
64 141
70 331
419 435
135 293
354 410
28 295
43 274
255 295
275 295
116 158
116 259
77 116
55 116
225 438
59 377
59 224
59 158
100 160
82 183
299 432
82 309
370 432
82 396
82 244
372 432
82 414
169 432
403 436
383 444
152 383
111 433
51 383
89 318
49 318
304 433
16 436
307 436
88 165
254 433
146 387
62 104
19 128
119 128
128 214
128 210
127 200
156 256
156 266
42 246
156 424
126 283
181 202
157 287
159 162
162 193
56 257
257 450
5 390
287 385
287 352
287 388
5 358
283 446
283 328
9 411
5 274
411 412
257 292
5 107
94 162
246 341
246 333
10 181
244 246
129 411
108 181
66 310
45 66
24 211
211 293
66 175
66 306
67 378
52 240
106 179
179 243
163 326
179 360
179 408
326 388
20 72
20 347
20 399
195 240
75 326
225 326
240 369
76 290
126 236
195 253
157 343
130 282
124 172
218 224
172 280
15 218
47 282
46 218
282 375
85 282
30 218
41 105
231 239
277 402
36 335
142 378
36 130
142 263
142 153
33 216
260 350
276 300
168 364
86 216
356 423
106 168
144 402
168 251
178 402
198 356
200 216
201 356
154 440
215 276
121 154
80 227
219 350
227 231
227 238
228 350
36 371
185 261
110 185
120 367
105 188
98 380
93 429
281 288
430 443
429 434
394 447
381 413
380 401
380 382
374 386
374 379
361 445
355 405
345 361
315 355
298 429
284 336
284 322
131 413
273 367
247 443
242 449
213 314
213 249
199 288
187 213
2 288
183 284
176 302
174 188
150 367
149 447
140 302
61 447
18 443
21 302
17 449
81 185
68 355
87 374
79 406
79 351
79 97
90 413
53 112
11 361
53 271
6 415
39 337
3 188
4 449
39 308
6 32
39 63
40 117
6 180
53 291
40 173
40 357
141 268
191 268
264 349
13 348
34 233
101 348
144 346
10 346
38 427
204 329
204 389
182 325
184 325
325 425
14 251
14 344
171 395
259 395
58 250
38 58
114 248
45 368
368 398
16 196
196 377
44 74
194 426
217 441
165 241
166 205
56 229
54 267
258 342
214 226
171 267
186 428
208 428
205 360
205 230
50 92
44 65
189 319
48 84
44 354
8 139
303 365
303 420
305 338
317 431
319 327
334 393
353 363
353 419
12 69
296 414
373 393
7 359
7 331
7 286
390 393
400 409
404 428
1 220
92 148
226 270
37 313
229 362
241 285
37 113
245 312
245 316
31 217
29 426
220 311
258 397
264 431
265 305
267 376
272 431
23 400
22 102
296 301
73 84
62 319
84 212
109 220
64 241
122 160
122 364
123 226
78 353
77 229
76 122
102 269
102 137
91 103
91 164
69 135
139 321
96 426
70 296
69 192
91 352
138 303
161 169
46 289
71 289
223 330
190 223
118 366
289 339
57 223
366 387
99 435
99 324
99 170
26 410
167 442
295 436
104 295
59 432
132 432
43 156
116 318
143 410
209 442
20 234
232 234
43 143
26 104
234 392
155 411
219 416
178 416
146 318
83 329
83 96
27 376
27 212
104 209
167 297
128 145
127 318
417 422
392 438
104 162
35 132
203 283
82 125
350 410
36 234
142 410
356 410
438 448
211 421
128 340
134 209
143 203
134 222
145 297
104 179
25 222
218 417
290 433
294 383
177 240
88 236
143 407
43 185
100 437
209 237
172 383
217 234
361 438
43 320
60 340
181 391
239 283
95 116
35 206
237 240
278 433
209 279
211 391
421 449
288 421
59 136
136 155
25 384
257 262
411 427
115 236
88 207
88 197
181 235
177 418
154 206
276 448
154 221
233 294
60 133
143 151
237 367
343 380
188 221
37 232
125 258
323 384
41 349
115 252
40 262
278 355
252 302
279 429
437 439
168 245
216 332
133 248
207 374
79 95
95 413
39 332
213 439
332 443
53 439
92 323
6 161
197 447
235 400
139 418
151 305
