5.245223
147348
17
3655
235685
81 94
85 147
21 63
23 57
9 148
30 97
36 117
16 140
33 67
1 99
93 127
22 128
98 126
29 69
1 45
19 48
4 56
47 96
17 102
89 102
9 102
90 106
32 111
78 88
78 99
75 80
75 115
75 90
23 119
117 119
55 61
55 124
32 39
143 150
83 135
83 91
120 143
38 83
58 143
2 33
2 15
2 92
48 119
111 119
30 119
5 8
36 78
26 108
15 27
41 155
37 41
41 50
64 156
61 156
151 156
7 156
114 124
14 156
41 159
20 84
7 49
67 75
27 51
10 143
97 156
2 45
57 84
11 31
31 138
31 89
70 132
87 146
87 138
40 108
3 20
3 17
54 146
21 132
8 59
105 116
64 105
42 100
70 100
76 139
52 132
132 148
42 113
18 141
4 141
141 145
113 159
130 134
115 134
10 49
78 126
56 102
34 109
52 139
43 154
109 141
5 74
65 74
103 160
31 59
6 120
6 79
104 112
47 101
81 101
53 133
41 93
25 40
11 144
28 37
28 147
35 121
25 140
16 144
127 136
136 160
71 72
71 85
137 153
26 153
68 157
79 86
86 110
62 63
123 158
62 107
62 73
60 158
116 158
68 76
73 129
94 129
29 114
19 131
66 103
66 121
12 35
12 149
46 142
95 128
13 46
69 95
24 118
24 44
82 95
77 88
77 152
75 83
22 112
122 125
125 154
43 96
102 133
46 131
25 34
