19.873616
92603
59
3434
134876
46 58
131 153
21 217
247 263
40 193
193 211
197 244
210 276
266 276
22 197
161 212
161 252
133 161
281 285
213 281
17 281
279 281
63 95
71 181
71 217
46 71
62 212
151 169
96 199
55 135
105 216
76 105
105 236
105 152
66 129
129 160
68 129
129 297
119 256
145 256
206 231
67 228
99 166
103 132
103 293
99 241
135 165
194 202
99 295
136 231
78 228
44 174
44 207
103 143
13 165
111 228
16 231
57 202
228 289
44 131
103 298
123 202
81 202
99 150
86 237
133 262
9 208
9 265
9 278
9 128
17 188
179 288
114 288
247 288
115 259
115 229
174 254
150 170
187 293
79 204
77 274
12 215
5 112
35 112
52 112
112 235
51 84
149 192
84 236
108 292
122 177
102 292
220 292
177 239
177 255
141 248
34 159
106 196
148 241
249 268
148 201
109 148
148 152
172 176
145 173
87 172
127 173
61 218
6 117
15 117
24 157
68 218
116 117
83 249
198 248
221 248
213 218
159 255
8 196
91 264
156 248
155 157
91 253
2 196
42 173
249 271
159 258
160 249
157 289
35 173
94 172
91 118
159 206
125 187
89 232
22 232
29 245
165 282
162 165
97 191
69 164
80 156
80 119
80 114
251 296
51 90
36 296
58 164
109 164
90 226
90 291
108 270
28 224
186 270
28 96
246 270
28 45
73 219
162 254
170 294
113 282
138 193
79 294
44 290
25 290
26 138
54 204
140 189
140 153
140 203
87 267
54 132
126 180
126 191
54 211
70 126
100 267
195 267
74 197
105 276
222 269
104 222
222 280
38 137
38 110
38 56
40 250
3 250
146 283
63 284
64 72
67 158
244 284
50 88
39 146
72 238
158 243
53 142
53 184
53 215
18 281
14 190
151 190
193 231
157 274
55 281
161 261
262 276
144 275
275 279
4 149
4 43
26 202
115 197
214 286
121 139
24 139
273 276
47 121
47 93
37 60
60 265
130 261
73 218
225 263
7 225
95 231
287 300
237 299
124 260
134 299
171 207
154 240
154 243
49 147
10 299
81 227
82 147
11 227
75 205
65 75
39 171
64 171
33 111
31 300
5 260
59 233
59 223
41 257
30 41
29 33
92 260
19 154
59 106
33 272
71 86
130 234
125 140
161 242
95 288
101 163
98 193
178 199
85 129
183 273
74 200
62 107
163 192
27 165
27 228
112 230
9 103
23 288
105 185
112 169
77 167
178 185
115 120
129 209
101 188
74 292
26 168
91 261
74 196
230 296
117 231
20 175
1 182
1 179
175 182
32 120
193 267
12 97
48 172
41 85
23 286
126 209
168 277
88 113
242 300
32 222
38 48
147 245
75 277
