28.113717
32935
88
43243
70527
83 112
170 358
247 422
73 263
84 153
221 256
103 107
280 297
66 369
287 398
380 440
156 282
76 318
94 210
51 417
252 417
183 417
57 315
204 426
110 435
387 445
60 289
173 365
173 361
173 236
173 211
31 173
14 173
242 300
57 146
20 146
226 292
233 346
19 411
8 334
136 264
222 406
127 218
159 428
15 159
159 349
159 235
23 159
5 132
71 132
132 407
203 342
203 420
203 239
63 182
181 203
63 163
63 382
17 63
99 359
99 258
99 165
214 324
2 284
108 178
70 167
243 337
70 103
5 243
222 243
243 371
70 133
33 104
310 439
53 366
427 450
273 291
273 283
112 273
206 273
172 238
47 168
47 262
47 272
47 362
120 172
172 291
172 249
154 172
6 353
58 123
18 67
123 313
18 331
18 354
35 130
130 392
332 364
183 364
351 398
223 351
207 232
232 375
232 349
22 152
33 393
298 394
309 329
289 376
163 330
309 346
1 136
49 425
49 348
49 119
151 274
65 126
285 419
276 416
140 384
270 274
252 394
74 276
244 372
76 372
77 140
219 276
213 419
104 185
140 377
178 185
126 319
24 394
36 376
1 446
38 380
3 419
12 330
41 274
45 185
19 38
38 311
44 214
281 435
242 305
253 445
4 80
89 144
93 368
81 117
340 356
170 340
144 314
35 253
30 368
80 147
8 158
9 157
325 340
117 153
157 333
158 200
158 389
207 368
51 368
157 345
52 80
23 144
253 418
253 290
117 197
412 435
87 399
247 399
161 335
161 359
108 255
2 355
64 355
330 393
28 392
28 413
85 124
45 85
6 341
341 378
166 338
317 390
150 438
150 361
196 231
330 426
16 272
16 447
189 379
323 391
91 437
310 391
111 391
148 437
43 95
220 326
146 279
191 203
190 429
190 418
190 317
255 351
41 409
24 409
251 268
251 298
293 309
31 48
48 83
101 198
155 384
52 155
198 212
204 394
281 400
26 278
162 399
273 417
39 159
96 326
257 432
257 292
267 348
213 217
212 217
107 116
61 221
267 404
61 234
56 116
116 228
114 152
114 301
114 344
227 256
227 431
227 385
93 267
124 448
337 448
130 318
146 350
26 417
42 63
243 321
202 339
130 305
66 414
327 414
34 228
34 74
73 141
184 363
141 254
211 363
29 434
199 266
118 436
118 397
118 135
216 424
75 286
54 266
216 410
75 336
88 441
134 441
21 216
295 441
105 306
75 367
266 430
62 105
82 105
145 302
139 145
309 318
27 69
69 229
63 240
49 277
106 435
271 302
271 329
38 220
177 244
177 283
326 412
146 388
1 94
94 274
203 242
132 175
1 202
299 406
179 210
179 343
179 422
97 358
97 433
316 321
250 280
160 421
230 381
259 269
11 209
239 294
194 322
25 294
201 218
156 194
182 405
180 225
225 303
27 444
11 404
125 275
225 249
11 102
115 194
328 373
72 215
79 101
79 129
79 265
121 122
84 415
275 402
275 427
260 405
86 250
95 201
110 444
7 354
7 308
300 373
294 395
98 121
7 229
386 443
142 215
143 443
373 383
137 201
68 241
55 415
269 442
370 444
369 405
366 421
401 415
421 449
68 149
128 230
106 423
78 440
32 268
32 347
99 175
171 245
245 297
195 352
20 408
100 408
78 293
261 263
261 335
40 131
40 287
50 164
173 439
264 324
188 387
173 353
273 279
176 364
46 352
96 126
10 360
320 376
90 188
81 174
160 174
196 277
162 217
205 411
304 419
123 138
158 193
92 117
246 326
198 282
47 350
126 226
53 127
60 144
38 195
224 312
10 106
144 374
157 374
334 372
296 357
186 278
92 237
37 376
13 70
374 403
237 304
312 403
46 276
80 138
13 450
42 437
47 357
60 379
37 59
53 123
187 340
187 248
22 296
1 284
208 315
246 248
113 193
192 307
338 400
227 242
320 443
176 230
242 269
215 233
299 434
250 388
169 326
205 266
106 288
185 396
50 390
75 186
109 113
121 198
109 118
216 288
105 396
68 208
169 441
186 307
