7.451540
198923
23
121574
209774
68 121
33 120
42 105
114 119
20 125
75 94
17 41
26 69
37 92
71 89
34 106
106 123
97 106
4 106
82 106
67 82
55 83
96 131
46 97
19 58
92 132
16 66
85 132
89 90
66 133
66 102
48 90
33 132
8 137
35 137
17 137
4 100
8 52
52 93
43 125
81 109
43 65
5 49
5 51
5 88
5 103
43 47
109 127
107 109
38 138
38 102
6 39
12 78
6 12
22 101
10 45
11 105
11 139
56 86
56 68
21 126
13 45
111 136
13 75
13 134
94 111
21 49
90 112
44 106
112 116
23 28
28 98
28 31
36 113
27 53
53 61
53 73
30 84
37 100
90 113
71 132
24 138
24 50
31 62
62 118
72 120
72 119
80 110
60 121
41 60
36 84
124 129
42 129
5 71
2 135
118 135
54 115
59 140
64 122
69 74
74 128
91 95
95 114
99 104
122 124
1 76
40 59
15 104
1 93
1 96
3 32
18 55
18 79
29 95
9 54
34 122
32 126
26 54
18 88
32 87
19 74
20 59
7 140
7 98
44 137
25 116
77 108
39 108
30 109
21 22
77 83
46 117
10 71
58 131
66 117
57 70
25 57
28 71
21 63
14 63
70 110
14 130
53 130
104 130
