6.702562
92164
24
10100
119391
25 69
80 176
55 133
16 137
116 152
172 174
22 44
103 110
38 142
28 93
18 91
62 147
10 159
106 130
44 95
8 44
79 170
52 135
145 177
60 117
60 111
60 86
60 78
60 83
107 127
50 140
20 44
40 50
94 122
24 99
1 94
99 156
102 153
111 153
9 128
157 179
160 179
12 21
70 134
114 134
28 134
41 44
68 171
100 171
171 178
152 171
20 165
39 55
8 180
121 160
100 121
70 163
34 180
35 131
25 131
17 63
17 104
34 52
98 137
98 166
44 58
45 53
45 174
104 164
37 44
7 97
148 159
27 148
107 148
109 161
24 161
99 112
22 148
120 138
35 120
47 157
29 47
6 105
6 154
61 84
30 138
30 119
30 91
26 175
26 88
26 63
13 15
84 129
15 68
15 69
44 140
115 136
2 115
16 115
18 65
36 113
40 81
44 153
64 101
8 171
44 66
31 95
42 75
75 83
62 180
125 143
23 87
87 128
51 96
103 127
54 155
126 155
71 155
4 135
4 59
155 175
14 149
127 132
66 167
5 43
36 37
67 171
149 150
5 93
21 132
39 67
124 173
163 167
125 172
124 143
45 81
64 127
79 141
82 141
141 178
57 170
150 168
73 117
73 77
11 73
144 169
80 144
130 168
99 101
89 173
89 106
74 127
74 118
158 176
123 158
49 108
108 162
72 108
12 139
48 139
9 180
3 19
7 19
51 112
32 56
56 145
38 76
76 110
90 92
90 96
43 164
58 94
94 177
115 165
151 180
46 146
33 118
6 142
65 146
41 84
33 97
101 144
85 151
85 108
