3.593119
164622
12
586
190478
22 93
13 68
58 77
41 88
17 62
47 80
6 78
32 36
1 89
49 66
49 64
49 95
10 80
10 79
10 50
10 17
35 44
2 35
35 66
49 62
10 60
25 57
45 51
24 45
5 44
72 84
8 68
8 54
8 92
8 28
52 83
18 29
14 18
19 74
23 75
71 79
14 99
54 99
30 71
15 23
12 45
35 69
10 15
26 41
36 72
26 60
87 89
70 82
16 27
4 16
53 94
53 63
7 21
7 97
48 53
1 45
5 78
34 73
33 90
33 88
25 33
40 92
6 40
38 81
38 90
38 84
38 55
57 85
45 85
55 61
48 61
75 82
46 64
37 46
19 70
20 96
20 73
33 34
7 47
43 45
16 85
43 52
22 91
24 42
3 95
11 30
3 100
56 91
42 93
11 86
9 67
31 39
65 98
58 98
59 77
59 76
59 74
67 87
39 96
