8.928585
44419
22
27302
183499
22 46
59 73
5 110
19 90
35 111
27 55
88 106
29 89
15 62
24 50
27 107
43 107
50 107
58 107
51 76
26 115
46 115
30 68
30 55
30 45
80 115
25 42
2 53
42 60
2 52
42 84
2 26
42 114
54 61
6 54
54 86
39 79
65 79
54 85
96 119
10 96
93 96
4 38
15 18
18 67
18 70
18 114
57 108
11 78
21 58
14 21
11 99
83 101
20 83
59 83
90 109
29 77
33 49
109 120
23 109
22 64
41 49
77 118
17 77
49 110
64 111
64 89
71 75
32 71
63 71
1 7
1 52
35 81
84 87
87 113
16 69
81 91
47 69
4 44
74 87
36 56
92 105
34 56
73 81
95 105
31 106
31 100
5 44
69 76
30 62
3 30
18 94
13 94
2 3
24 103
37 115
12 19
6 12
8 72
37 104
42 116
51 79
48 79
79 116
38 48
8 83
66 96
40 104
13 28
102 64
9 107
40 57
28 98
98 102
54 117
9 96
28 82
66 109
97 115
107 112
105 117
71 97
56 82
31 112
