6.408179
173830
20
235414
276385
20 125
90 138
34 69
28 123
16 133
30 91
43 57
36 87
102 119
27 55
46 108
67 108
108 139
1 103
7 89
2 136
2 132
2 94
2 23
4 88
18 137
76 137
127 137
63 105
40 84
118 140
118 125
86 118
60 62
46 93
81 93
93 114
27 93
3 11
109 124
108 111
2 26
45 134
58 74
31 79
33 79
79 99
73 109
15 73
38 92
38 95
30 43
66 115
56 58
16 50
50 61
50 104
19 50
24 34
24 122
32 87
14 118
35 124
1 133
2 22
26 93
53 112
53 100
53 64
11 53
75 78
19 75
108 113
32 108
63 66
20 47
47 54
69 118
35 134
96 117
3 48
5 79
5 126
40 110
110 131
82 111
77 88
70 71
66 77
9 54
26 134
14 134
90 134
26 126
39 85
98 121
83 99
83 130
41 121
51 121
44 103
44 57
9 56
26 50
78 129
17 95
65 98
42 129
65 136
29 135
29 59
4 17
113 137
12 66
32 84
7 85
24 48
55 60
105 137
25 74
25 89
70 106
28 106
96 115
39 71
72 97
72 104
29 62
119 128
8 128
6 116
6 123
21 97
21 101
10 13
10 138
37 120
52 120
49 107
49 68
10 80
73 102
12 120
3 49
