4.236235
131235
12
119334
175881
24 77
81 82
32 113
71 107
49 83
3 95
27 88
43 60
74 109
8 13
110 111
59 103
11 59
34 59
59 96
22 59
16 33
48 62
35 59
44 116
66 92
68 70
89 98
6 95
6 81
6 36
58 98
41 54
6 108
80 100
47 101
46 105
47 53
53 55
53 77
15 53
105 110
14 75
37 117
72 75
75 113
12 37
6 58
13 46
73 97
37 67
53 89
68 116
23 97
9 37
44 74
57 93
61 112
25 112
14 112
55 57
57 65
57 83
10 112
43 59
101 111
71 112
54 76
103 114
70 99
64 107
15 64
27 57
7 32
17 45
8 99
35 112
40 49
23 40
78 85
29 63
1 88
29 85
37 76
9 45
17 39
39 73
16 106
56 61
56 78
33 87
80 87
50 87
22 87
66 106
82 104
18 104
21 60
2 21
11 115
21 42
52 115
91 115
92 120
31 120
118 120
86 94
67 94
48 100
79 86
26 79
102 117
38 102
5 119
41 119
30 90
28 90
84 90
12 19
19 51
4 62
4 20
69 75
69 90
