18.508636
44310
56
7057
65008
20 27
185 267
195 199
14 154
209 280
39 302
63 177
131 285
85 197
42 309
260 273
97 329
26 35
45 71
21 215
51 118
257 282
253 316
75 221
39 153
76 289
76 152
76 141
76 80
112 138
95 303
85 303
126 321
21 105
105 241
105 112
105 233
187 229
13 83
111 216
87 111
51 111
116 173
116 266
22 178
198 325
91 300
66 340
6 92
60 200
77 136
136 219
136 278
32 179
107 136
200 327
200 288
32 148
200 252
32 126
103 120
108 291
225 330
303 312
133 281
41 251
41 218
71 343
17 29
62 335
88 341
35 88
95 265
162 273
52 294
69 292
46 171
49 328
227 294
225 328
171 291
114 297
6 114
146 267
144 171
114 347
135 146
19 292
120 146
173 276
163 271
78 155
196 344
40 155
56 344
111 234
230 288
189 230
25 107
25 322
277 331
57 305
56 254
246 305
55 332
45 254
254 336
258 277
277 280
64 337
67 337
68 305
83 277
34 174
34 158
34 44
110 332
304 332
48 254
30 337
160 255
250 310
28 325
28 229
28 260
228 339
339 340
200 312
10 232
309 333
117 333
298 333
127 232
239 308
164 239
16 98
256 302
237 243
175 243
253 256
159 183
209 256
164 183
118 183
76 259
220 308
220 322
154 272
272 279
213 263
137 210
167 186
99 167
167 348
84 136
50 217
50 189
4 50
125 193
125 318
40 134
134 295
8 148
70 182
26 145
182 329
182 203
145 318
145 222
8 109
303 315
38 343
59 316
59 285
187 303
129 131
24 129
27 129
188 270
188 257
122 270
122 258
76 103
313 343
38 328
105 111
194 211
194 214
81 194
202 310
202 299
169 202
128 132
11 349
2 132
94 132
113 301
106 113
102 113
11 79
11 47
100 343
219 268
268 327
66 249
160 234
157 283
157 263
124 192
31 190
93 326
240 346
271 323
119 196
72 147
152 192
63 165
74 119
252 346
190 247
7 104
96 323
97 165
43 336
43 295
43 156
58 197
58 226
82 282
82 181
82 195
153 162
142 342
142 331
53 205
53 214
89 307
42 307
130 199
14 130
76 162
150 161
84 180
64 320
320 350
62 140
17 140
290 317
251 324
287 324
1 168
139 206
151 166
151 204
206 237
206 284
223 262
177 238
168 281
170 324
175 290
207 262
23 290
9 238
101 168
75 238
90 244
212 264
264 300
36 184
138 244
32 296
178 319
20 319
12 313
37 65
37 121
65 208
205 208
86 121
33 208
86 235
32 306
41 184
244 249
5 210
108 334
13 36
12 76
28 221
100 337
90 171
161 248
274 286
5 105
149 150
36 116
22 32
88 187
191 274
286 337
149 315
245 277
245 332
115 116
41 176
34 191
111 261
114 334
116 335
176 242
18 236
18 343
88 143
92 231
123 338
201 231
242 311
54 254
172 248
201 292
163 311
143 333
111 213
306 345
91 232
133 155
54 167
61 73
31 314
278 314
36 250
182 338
194 315
16 103
232 330
276 294
261 305
123 224
105 293
137 262
29 243
15 265
7 296
3 61
15 73
72 115
93 224
180 275
269 345
113 293
11 269
3 151
132 275
