30.688994
62205
72
5173
82235
99 132
125 213
55 146
48 265
207 292
23 165
201 273
134 185
151 215
185 297
157 297
139 297
85 113
85 97
13 85
85 299
85 140
50 66
73 174
66 164
73 286
23 73
66 291
66 206
73 169
47 261
47 249
47 209
47 120
47 60
44 73
204 243
150 296
60 216
53 216
6 216
40 115
32 171
31 244
31 58
72 102
72 117
40 86
226 248
37 213
20 37
5 7
16 168
144 173
7 220
7 276
7 298
54 173
277 294
28 278
28 276
28 141
28 135
218 277
165 173
13 37
75 173
99 277
37 94
16 55
16 79
16 91
113 241
179 208
194 232
41 243
45 232
41 64
4 41
214 234
179 214
141 232
214 239
17 238
190 227
91 238
223 238
137 227
169 227
136 235
126 136
15 287
39 136
59 287
268 287
188 287
242 282
193 245
3 239
95 225
188 246
29 245
191 202
78 196
284 300
143 145
145 210
145 268
222 284
76 284
29 226
29 263
78 250
78 282
202 295
202 273
35 177
35 207
35 233
100 147
19 100
38 300
80 142
1 9
175 236
71 267
77 231
80 228
138 262
80 281
106 285
133 271
133 255
133 186
130 184
124 264
123 292
119 264
118 123
116 267
112 262
111 257
111 176
107 252
82 198
104 279
104 131
104 129
159 237
160 175
161 170
161 199
93 182
93 96
92 258
90 111
84 161
26 293
184 269
52 258
43 175
1 212
36 82
33 237
70 285
205 252
30 254
30 224
30 201
69 262
230 237
231 272
231 280
14 82
12 264
251 267
252 253
256 285
8 123
258 270
1 247
180 293
184 195
181 293
61 93
21 283
21 24
49 103
171 275
275 299
65 155
155 200
155 265
183 274
63 156
63 122
63 132
154 290
154 259
27 296
27 153
151 266
18 158
27 98
219 225
20 266
110 190
110 192
146 158
74 211
74 125
10 219
48 289
2 172
44 154
88 274
164 274
42 289
83 219
57 74
62 110
121 266
120 289
172 240
158 197
134 260
46 260
40 297
47 150
22 203
144 203
66 217
73 178
163 297
32 72
277 288
109 215
11 85
81 288
41 216
68 150
40 67
108 229
32 227
72 238
136 204
87 297
32 229
67 173
108 136
149 214
193 216
242 288
166 277
37 162
189 208
66 152
72 95
128 189
149 162
31 246
40 246
81 287
35 150
114 217
114 178
21 150
31 38
56 216
32 175
30 288
103 248
51 128
152 232
7 221
31 127
25 288
1 163
163 231
82 163
28 34
16 167
11 89
105 214
172 241
162 258
3 93
87 262
56 100
89 293
51 101
148 202
104 221
29 187
105 237
148 285
34 264
167 252
127 267
161 167
133 187
111 127
184 187
25 80
