54.919108
1
116
8101
120936
346 357
220 309
290 387
269 303
267 323
169 338
200 266
215 391
215 392
111 260
87 95
215 329
260 375
144 215
128 260
146 215
95 260
24 115
114 314
112 331
19 93
115 138
115 308
117 331
15 94
93 347
93 345
93 264
73 169
73 121
68 235
68 223
68 72
68 70
64 145
32 73
151 365
2 314
314 397
298 304
289 360
261 304
8 115
254 331
245 304
18 151
151 328
151 244
15 31
145 285
15 202
145 284
126 314
118 145
252 381
381 387
246 395
192 395
345 395
10 397
10 210
10 49
263 291
65 287
48 312
200 234
275 323
275 362
72 378
299 378
75 291
287 360
156 224
153 234
97 326
22 287
21 234
20 156
19 130
130 233
130 281
309 378
97 284
97 282
96 275
312 338
312 335
27 156
182 253
219 227
182 218
109 374
227 266
230 374
1 374
113 227
12 182
25 262
11 262
91 230
185 272
185 363
333 389
140 220
140 211
88 348
92 356
144 167
26 356
146 228
177 228
356 365
150 348
267 333
63 380
51 167
8 140
375 380
34 228
167 236
259 380
225 333
13 348
346 368
303 368
160 396
158 160
310 332
14 222
136 337
294 382
155 206
16 137
149 255
16 108
149 231
154 155
310 321
125 355
131 394
379 386
372 385
116 133
116 270
358 385
17 163
119 283
120 163
122 393
123 222
124 163
313 324
16 306
131 241
33 195
132 181
134 232
134 288
135 155
170 278
336 337
315 341
143 191
6 84
194 385
197 249
197 277
197 305
273 379
201 393
205 292
205 316
205 367
208 229
212 301
212 357
214 293
276 393
6 399
222 343
226 327
7 170
229 383
238 364
238 384
240 377
240 390
243 327
247 310
250 327
4 181
166 217
166 349
166 369
170 207
9 240
171 324
172 359
172 370
173 189
173 237
175 355
176 294
180 379
161 190
5 6
183 293
184 283
187 355
283 319
190 322
191 320
191 354
280 324
193 242
193 302
193 398
78 318
52 181
54 341
61 341
29 300
69 134
29 174
29 57
74 139
74 256
74 296
76 337
50 173
78 366
78 371
79 82
79 317
79 340
80 221
80 376
80 400
81 294
89 159
90 190
41 286
33 199
33 258
36 172
37 55
37 105
37 157
38 213
38 216
38 339
41 58
41 178
110 342
42 229
43 89
44 212
45 62
45 204
45 325
46 179
46 251
46 344
47 89
23 238
100 162
100 257
100 330
99 131
101 293
102 127
98 295
98 239
98 142
102 129
102 147
103 116
104 149
28 160
110 248
110 165
20 56
150 168
12 56
168 295
87 289
304 331
15 73
145 289
10 381
71 215
188 260
67 115
93 274
73 265
188 381
68 279
151 279
87 351
87 353
87 271
71 373
331 334
66 314
289 385
40 304
116 289
15 66
141 291
164 275
141 198
30 198
164 198
188 297
107 395
209 352
182 188
209 212
205 209
74 209
91 291
334 373
35 373
271 373
268 380
30 167
39 361
39 274
106 279
234 351
53 156
85 297
83 265
97 196
3 312
198 307
67 307
148 395
148 209
38 361
67 229
110 164
33 268
268 337
131 265
130 388
283 361
16 274
265 379
141 327
149 164
141 355
77 297
98 361
71 341
71 324
134 274
203 297
30 173
67 166
30 310
107 227
60 262
186 350
85 186
80 279
60 348
86 333
107 311
77 185
59 356
107 240
86 155
86 222
60 294
152 311
53 160
100 196
3 46
3 170
181 196
59 79
29 40
152 172
35 41
35 89
35 293
152 197
78 203
77 190
102 353
203 393
238 388
37 388
6 152
163 334
193 334
191 203
45 77
