9.563397
77033
28
47465
258179
123 138
86 111
14 15
13 29
60 84
36 80
6 87
79 121
30 37
122 157
69 143
28 57
12 135
114 147
5 97
7 141
59 154
9 153
9 115
9 33
9 25
99 130
99 141
69 99
11 130
55 132
14 160
55 160
81 160
75 160
71 106
9 27
9 145
11 27
57 88
73 88
29 88
88 148
61 94
48 74
67 74
42 114
42 61
95 159
80 159
105 159
77 159
91 108
91 120
36 91
35 116
105 116
12 116
158 160
42 1
16 26
26 122
26 111
125 139
38 89
34 49
48 103
34 58
103 126
38 117
38 152
23 34
92 103
102 155
112 142
87 131
121 131
106 131
24 131
109 159
100 160
85 156
85 102
85 101
37 85
21 88
135 136
18 103
45 155
97 159
103 109
63 149
149 154
127 149
1 50
43 138
43 137
43 146
68 150
140 150
5 124
65 134
65 143
28 70
54 124
53 65
70 129
13 150
124 128
21 116
45 93
18 93
50 136
94 100
19 33
19 75
144 157
127 144
59 116
98 104
6 104
22 104
38 145
142 158
42 47
78 82
82 84
51 82
104 139
8 15
8 123
34 47
64 133
64 67
81 110
46 151
41 83
32 118
31 46
30 66
46 128
20 62
52 110
56 60
41 96
56 76
56 119
62 86
72 110
66 113
4 66
3 62
2 118
17 107
24 107
10 44
44 79
39 125
99 131
40 71
40 90
82 90
118 132
39 41
