38.521846
1
84
4511
158679
212 231
223 272
22 76
79 284
32 144
120 159
93 228
194 198
7 219
135 218
85 260
48 295
42 151
117 285
131 285
136 295
78 295
111 173
22 163
103 173
187 278
187 226
285 289
285 286
173 278
163 195
187 220
72 173
163 294
178 187
27 123
125 164
20 125
211 222
125 238
193 235
115 137
29 126
40 264
172 264
49 188
171 193
107 271
115 162
153 239
95 188
271 276
270 273
3 271
67 273
66 153
10 273
65 188
77 115
243 264
153 284
53 264
115 297
143 193
118 258
137 230
119 282
170 198
53 287
145 217
85 114
123 217
124 200
124 231
114 265
159 282
117 149
76 118
114 168
30 149
19 268
90 149
91 170
226 230
218 299
25 124
217 272
106 268
15 189
14 299
201 287
13 170
9 255
9 126
251 299
9 81
189 208
186 230
177 287
39 118
42 268
93 189
257 282
171 241
96 241
43 80
43 212
43 296
32 241
21 146
146 262
17 223
58 68
17 112
17 24
120 146
68 190
7 68
161 211
161 194
161 181
98 147
97 248
169 250
1 11
113 140
109 269
109 214
116 133
101 139
101 225
102 291
246 279
210 213
213 281
215 221
228 280
229 293
233 279
234 240
244 279
206 280
248 292
253 256
256 288
259 291
261 300
277 290
298 300
128 215
203 249
192 203
174 293
98 185
160 216
157 256
154 252
154 205
152 179
140 219
140 148
132 202
132 191
132 134
130 248
51 160
41 160
44 116
45 84
45 99
45 158
46 122
46 197
47 94
50 138
50 263
38 109
55 116
56 141
56 180
56 204
59 240
60 213
62 74
69 215
70 240
12 291
1 31
1 242
2 64
2 236
2 237
4 46
5 179
6 300
8 179
94 121
16 101
28 250
33 54
33 63
33 150
34 293
35 250
36 50
37 277
94 199
75 154
83 277
86 203
74 142
74 135
73 254
88 98
73 176
73 104
89 280
92 207
92 224
92 267
79 182
166 182
144 182
155 172
184 232
196 232
163 175
151 285
151 295
175 193
273 295
187 283
260 287
27 29
108 125
125 283
17 260
110 151
153 271
163 209
82 108
57 260
27 230
260 280
175 266
173 275
61 222
175 203
183 188
170 283
52 299
222 227
1 151
165 273
23 222
27 50
52 241
26 127
127 227
23 153
9 100
82 165
110 183
52 247
52 146
18 282
124 167
222 274
87 271
277 283
129 264
105 217
167 247
100 140
209 256
2 209
33 167
92 183
61 109
160 183
61 94
167 250
18 46
18 101
18 245
56 165
98 165
105 291
23 132
23 215
154 275
71 266
57 156
87 248
71 73
71 293
45 71
156 213
156 240
156 279
129 300
179 274
116 274
27 232
