15.569514
1
35
130
221778
137 140
58 119
64 127
82 111
40 112
46 70
106 119
15 98
1 103
1 81
1 78
1 62
21 121
37 121
28 121
47 93
10 108
16 108
48 97
27 108
47 54
48 100
48 122
47 115
11 105
105 111
79 105
69 73
73 83
58 96
33 122
24 73
39 96
8 96
7 96
40 133
125 126
113 118
126 129
50 91
106 118
102 118
126 140
18 133
39 91
75 91
13 30
13 101
13 132
70 133
116 137
61 116
23 123
23 46
23 34
65 95
80 95
67 107
64 67
67 112
63 72
63 94
63 98
56 127
56 124
56 103
45 85
60 88
109 139
45 89
99 109
88 138
88 114
86 136
86 130
71 87
68 131
68 84
42 109
52 59
43 87
29 35
22 86
20 52
19 87
44 45
14 55
14 32
9 68
35 104
4 14
35 120
2 5
2 25
2 135
3 57
3 66
36 52
3 90
82 128
110 128
49 128
51 101
51 60
17 21
17 75
6 121
15 121
47 108
6 74
15 73
48 105
6 23
1 77
41 47
33 73
48 117
6 35
6 14
38 74
92 108
3 15
33 95
33 134
41 126
26 38
31 77
26 41
31 76
2 33
13 92
53 134
41 109
12 133
53 87
68 117
86 117
52 76
12 45
