43.467541
1
99
10649
73248
276 374
252 372
76 254
134 335
23 331
66 154
160 371
92 244
3 259
212 263
16 287
12 46
150 386
344 386
258 386
79 386
203 386
231 321
13 192
13 369
13 258
38 163
300 381
40 316
40 303
40 230
40 133
38 359
38 354
38 238
38 233
13 49
13 87
122 231
208 231
368 387
169 387
165 387
189 242
189 273
22 189
179 189
39 111
173 219
111 249
203 219
74 111
2 219
3 219
176 206
206 371
202 396
110 206
177 390
325 342
178 234
1 145
58 234
200 325
92 390
94 380
102 194
102 312
109 286
109 328
109 338
215 234
27 102
15 234
1 340
1 50
1 361
16 390
20 325
7 24
25 325
7 166
7 108
7 123
107 257
71 336
131 257
257 326
71 124
71 199
71 246
114 257
86 255
188 381
188 230
18 129
19 129
91 232
91 221
91 190
91 119
6 255
12 129
14 188
28 255
67 188
243 350
5 350
295 350
339 350
36 170
174 285
36 392
136 329
36 152
36 62
37 135
209 285
329 339
107 329
47 62
285 345
121 329
187 248
99 204
76 217
216 289
216 287
196 237
138 313
81 351
81 241
104 262
138 340
105 349
196 254
256 297
120 147
72 81
115 291
115 225
259 349
101 265
128 305
130 138
118 364
99 128
223 319
217 356
217 354
90 142
132 319
83 244
134 172
216 290
85 172
196 360
101 372
14 128
243 298
83 333
44 201
262 393
272 317
276 317
24 297
57 147
156 298
292 297
160 180
46 298
44 294
55 395
44 170
306 395
180 288
317 370
172 330
2 101
319 335
334 364
180 252
143 388
142 369
23 349
61 83
262 331
66 364
142 253
37 147
78 307
143 307
32 263
70 154
70 315
32 80
32 98
70 380
54 299
54 238
54 236
33 248
278 323
75 293
353 373
33 162
33 161
221 353
277 391
20 75
197 353
277 367
277 301
9 75
212 278
146 278
357 366
357 396
191 391
150 343
73 343
175 274
175 398
153 384
116 400
117 139
8 106
164 397
164 205
348 374
8 48
155 318
139 341
352 379
198 269
149 310
193 198
140 250
139 309
88 378
60 141
51 77
51 112
281 347
53 126
53 261
53 389
56 229
268 281
296 320
60 168
60 270
63 137
63 266
63 362
64 400
65 82
8 284
45 51
302 400
43 239
42 348
310 324
310 376
337 365
318 383
337 346
332 379
30 296
31 153
35 281
34 144
327 348
211 229
103 229
96 296
220 250
95 283
15 175
95 282
95 185
17 144
11 153
213 318
222 239
68 224
10 164
93 144
89 198
88 195
88 167
224 385
227 379
207 224
239 245
250 399
82 151
82 97
21 251
21 304
21 358
69 337
26 235
199 235
235 242
181 183
181 192
159 181
132 275
386 387
13 271
226 386
40 158
84 260
84 226
136 267
72 267
84 390
38 260
40 202
231 280
84 255
189 387
84 311
204 386
231 355
129 158
231 285
111 280
171 300
109 390
135 394
94 325
59 127
218 300
300 388
157 300
226 377
127 147
228 260
84 153
1 355
240 394
279 394
202 264
189 279
59 280
182 300
377 382
210 387
102 388
41 394
29 36
260 353
94 363
7 100
47 171
219 375
275 394
111 125
184 311
102 314
184 187
228 322
4 206
226 296
226 337
21 280
175 202
52 109
8 94
63 94
70 382
240 308
113 234
29 297
186 308
188 214
191 255
348 355
95 355
148 264
247 322
115 314
32 157
148 395
164 218
51 279
82 186
53 279
186 250
363 379
100 224
100 239
60 210
229 375
125 281
4 88
144 214
41 139
182 310
247 318
52 400
113 198
