11.062510
39202
37
52827
84489
1 213
153 249
175 237
149 243
75 98
119 135
39 103
61 238
52 205
25 220
13 164
49 192
43 230
40 206
85 158
16 67
99 208
165 239
76 156
41 156
37 236
91 123
76 91
81 91
74 91
91 242
28 184
152 176
131 161
28 212
14 196
52 196
182 212
196 214
134 219
9 219
36 219
219 226
181 209
80 122
160 187
111 203
20 92
92 153
92 171
83 166
172 242
172 227
172 181
118 191
113 139
146 194
48 77
77 95
77 126
77 144
77 201
23 30
53 75
4 33
54 185
112 241
55 204
17 41
64 221
8 64
42 57
56 120
102 156
136 175
148 222
33 136
32 190
133 136
5 160
5 112
5 61
24 222
190 193
190 220
54 222
118 141
180 233
178 201
161 178
6 138
6 200
46 200
18 200
82 108
69 86
2 151
1 86
137 151
151 240
36 82
82 176
88 151
82 186
86 106
12 86
38 249
162 186
21 205
21 139
140 223
97 223
223 243
62 73
10 100
105 159
94 143
110 143
235 247
79 143
39 247
114 149
114 221
113 132
196 203
109 120
109 245
131 215
212 215
10 116
116 165
116 170
102 187
125 127
89 156
91 117
84 184
31 230
31 237
163 179
8 179
158 179
106 232
171 195
169 228
164 195
93 250
16 217
37 232
150 232
93 240
115 197
128 195
34 217
121 228
7 197
173 195
50 228
44 197
217 246
65 234
127 210
55 233
67 209
200 225
210 225
193 218
110 218
70 183
56 183
65 77
204 223
45 162
19 91
13 64
68 191
27 159
17 49
17 43
17 180
130 211
45 78
27 29
78 132
45 100
105 202
101 207
73 101
40 241
155 213
58 155
91 212
124 168
124 192
68 202
59 66
5 111
29 219
22 70
49 231
152 248
167 216
15 71
216 227
87 182
87 199
157 229
22 138
25 78
5 146
70 85
38 188
72 166
72 142
26 135
26 98
156 244
80 147
96 147
59 211
154 238
174 189
3 11
129 174
11 51
11 119
47 63
107 154
90 224
104 177
104 145
90 198
103 174
57 63
35 63
99 104
208 231
66 82
194 247
60 196
84 151
86 117
185 236
19 53
30 64
62 239
83 244
4 122
42 130
23 90
188 229
228 248
60 197
71 125
