14.955883
34316
46
8076
86527
61 200
36 231
45 70
110 199
87 181
205 235
153 232
18 156
101 196
102 103
4 135
123 242
79 242
24 242
111 150
62 170
62 152
62 100
74 182
46 180
54 139
136 187
126 188
86 109
84 100
92 234
215 234
12 21
21 250
21 149
21 107
209 245
59 154
76 220
66 132
41 220
59 82
216 220
66 148
66 229
138 177
93 177
220 229
59 80
189 246
189 203
125 189
134 189
85 238
114 200
219 226
204 226
130 244
160 226
195 244
174 244
144 192
55 192
169 192
42 171
69 181
27 69
69 133
65 69
161 247
211 247
112 186
25 186
11 202
21 78
89 124
49 97
18 172
172 236
54 172
33 141
104 141
141 243
91 156
37 91
196 239
102 239
197 239
74 91
17 56
19 23
17 146
158 175
9 50
34 206
36 131
24 131
67 88
9 237
4 131
9 119
34 185
131 223
8 13
88 201
88 104
20 26
81 88
34 153
34 99
26 176
26 223
13 58
16 26
13 38
13 35
2 250
121 163
96 130
118 164
14 164
63 183
143 183
121 183
161 190
122 177
20 210
210 222
198 206
198 224
64 86
64 231
44 64
58 198
187 248
84 242
16 129
129 246
175 239
234 242
105 191
15 39
15 150
6 101
212 244
39 227
83 227
137 178
178 245
21 47
127 194
194 235
3 87
3 68
3 40
29 194
66 135
1 151
1 203
23 218
122 141
90 115
30 90
78 190
47 220
66 157
61 166
83 166
115 166
27 72
72 98
177 207
89 142
47 168
59 106
189 207
32 177
2 218
59 180
73 208
73 155
94 220
6 62
59 188
177 188
120 159
75 120
62 192
159 173
145 173
22 167
60 199
19 167
60 140
60 97
5 226
10 232
10 42
10 126
32 114
108 217
71 85
71 221
162 230
241 249
136 214
110 249
53 71
28 51
113 228
124 162
28 70
28 95
116 240
30 162
179 233
184 228
193 214
46 214
45 240
202 240
43 213
205 217
43 154
52 249
77 233
43 75
168 191
165 212
139 192
48 105
57 111
31 165
106 186
96 142
147 226
49 105
17 157
103 164
147 192
209 244
163 242
172 225
69 238
5 7
11 117
69 171
17 117
128 208
55 128
9 226
31 233
94 194
7 228
