6.013871
144725
24
28597
214132
1 158
64 73
61 137
5 74
150 172
48 155
43 101
135 167
24 171
60 80
105 127
62 111
39 116
31 72
4 154
147 180
29 107
118 168
110 136
152 163
20 71
50 122
106 170
56 169
63 153
29 90
90 112
77 90
37 39
78 151
132 157
99 143
9 175
9 28
9 149
9 97
4 130
56 130
67 131
24 140
131 149
40 140
22 125
9 134
34 94
8 80
8 127
140 155
8 81
101 131
130 151
78 81
37 156
104 158
51 176
31 51
51 92
7 51
23 177
21 62
136 138
44 79
44 113
114 126
88 126
63 166
11 166
82 166
74 166
1 54
54 160
59 91
109 144
10 119
10 61
10 100
10 118
87 125
87 146
129 130
79 102
6 102
40 108
82 108
32 179
27 143
27 28
27 83
27 88
2 124
117 133
2 64
2 50
117 150
92 117
85 169
156 177
19 162
27 105
99 116
85 90
7 58
46 58
65 148
13 107
3 23
3 137
20 41
41 179
32 95
148 168
13 157
66 154
72 159
21 47
57 69
65 138
147 153
108 132
17 164
17 149
8 71
75 103
91 103
38 175
38 142
38 46
12 25
25 113
25 43
16 84
16 75
12 165
84 165
128 165
135 165
47 66
68 89
89 114
54 110
36 85
18 30
111 123
30 121
30 76
33 123
98 100
93 142
93 96
14 98
159 162
9 163
26 34
15 26
73 173
5 173
70 173
36 115
45 141
18 45
52 86
139 170
139 145
42 139
55 86
45 167
19 109
22 90
35 49
49 172
53 178
152 161
120 161
140 174
59 106
171 178
94 174
57 115
86 122
