7.186977
226724
23
211503
248859
25 72
15 74
5 139
42 141
28 85
3 12
36 53
22 150
34 150
82 113
87 125
27 109
88 118
74 118
61 118
65 95
108 144
64 106
12 67
16 72
16 106
45 136
38 146
39 70
71 92
92 95
92 157
134 158
57 134
128 134
49 134
54 70
13 92
14 30
84 150
33 112
98 105
31 82
31 116
23 145
53 118
35 156
32 100
48 76
138 141
14 138
40 104
17 93
40 132
12 126
24 153
24 110
24 105
62 135
58 96
118 140
84 146
37 42
15 37
64 93
26 80
41 150
52 143
31 36
3 120
16 135
21 150
108 152
90 152
17 150
30 67
81 154
81 127
16 140
38 115
13 102
8 131
102 148
128 131
87 131
18 97
18 124
91 115
18 121
115 149
44 130
69 130
97 123
10 22
10 94
123 158
34 130
5 10
10 160
7 107
73 118
26 51
41 144
11 156
12 75
56 109
56 127
86 122
4 21
12 142
70 126
47 59
47 147
47 117
68 99
25 99
73 92
7 143
12 24
107 119
60 101
101 155
11 150
28 130
19 120
77 85
77 137
4 51
62 119
118 134
65 122
89 159
157 159
43 45
66 111
79 111
20 63
20 29
89 111
9 43
2 133
43 114
46 83
46 145
46 151
2 112
2 55
1 103
1 50
1 32
35 132
48 150
6 86
27 142
75 78
80 96
16 33
129 155
39 129
23 70
132 136
100 122
20 78
6 47
