11.190668
104434
30
14513
228557
1 128
13 140
37 100
6 175
86 119
5 29
91 160
106 141
30 151
42 68
9 72
93 144
73 124
4 94
107 171
70 114
36 47
36 176
36 104
5 36
20 97
2 20
46 170
80 121
32 52
23 52
52 58
52 150
36 75
36 66
32 173
115 173
130 173
95 164
30 164
135 164
50 93
42 50
53 143
53 157
53 159
53 174
9 50
16 53
40 65
7 177
120 180
120 145
120 131
118 177
37 177
103 136
63 65
14 103
65 142
103 140
20 87
15 134
83 147
19 60
35 119
15 122
35 116
15 88
15 19
71 113
147 169
13 147
60 161
57 60
11 96
10 113
6 98
122 167
23 98
113 162
113 150
105 167
26 96
98 146
96 112
96 100
35 109
89 147
89 98
90 167
92 167
52 154
33 129
75 103
40 165
20 77
67 108
21 180
62 86
62 126
47 156
127 142
1 78
78 121
74 127
29 127
117 156
78 91
55 125
67 77
38 64
55 113
61 80
85 160
85 159
72 137
70 173
20 171
21 68
54 65
54 177
66 163
87 98
65 124
79 172
48 141
48 56
8 51
41 152
41 115
41 44
39 179
12 48
18 51
34 179
31 79
27 79
51 161
24 163
43 137
24 110
49 139
128 139
25 133
11 133
81 111
81 123
3 153
76 81
3 151
3 82
108 120
35 99
60 99
22 38
28 53
59 144
60 108
17 84
33 84
28 120
106 132
94 132
148 168
148 155
107 148
73 166
158 166
101 123
101 172
138 174
138 178
43 102
4 15
46 110
64 165
108 129
22 149
79 154
61 179
3 170
45 69
69 149
