23.857926
82586
61
67456
89447
144 185
55 238
13 244
72 96
82 196
41 112
15 123
39 169
66 171
188 190
40 61
40 62
31 147
24 42
71 213
71 127
86 173
20 38
19 226
19 145
19 129
24 104
24 204
24 225
58 239
46 71
30 32
30 47
30 156
33 173
35 177
38 216
38 171
7 19
186 239
15 239
173 191
146 177
91 177
87 151
105 202
106 151
68 79
79 85
79 117
154 187
114 154
42 94
172 246
39 94
223 246
103 154
59 112
94 224
16 154
94 130
92 246
59 185
11 59
125 168
90 120
90 138
90 146
90 180
125 244
125 163
125 155
113 208
43 208
98 208
1 181
101 127
23 247
23 230
107 207
222 223
194 207
75 143
14 21
26 132
52 215
174 229
174 190
21 215
48 134
175 234
176 232
167 175
17 48
141 174
29 215
231 232
119 175
73 248
60 121
67 240
133 240
3 214
3 200
73 131
122 198
121 135
73 160
161 198
148 153
148 193
78 240
3 12
108 137
84 121
108 136
235 242
97 108
10 148
179 242
210 242
184 198
53 70
44 69
7 110
110 197
110 220
53 188
2 65
56 178
69 163
178 183
34 69
65 99
65 100
178 243
18 219
219 249
64 219
167 192
118 238
4 118
144 164
169 199
13 199
165 245
26 212
9 212
130 157
8 164
41 245
152 218
6 116
6 87
106 164
152 211
152 194
5 63
113 115
143 199
6 28
5 181
115 241
115 250
5 114
170 237
50 81
74 228
76 212
50 205
54 196
50 72
49 54
80 170
66 170
82 157
62 157
83 228
25 54
182 245
61 228
76 111
111 243
45 77
105 142
45 126
37 51
166 236
27 150
96 142
27 55
31 45
22 37
123 166
166 221
142 149
38 40
40 239
209 249
2 209
79 177
71 79
30 246
57 59
151 203
202 227
89 177
30 89
88 151
24 36
203 246
71 158
19 95
95 202
147 175
124 151
159 173
38 128
222 239
109 215
102 162
36 154
75 202
151 207
132 173
102 202
109 195
162 189
14 59
40 53
40 233
93 158
101 208
23 227
147 233
202 206
37 147
57 178
159 232
88 242
94 140
48 217
3 128
108 207
36 219
1 118
189 201
192 217
148 206
48 139
201 240
140 198
73 139
121 139
