19.861781
17260
58
108422
137611
46 58
131 153
21 217
247 263
281 285
213 281
17 281
279 281
197 244
133 161
210 276
161 212
161 252
22 197
266 276
193 211
40 193
105 216
76 105
105 236
105 152
62 212
96 199
55 135
174 254
63 95
206 231
16 231
136 231
86 237
17 188
67 228
103 132
44 131
99 295
135 165
44 174
44 207
194 202
57 202
179 288
78 228
103 143
103 293
103 298
111 228
247 288
99 150
13 165
114 288
99 241
81 202
123 202
228 289
99 166
119 256
145 256
133 262
9 128
9 208
9 265
9 278
151 169
177 239
177 255
122 177
150 170
129 297
66 129
68 129
129 160
51 84
84 236
77 274
52 112
112 235
35 112
5 112
46 71
71 181
71 217
187 293
149 192
79 204
220 292
108 292
102 292
12 215
61 218
34 159
141 248
145 173
148 152
148 201
148 241
91 253
91 264
8 196
106 196
198 248
68 218
91 118
213 218
24 157
87 172
109 148
249 271
221 248
127 173
249 268
15 117
83 249
116 117
159 255
35 173
159 258
94 172
172 176
42 173
160 249
6 117
155 157
159 206
156 248
157 289
2 196
162 254
29 245
125 187
58 164
109 164
115 229
90 291
251 296
80 114
80 119
80 156
90 226
69 164
36 296
115 259
51 90
73 219
162 165
97 191
165 282
89 232
22 232
108 270
246 270
28 45
28 96
186 270
28 224
18 281
138 193
113 282
26 138
170 294
105 276
44 290
161 242
55 281
25 290
87 267
53 215
53 184
53 142
195 267
100 267
244 284
63 284
104 222
222 280
222 269
38 56
38 110
38 137
158 243
39 146
50 88
146 283
40 250
72 238
3 250
67 158
64 72
70 126
126 180
126 191
273 276
79 294
55 105
193 231
214 286
262 276
60 265
37 60
138 202
73 218
4 149
4 43
74 197
183 273
157 274
47 93
47 121
151 190
14 190
161 177
225 263
7 225
275 279
144 275
24 139
121 139
101 163
154 243
287 300
154 240
140 203
140 189
140 153
171 207
134 299
124 260
237 299
54 132
82 147
81 227
5 260
75 205
65 75
64 171
59 233
59 223
10 299
59 106
54 211
49 147
11 227
41 257
39 171
92 260
33 272
33 111
31 300
30 41
29 33
19 154
130 234
161 261
62 288
18 107
178 199
105 185
98 193
120 242
95 231
163 192
130 261
23 288
86 228
125 299
27 165
9 103
85 129
77 167
101 188
112 230
200 234
178 185
115 197
26 168
219 292
112 169
129 209
117 231
91 273
175 182
20 175
1 182
1 179
230 296
74 196
32 120
193 267
48 172
12 97
242 300
23 286
168 277
41 85
53 209
88 113
38 48
32 222
147 245
75 277
