7.181116
304773
21
179
339235
57 83
18 62
37 38
9 91
88 103
89 114
58 81
12 91
12 84
12 73
70 87
3 8
3 19
3 42
52 111
111 117
51 90
90 93
60 111
64 66
5 66
66 102
102 111
80 90
21 47
47 100
47 96
47 61
49 89
36 101
1 50
1 27
92 120
62 92
54 92
78 83
67 81
34 67
39 46
32 39
24 99
24 88
24 44
39 50
22 86
86 110
25 112
106 108
86 113
23 108
15 74
4 86
74 116
69 108
71 74
109 112
33 112
26 29
6 79
68 94
94 103
72 94
7 100
41 70
41 110
11 41
7 38
7 31
12 59
82 99
2 114
57 82
2 9
73 98
98 120
58 66
19 40
40 43
12 118
20 77
45 63
55 65
43 45
29 75
16 65
37 75
17 95
13 65
18 45
17 119
36 75
10 28
35 105
53 111
66 76
39 107
24 56
78 105
3 85
49 87
14 53
86 107
76 101
20 48
90 111
3 97
28 115
92 104
85 90
10 59
24 59
35 48
77 108
16 30
30 34
56 79
74 118
97 112
17 104
