13.350982
9351
35
70308
152589
1 166
81 84
26 189
99 119
140 190
15 49
164 175
70 186
8 191
115 173
44 83
66 138
129 131
95 118
77 86
158 199
100 153
101 110
98 101
55 101
33 98
33 107
33 141
40 163
123 172
40 102
102 140
102 166
164 172
10 172
74 172
101 170
57 104
71 104
104 143
104 125
45 104
123 152
75 183
69 152
67 183
81 152
162 183
183 188
59 160
193 198
76 91
79 83
79 189
65 79
69 79
79 90
33 151
134 156
59 63
63 115
63 75
48 62
62 200
62 103
62 73
23 63
19 148
8 47
53 82
79 187
95 152
49 72
70 142
105 150
55 72
82 142
94 142
116 130
31 72
12 130
15 150
150 177
117 147
133 137
11 14
14 34
14 111
86 137
137 192
27 120
80 137
106 120
120 122
170 181
181 187
6 50
6 133
13 80
35 101
46 85
29 113
16 193
16 191
16 132
29 139
37 108
37 195
38 184
96 184
78 109
85 173
54 136
28 136
183 197
44 183
35 102
153 176
13 151
5 53
127 149
93 196
157 179
93 190
68 180
91 149
68 119
93 167
39 186
149 178
4 179
25 182
57 179
39 56
39 135
45 68
25 141
25 121
61 161
134 161
33 176
102 131
30 163
62 118
23 114
26 159
42 159
41 114
5 124
18 92
2 112
3 64
7 18
9 18
112 146
24 174
51 64
24 165
24 89
58 112
64 154
109 163
148 172
33 199
87 103
87 144
145 185
65 185
19 60
100 194
22 194
60 138
21 36
36 158
20 32
124 197
99 155
128 155
47 171
66 97
97 169
88 117
52 198
78 88
101 104
30 120
37 131
76 102
52 120
147 184
156 163
29 77
62 126
130 160
14 126
32 171
136 163
43 163
168 172
17 142
24 156
17 64
18 168
43 112
