23.718730
142896
66
49658
143311
13 257
88 203
6 286
109 150
35 296
71 293
27 74
62 159
120 202
14 216
3 66
127 223
162 179
147 288
45 189
171 297
171 251
45 114
281 292
169 283
6 169
153 169
27 128
128 198
128 275
58 128
128 167
107 156
12 206
155 295
135 230
133 177
133 206
140 234
133 288
88 181
51 176
51 261
51 274
125 181
26 41
26 52
61 140
67 253
87 230
147 181
218 289
205 273
203 207
207 265
186 273
178 230
253 255
271 289
18 26
166 207
159 289
177 279
95 279
121 279
160 279
48 279
5 172
5 283
5 42
83 86
33 132
33 138
86 236
8 256
86 259
5 295
21 116
54 86
244 281
109 244
195 244
187 256
244 299
14 21
24 33
170 256
21 214
116 210
30 254
208 280
30 262
30 118
30 46
98 280
127 280
176 280
75 157
75 115
75 263
209 282
185 282
1 40
282 300
1 7
1 82
1 242
43 75
59 168
48 152
142 260
174 178
183 194
125 129
50 90
10 252
93 252
204 299
204 272
130 204
161 188
37 144
136 226
79 173
17 226
189 298
202 226
44 79
242 298
65 293
65 69
108 296
108 119
108 179
134 154
131 154
3 154
240 241
76 277
227 248
36 240
34 248
32 72
149 182
31 277
96 248
25 85
139 182
137 277
182 229
240 285
25 231
25 78
64 193
71 193
72 105
53 193
72 199
131 228
105 143
38 143
208 213
98 219
56 219
164 266
164 216
97 290
35 290
258 275
257 258
122 151
28 239
114 145
63 245
38 101
113 144
211 243
11 91
113 250
60 286
60 121
22 49
113 220
9 151
141 145
57 66
13 221
56 104
16 221
180 237
167 211
165 245
55 94
41 57
183 270
162 222
11 100
151 161
57 81
11 107
196 200
200 224
201 246
120 145
39 211
59 249
60 62
237 238
221 259
104 124
103 197
103 150
74 104
222 268
239 294
94 223
73 246
103 191
70 92
233 291
101 287
254 270
101 235
249 269
233 263
80 94
106 249
68 233
4 49
2 270
92 117
90 92
79 284
171 267
112 156
111 171
51 112
215 267
20 169
213 284
45 282
33 169
112 174
112 129
123 269
123 166
45 146
163 171
29 156
12 140
126 163
112 146
112 175
128 212
77 156
207 278
163 292
21 215
190 225
111 289
181 264
45 154
23 230
29 30
155 260
86 158
15 273
20 276
247 253
45 248
45 182
152 273
26 232
215 252
102 276
72 126
19 184
19 158
99 102
156 188
244 247
192 252
232 256
110 279
89 230
37 133
15 225
23 47
21 148
50 168
75 89
108 278
49 190
193 278
217 256
51 84
184 237
77 200
246 264
148 240
110 245
25 217
84 277
228 239
