29.316444
53773
82
7206
65295
159 388
232 259
27 293
239 240
44 367
106 140
158 271
156 323
12 41
69 334
243 270
100 324
215 328
174 380
71 249
71 253
10 197
261 299
204 333
21 38
21 103
21 186
21 387
11 20
214 273
195 368
87 132
8 105
263 390
62 131
74 296
132 378
70 74
62 198
62 195
8 393
46 245
46 234
46 144
46 135
8 37
8 186
110 200
80 115
115 223
115 367
105 114
13 29
40 99
301 374
27 309
47 309
236 351
336 351
242 351
252 309
324 351
351 366
158 309
212 275
183 245
79 318
207 291
233 304
331 397
154 331
165 192
106 330
86 265
237 321
152 278
143 278
109 330
86 257
210 255
206 330
201 237
60 86
99 255
278 356
100 255
237 305
321 376
115 276
42 191
220 262
313 317
231 262
52 344
150 344
51 293
332 365
317 325
42 303
42 356
42 388
51 275
317 398
45 339
319 344
51 108
31 241
136 332
139 332
248 258
244 339
169 241
101 262
258 288
260 344
241 292
241 283
23 339
57 258
3 26
25 243
25 263
25 280
25 326
26 266
26 392
5 26
276 309
312 347
242 347
323 347
90 171
345 369
328 337
201 369
337 338
43 369
72 337
171 179
298 369
171 374
171 384
337 389
83 268
89 312
33 89
10 238
50 140
50 148
50 187
17 92
17 173
17 280
11 17
189 361
176 350
120 219
162 219
56 216
354 385
197 385
202 385
216 219
56 177
10 71
59 272
232 272
21 157
33 364
110 364
127 249
108 127
96 203
95 175
267 346
95 102
60 151
267 366
267 397
359 383
12 359
218 359
10 200
18 163
18 228
250 342
18 75
19 250
122 355
24 82
24 133
118 160
170 250
30 310
160 168
180 217
180 373
180 394
48 358
48 335
48 61
213 355
221 355
68 160
30 396
30 334
24 360
184 350
123 184
92 314
314 384
149 159
113 164
149 225
81 382
149 311
113 150
113 134
382 400
361 382
155 285
226 285
21 62
357 386
90 340
39 235
259 357
257 370
172 370
155 340
62 121
211 343
343 377
21 78
126 316
316 399
47 295
1 295
2 23
2 277
157 233
161 182
3 161
9 271
9 327
117 154
117 363
283 289
172 289
185 348
34 166
166 377
15 338
15 125
8 35
147 372
67 298
41 77
147 300
205 329
147 215
128 270
67 137
146 315
142 381
142 296
277 329
138 291
281 371
28 36
29 36
129 399
129 375
129 286
282 352
254 349
188 395
193 234
193 261
181 240
181 182
53 138
54 104
55 142
178 341
251 302
44 302
49 352
256 371
167 181
16 67
63 229
14 320
156 395
266 341
65 395
66 128
6 196
32 315
6 97
104 204
34 112
77 322
36 239
107 193
307 341
104 165
222 302
84 229
112 145
79 138
126 128
112 273
229 346
77 174
224 279
224 268
94 209
94 253
94 304
91 379
37 352
76 329
91 284
224 227
96 371
98 349
349 354
6 69
297 320
199 255
141 391
171 269
114 132
13 390
71 332
74 287
141 306
74 183
132 318
64 115
88 269
71 337
74 192
26 124
237 390
46 330
306 339
119 390
56 238
35 119
20 362
58 141
40 330
116 309
10 203
58 230
86 301
176 333
290 380
58 258
73 130
58 130
40 339
290 391
22 190
85 121
4 85
78 272
190 230
153 294
40 111
199 235
22 93
10 274
83 376
189 207
42 246
64 294
93 278
95 212
308 362
48 390
355 390
214 316
185 299
194 344
194 262
4 113
7 317
208 317
208 246
58 247
91 153
30 116
264 332
308 315
111 353
151 180
7 320
18 264
24 274
247 250
160 353
