48.764651
71372
123
16666
90401
89 118
456 472
220 322
221 427
19 141
228 405
24 256
150 186
274 280
1 56
277 309
76 447
73 99
170 372
63 239
336 402
51 281
122 278
141 191
187 446
328 441
232 328
126 483
227 316
170 470
233 470
185 470
353 388
56 388
20 388
31 388
1 23
23 110
15 23
177 275
275 476
274 275
360 408
275 401
89 408
13 428
13 344
13 244
13 178
408 472
207 262
262 310
122 262
151 391
12 247
398 427
155 202
243 398
85 202
202 373
398 407
331 398
169 290
230 350
241 299
156 159
351 379
281 374
278 285
290 351
285 287
276 416
273 374
364 371
113 366
260 285
113 289
374 483
156 344
118 351
416 485
108 156
151 425
395 425
425 456
167 210
38 360
77 182
73 196
54 286
137 155
54 239
153 434
308 489
54 338
55 288
182 482
57 136
158 161
137 432
137 386
137 302
68 411
100 136
114 386
114 341
114 277
114 129
220 411
105 494
105 380
105 372
226 288
196 323
179 182
79 235
240 283
133 434
92 473
92 445
143 434
88 196
283 350
288 353
288 431
80 136
79 418
5 105
44 449
44 433
44 263
43 283
9 50
9 121
411 481
449 489
9 486
464 489
17 178
17 304
36 92
161 467
161 315
17 395
17 422
31 283
51 161
325 390
159 192
82 325
39 335
39 270
311 325
39 97
29 148
29 444
29 439
78 450
78 166
78 109
29 414
37 78
6 103
6 279
6 342
426 476
209 337
59 237
129 195
217 248
183 457
339 355
175 287
107 175
147 221
102 142
147 250
123 228
123 345
147 186
71 380
71 446
71 495
201 467
201 494
30 384
35 493
59 389
209 384
441 493
384 496
443 493
389 474
176 389
172 269
45 238
424 466
16 300
219 487
18 27
168 419
174 451
14 216
218 490
251 438
216 430
223 465
130 468
138 383
138 295
2 22
2 162
2 181
165 487
3 138
4 488
140 157
132 468
459 498
145 305
168 224
199 253
200 468
127 488
7 368
124 465
205 438
120 361
206 368
119 413
208 253
115 218
74 397
69 442
306 497
305 363
300 461
348 365
72 168
349 453
45 438
69 303
297 487
296 459
292 365
352 397
42 435
42 399
42 245
18 294
47 246
47 254
65 488
64 300
47 298
171 382
157 423
61 160
60 174
317 466
318 458
319 382
48 119
330 365
160 460
21 329
257 314
253 393
160 234
96 382
26 361
376 459
381 397
396 465
40 333
174 264
21 116
21 49
229 318
19 157
18 378
225 333
257 455
357 453
284 453
84 218
282 318
361 479
362 497
34 466
33 119
272 305
271 497
261 333
368 409
152 216
28 69
257 354
134 146
328 470
164 187
164 392
75 359
310 359
158 359
327 420
309 421
312 377
312 437
321 415
322 415
324 358
326 421
144 166
336 400
339 484
367 371
402 415
421 429
439 462
447 484
457 462
469 484
180 405
215 227
188 189
189 491
191 387
193 400
180 214
194 259
198 340
198 347
204 387
211 417
299 375
215 256
215 454
222 375
232 417
242 268
242 307
259 267
259 280
291 324
41 400
117 480
83 462
144 369
128 190
144 356
24 104
128 346
32 420
131 142
104 112
43 189
67 387
66 231
135 231
134 312
63 128
131 247
62 375
131 463
111 177
10 184
10 320
10 452
104 486
99 420
8 367
93 492
93 332
111 265
111 331
91 367
117 154
150 180
167 266
76 266
316 385
90 316
248 500
258 500
477 500
301 316
249 328
90 408
12 470
230 316
46 398
262 275
90 285
388 410
54 385
87 416
78 90
391 416
87 471
58 316
95 385
163 249
86 325
79 262
335 404
404 452
13 25
46 412
203 249
86 95
136 202
25 202
23 149
169 411
173 202
23 403
38 113
11 411
249 394
328 389
92 410
163 489
196 285
343 410
236 262
113 125
70 398
39 163
384 385
182 203
351 370
29 197
106 237
94 169
58 364
90 438
333 385
236 241
192 212
334 343
313 370
125 255
106 183
52 106
269 301
6 39
81 255
94 210
126 242
408 448
105 252
212 217
137 293
293 434
98 197
81 406
169 365
169 216
249 475
106 139
47 410
163 318
163 368
374 478
79 213
92 440
11 324
53 364
54 146
434 499
192 361
192 453
149 257
195 487
403 466
69 70
117 173
183 459
174 183
168 183
198 426
157 252
102 397
42 102
160 293
52 93
101 406
138 440
213 488
2 448
98 436
139 218
139 497
18 139
21 478
468 499
465 475
53 382
231 238
101 300
253 436
101 305
119 436
