23.839741
84837
53
4113
143676
104 118
72 91
69 152
11 150
12 85
55 126
109 126
57 126
9 126
92 122
92 131
29 92
92 162
25 138
17 120
22 120
64 196
64 121
64 109
47 151
76 151
58 64
151 193
85 138
138 143
138 140
124 184
103 124
82 120
124 153
113 124
120 192
105 160
133 144
160 196
133 179
133 187
32 134
35 173
50 160
108 173
101 163
101 135
97 101
93 173
65 134
71 173
133 158
14 160
7 179
7 146
7 102
7 33
15 134
4 144
18 49
68 117
12 49
49 193
49 155
37 177
37 132
19 37
25 98
8 154
42 98
8 91
104 106
8 119
106 112
20 98
106 171
46 90
34 46
46 118
44 141
72 141
141 149
3 102
182 183
28 56
14 54
48 150
54 69
28 71
28 122
26 54
6 137
129 182
95 107
48 176
48 170
95 158
6 52
70 95
117 182
78 84
125 159
73 80
174 188
142 164
10 43
80 167
80 198
83 186
130 157
2 36
24 45
96 136
99 127
175 188
5 45
136 181
115 127
61 159
38 86
36 161
38 168
53 63
53 100
36 40
51 127
31 53
147 186
13 78
59 62
59 79
59 81
142 199
60 186
11 66
157 178
157 194
38 169
16 136
10 190
10 185
142 197
66 74
66 152
39 78
23 188
27 45
41 159
67 75
94 116
114 116
116 184
75 192
75 145
30 111
133 172
124 165
151 195
98 165
101 151
68 138
66 172
165 189
110 180
3 165
88 126
120 128
37 134
92 139
45 165
77 110
88 180
87 180
101 191
64 156
4 21
148 195
87 173
77 89
49 123
37 123
180 200
1 160
8 191
128 189
53 68
106 139
128 186
128 142
6 21
10 21
87 127
36 87
1 38
148 166
80 200
188 200
156 159
59 156
30 180
157 166
136 166
78 166
