16.439506
8836
55
5375
66732
21 168
22 229
176 187
205 250
91 195
78 124
118 278
109 174
5 217
105 237
104 185
226 230
272 275
8 79
70 79
79 198
112 246
112 240
112 115
32 112
148 299
261 299
287 288
185 247
93 101
44 165
35 167
141 259
245 256
130 249
120 178
193 271
82 120
116 193
281 294
40 67
1 137
1 136
1 279
1 229
128 200
84 177
117 240
117 226
157 172
157 272
157 286
26 117
48 289
61 123
238 268
27 297
27 110
27 77
158 218
126 158
39 158
57 178
57 216
57 224
5 57
14 149
181 187
129 181
181 186
173 273
173 242
161 173
199 203
199 200
96 199
199 212
202 219
230 275
46 74
76 151
119 133
63 218
47 63
14 63
6 276
228 277
6 284
6 35
248 299
102 156
121 269
121 204
4 72
4 217
156 291
156 238
4 159
109 121
193 289
48 247
38 89
221 261
51 66
7 142
101 232
50 66
7 295
2 7
66 206
75 183
7 91
183 285
26 232
118 232
183 190
46 232
107 158
42 252
55 171
42 113
21 182
182 278
80 195
97 176
170 223
97 165
97 147
55 163
160 182
223 266
80 279
55 126
86 214
213 214
25 112
71 299
22 88
88 220
1 122
89 248
19 284
8 19
193 248
248 281
28 169
28 172
28 201
52 112
108 179
108 271
41 65
65 179
61 235
95 235
73 131
73 280
130 225
203 265
135 265
112 222
87 106
78 215
10 215
106 168
144 196
144 171
34 144
174 215
106 177
79 89
122 139
130 239
117 296
139 296
38 199
1 71
256 299
243 299
275 282
194 243
120 299
173 298
13 255
72 255
52 81
86 197
20 197
128 175
158 275
63 257
282 292
131 264
260 264
74 298
44 81
37 79
222 234
132 146
25 145
236 270
140 180
124 140
90 211
114 258
114 249
227 254
59 143
94 114
15 254
103 262
103 219
103 125
99 263
98 138
99 209
20 140
23 58
23 283
30 59
17 138
31 236
3 260
3 69
186 236
150 211
3 231
134 160
67 134
93 191
189 239
60 173
89 130
152 208
152 288
111 166
76 111
250 251
251 300
267 290
267 295
105 267
244 246
45 83
45 253
45 49
43 184
16 85
16 127
16 192
153 184
184 210
155 188
96 188
12 29
54 57
130 132
36 233
29 241
100 205
100 141
18 53
64 274
13 64
12 132
228 275
27 164
36 53
66 248
215 257
56 57
62 207
42 248
54 68
119 175
24 293
40 268
183 225
11 56
62 145
18 154
24 228
154 194
104 264
9 120
123 233
33 79
164 293
68 92
130 151
80 287
33 259
9 202
223 234
45 275
23 60
92 99
207 211
37 254
117 162
11 138
149 184
59 221
16 162
