7.155114
212055
21
62619
250060
9 33
80 122
28 98
64 126
141 146
11 75
74 85
83 118
39 77
132 140
35 135
101 150
144 159
90 109
51 121
13 52
96 127
3 103
19 124
21 130
62 107
6 107
107 111
31 92
24 37
88 106
22 105
105 148
18 56
23 56
8 142
142 155
29 142
40 142
10 58
70 91
67 155
67 147
63 91
67 108
91 118
149 153
28 153
145 153
12 49
49 100
49 150
49 126
44 154
58 138
16 105
105 140
25 55
25 63
18 25
25 125
67 90
109 154
43 137
42 99
94 153
56 68
127 156
22 25
44 103
20 84
54 156
35 142
57 125
47 57
23 46
46 92
107 144
2 80
5 65
29 65
48 54
2 13
91 138
116 136
32 123
34 136
32 128
73 76
73 119
66 71
33 136
71 145
32 43
71 97
32 62
83 137
31 48
3 71
42 77
2 148
89 93
106 107
86 114
84 114
104 160
115 160
1 160
26 160
20 68
2 11
32 94
51 105
10 72
2 74
7 122
7 133
1 120
87 120
102 143
24 102
52 61
38 135
47 50
39 50
59 134
115 134
15 136
19 129
99 129
82 96
82 146
64 82
81 132
27 81
141 151
21 61
68 160
15 151
4 45
30 45
45 85
41 158
60 78
60 139
9 60
73 88
36 110
6 112
112 117
93 101
53 121
53 69
59 79
14 79
17 55
17 131
95 113
95 130
95 152
17 157
16 110
37 72
124 158
