9.922706
103914
34
79627
201036
41 183
50 110
61 200
63 168
24 40
64 143
71 99
83 102
93 198
117 119
123 186
13 44
22 134
192 193
120 184
107 130
57 74
8 125
125 197
92 135
76 138
49 108
87 98
56 171
56 157
56 84
55 56
76 180
27 45
45 157
45 109
45 62
142 180
144 162
70 144
78 144
62 144
46 65
79 133
34 79
106 162
106 167
43 119
9 106
43 83
42 106
40 43
79 118
75 87
73 87
48 91
43 44
122 169
120 159
159 195
99 159
118 169
13 96
59 96
96 139
22 87
12 150
43 75
131 178
126 178
178 181
183 191
29 191
124 187
125 132
68 111
37 87
17 35
35 65
35 149
14 194
85 101
123 154
85 175
10 158
85 89
82 154
10 92
10 77
85 195
3 10
86 154
54 200
141 188
55 188
33 151
33 88
2 160
33 59
21 33
160 189
160 179
121 144
4 172
29 172
11 172
94 112
94 168
37 106
163 198
74 163
101 129
116 129
18 91
18 63
18 193
15 129
73 191
58 146
58 71
58 133
36 155
126 155
31 121
7 81
50 81
105 180
111 154
102 152
130 152
47 114
175 176
117 176
139 199
64 199
45 125
16 166
16 127
16 122
134 163
20 186
36 97
97 190
20 72
97 110
58 165
136 182
141 196
82 196
153 194
69 153
53 180
48 184
79 182
113 137
132 180
32 68
35 121
46 135
66 90
80 197
39 95
80 164
5 90
140 145
30 80
39 156
145 148
26 170
98 145
26 150
26 115
79 113
173 192
67 173
19 147
19 93
19 61
105 187
34 38
38 103
125 178
23 60
28 104
6 69
6 54
14 185
100 185
31 49
52 161
52 124
8 128
25 128
51 177
108 177
1 77
1 174
53 160
47 67
12 137
32 90
23 107
28 125
12 39
