10.821815
62912
32
426
107460
30 118
31 58
14 130
19 33
115 140
42 117
22 63
32 50
125 153
10 125
7 125
55 160
40 59
59 129
59 73
3 59
53 64
5 54
69 78
82 143
125 166
4 52
49 136
107 110
107 177
74 107
16 46
120 170
65 83
65 172
65 169
39 65
97 151
97 156
97 175
72 90
102 154
12 128
12 54
28 75
75 113
75 139
1 75
11 85
11 79
71 153
14 71
57 93
45 106
71 133
42 106
93 103
106 158
6 93
1 71
76 81
127 180
168 180
59 160
56 107
86 102
15 86
24 137
91 122
70 177
70 168
70 149
70 143
122 146
122 149
122 175
26 27
27 94
27 31
24 118
24 156
24 136
80 105
16 56
138 154
107 166
50 121
37 121
33 121
88 89
7 89
22 89
89 173
29 180
59 82
86 148
98 104
43 104
104 130
76 89
17 75
9 179
19 144
117 152
112 144
51 144
52 108
77 108
92 108
152 157
46 152
34 148
8 49
121 138
12 80
101 161
106 161
109 125
38 40
38 53
17 34
60 81
64 105
164 167
165 167
92 167
48 99
90 99
6 114
62 147
62 150
62 87
5 65
27 60
84 115
10 84
163 176
30 159
20 63
20 44
18 159
96 132
96 142
78 109
131 151
131 141
32 114
11 59
67 88
41 67
35 61
61 132
25 135
26 135
95 170
127 145
100 140
116 123
134 171
137 174
100 178
142 174
111 116
155 174
2 134
25 116
66 95
13 95
47 145
21 55
21 68
39 134
21 119
36 145
23 100
29 163
4 65
93 124
101 120
124 179
72 106
58 126
126 162
62 180
