24.319640
33396
64
49458
143600
39 288
57 68
47 101
103 112
116 273
133 196
199 274
207 279
125 176
20 176
11 176
42 56
223 229
105 223
144 223
188 223
148 186
48 160
160 259
125 160
17 160
141 160
229 268
209 268
232 268
225 293
31 93
168 253
211 213
147 213
213 221
18 63
43 180
142 180
117 152
78 180
117 250
117 161
114 201
71 163
42 131
70 167
131 291
66 104
112 132
85 131
28 104
7 167
8 15
8 136
132 181
132 209
5 167
45 163
128 272
159 214
159 164
128 273
128 192
172 286
73 74
7 237
86 166
86 187
75 86
130 170
35 284
6 142
57 210
77 210
99 210
156 299
240 267
256 267
270 299
2 267
17 299
217 248
241 252
29 243
226 243
252 265
137 252
252 274
200 243
73 84
158 208
3 120
4 208
208 247
79 103
22 79
203 251
178 289
63 80
80 235
178 248
149 179
149 255
30 41
150 207
150 238
30 119
72 295
30 294
68 149
157 282
65 80
293 295
36 49
100 298
116 178
26 50
204 282
206 276
108 170
108 114
26 107
102 143
12 89
100 269
100 154
26 279
97 186
97 98
89 212
89 151
88 143
33 173
262 276
35 108
40 69
39 150
52 276
47 282
40 152
3 97
286 295
36 256
33 196
36 227
40 197
171 241
171 260
44 296
177 278
48 82
82 151
133 296
115 123
59 124
124 199
81 83
83 228
83 93
146 297
61 297
76 270
53 76
20 236
96 236
138 283
51 138
101 138
111 242
55 288
55 168
202 224
24 140
24 230
24 280
46 246
263 277
21 224
25 249
184 224
13 246
16 32
155 292
153 249
16 54
16 109
38 190
135 292
134 222
118 263
19 190
129 261
64 219
1 292
190 258
126 233
10 261
122 126
121 261
106 219
239 263
67 222
219 231
222 254
9 264
53 126
251 264
90 246
249 271
92 95
92 195
92 183
176 268
176 218
191 275
176 281
167 223
85 215
137 215
91 139
8 148
18 191
174 284
59 162
162 298
191 285
174 243
111 300
50 198
189 193
52 300
41 198
174 182
113 191
217 268
148 234
120 174
163 218
160 243
213 245
127 191
84 139
159 213
18 131
182 191
169 180
60 223
6 253
94 159
8 145
87 163
104 237
117 299
58 117
104 175
14 245
30 275
37 213
145 194
165 172
128 266
91 244
23 180
37 180
56 242
14 74
165 216
205 220
94 257
210 266
34 86
58 267
23 216
62 225
132 287
31 62
130 205
160 290
138 148
174 261
27 86
123 169
110 163
33 87
34 203
27 234
175 297
18 92
16 91
219 245
145 222
190 245
24 91
145 224
60 208
185 257
182 249
27 143
287 292
177 185
110 263
246 290
193 201
