38.449634
50878
105
83151
86787
63 284
97 170
102 386
399 444
103 186
104 373
245 314
28 219
35 348
143 496
36 350
37 448
82 132
376 491
154 232
72 268
269 435
69 380
145 359
164 271
106 164
164 488
68 166
278 404
332 468
190 238
171 238
421 492
389 492
131 488
117 463
21 453
54 463
368 463
85 230
230 500
453 471
230 380
81 450
127 453
81 106
321 463
322 370
73 497
73 88
233 234
218 233
73 101
24 46
331 403
474 499
331 461
302 422
67 302
338 499
12 302
218 331
217 499
6 302
199 499
93 197
197 251
197 338
71 197
197 414
273 411
99 327
387 425
242 344
51 92
139 307
405 467
57 265
109 160
160 188
160 190
5 16
5 178
5 221
5 321
160 359
160 420
87 118
325 383
126 274
60 264
120 236
126 327
126 480
87 144
283 383
39 60
193 452
20 384
20 362
20 83
109 193
249 322
249 353
236 418
87 158
88 383
358 378
134 243
243 384
45 141
48 159
159 444
159 328
143 281
100 159
90 201
2 159
281 391
281 406
55 138
214 253
55 328
55 75
153 203
153 223
214 235
263 334
55 350
323 419
56 192
56 351
56 413
186 334
63 214
149 252
12 56
83 179
172 226
334 358
42 157
43 170
43 309
157 456
43 387
43 397
172 290
172 410
172 180
174 323
157 296
19 214
179 183
48 149
179 270
179 415
149 304
149 202
94 323
153 298
153 284
137 255
144 498
150 434
118 244
140 146
288 320
151 329
151 318
151 187
155 457
155 163
151 180
222 231
231 306
231 381
41 155
211 292
62 81
13 164
33 430
385 484
141 437
326 437
49 391
335 429
24 429
246 429
347 429
394 432
326 432
349 432
113 224
139 225
113 428
211 262
262 345
70 213
25 434
113 459
70 146
225 312
25 354
40 408
96 262
392 486
81 470
348 440
227 440
188 440
330 491
308 330
330 411
241 376
93 481
104 316
261 316
481 495
37 481
241 299
241 448
310 438
51 438
254 316
314 438
110 499
195 445
279 490
210 490
255 490
123 191
4 472
164 273
135 204
164 425
250 361
85 250
33 402
31 402
260 433
29 196
105 240
248 291
248 371
277 337
324 357
7 260
8 393
257 277
11 30
11 207
11 412
276 346
216 375
38 313
142 393
301 375
297 427
220 297
181 297
375 485
74 240
95 277
369 393
61 162
61 206
61 294
196 208
289 346
196 443
240 473
38 175
27 346
28 324
132 260
168 248
38 209
32 400
32 431
32 108
91 324
147 164
2 247
133 247
62 292
156 492
249 482
18 281
449 492
360 436
453 492
185 426
44 133
107 166
107 342
122 280
280 486
365 401
103 365
293 442
293 312
148 454
148 441
309 478
198 390
212 340
267 423
266 479
266 469
269 339
275 489
256 367
237 339
229 468
229 379
228 364
285 373
219 494
215 229
152 382
201 455
199 489
268 455
184 388
184 246
183 282
182 390
178 364
298 455
173 483
171 285
167 496
165 493
69 116
52 372
10 458
9 89
57 112
58 167
355 478
64 116
345 382
341 462
339 404
52 356
72 282
75 184
76 478
77 119
465 477
80 282
82 458
89 189
89 352
36 52
15 129
407 460
22 367
396 458
26 232
26 405
26 409
442 465
34 364
35 212
148 154
390 435
451 460
462 484
382 408
377 462
465 476
50 79
50 245
50 318
119 398
1 399
112 386
315 494
112 475
114 483
320 483
116 464
117 121
134 423
119 217
1 67
136 165
98 285
121 128
1 86
130 494
121 395
124 253
124 287
124 446
125 423
129 169
129 234
102 266
90 164
439 470
336 344
336 355
73 295
214 305
73 177
286 334
68 92
13 111
197 238
303 447
242 466
231 305
20 259
224 300
76 300
47 492
233 366
18 487
3 233
193 278
424 499
65 331
233 417
378 466
249 332
47 463
331 370
176 230
200 383
195 316
242 463
286 487
281 374
84 331
40 311
295 334
303 429
65 193
177 323
5 343
45 453
23 238
295 447
239 416
416 482
110 438
205 449
47 53
99 307
59 259
81 360
3 258
239 490
47 87
53 78
53 126
126 176
26 436
194 403
189 194
150 233
157 302
343 430
258 333
265 445
156 161
147 155
333 385
311 367
140 383
60 288
155 236
236 272
204 466
238 324
66 281
185 374
238 460
60 161
260 366
115 302
244 392
47 375
20 319
14 236
191 498
137 277
17 205
32 49
363 385
38 66
59 240
40 317
319 346
11 115
4 44
14 297
61 363
17 393
196 317
17 248
165 317
