24.311086
20370
70
18279
65170
173 299
244 340
129 277
46 170
78 83
7 122
12 42
187 191
88 137
70 318
1 33
155 230
27 263
151 174
220 328
133 326
87 183
219 248
139 158
139 287
219 229
219 238
29 139
116 235
147 212
232 350
232 283
185 286
21 286
148 286
66 286
44 214
75 246
160 291
36 228
244 288
95 259
52 337
52 112
196 288
36 259
288 309
146 259
175 217
39 344
26 143
257 322
29 316
247 322
5 15
193 322
111 322
24 316
316 350
258 322
16 220
263 316
16 45
15 191
15 181
81 316
127 148
3 271
65 347
93 341
134 269
88 282
180 233
3 125
3 119
2 329
160 282
2 89
2 62
201 282
2 20
10 115
281 282
134 334
267 347
180 192
134 329
203 341
11 131
11 83
164 180
188 347
11 62
10 124
11 32
10 165
134 280
125 190
73 194
40 120
25 251
13 251
91 97
71 97
21 97
204 223
204 246
123 176
55 169
59 219
19 207
5 80
55 76
38 76
76 299
37 338
312 314
314 318
314 340
129 195
70 195
90 195
22 343
22 260
22 73
64 101
213 307
144 162
144 170
245 323
176 209
209 307
117 292
47 50
238 249
7 186
6 249
174 249
187 249
50 346
50 296
50 163
161 186
143 186
80 155
77 230
77 122
118 308
4 264
231 264
33 264
3 59
31 265
31 302
278 330
81 262
214 262
102 274
96 184
105 250
149 221
114 224
109 116
109 269
99 349
74 200
173 250
154 250
168 323
167 177
168 304
79 255
109 313
168 183
84 197
84 121
84 92
167 179
18 57
211 274
132 317
218 266
35 321
35 240
221 308
222 285
224 258
226 266
132 319
133 310
239 303
140 255
255 275
256 305
257 327
261 285
289 305
302 310
137 285
9 310
136 157
136 265
136 311
184 333
189 221
57 142
57 331
60 167
185 303
128 184
200 253
46 303
178 327
132 296
210 349
30 212
30 120
182 290
6 290
79 103
60 103
8 292
8 42
54 121
54 189
82 270
39 82
78 241
12 241
147 328
234 268
234 260
153 254
254 277
138 202
53 243
141 201
141 324
130 145
145 342
145 273
138 315
138 215
141 336
72 113
198 272
199 272
48 72
242 243
272 279
56 72
58 68
206 243
306 339
68 104
68 301
320 339
85 339
94 295
98 205
98 252
98 294
1 295
106 151
27 327
126 345
322 328
107 326
235 276
139 332
208 219
52 67
194 326
235 237
227 286
97 328
147 288
106 328
166 259
41 69
107 235
17 232
190 235
67 341
325 332
139 236
217 224
147 172
166 316
126 298
87 169
49 232
152 326
14 335
118 175
293 345
297 344
37 69
43 108
110 331
275 348
311 348
86 333
86 338
9 110
15 297
228 347
34 159
63 159
41 228
123 286
43 213
76 335
156 300
259 293
63 172
49 52
180 208
100 227
169 171
75 108
251 276
14 34
44 284
169 291
11 156
10 49
51 235
126 135
61 326
150 326
216 288
207 298
26 64
171 264
40 225
126 305
35 171
28 100
200 300
50 152
72 276
272 276
216 278
274 284
28 349
23 135
225 339
138 245
117 243
51 266
145 150
23 98
61 68
