23.827303
64449
69
16723
103216
141 241
107 159
104 333
307 340
256 389
36 225
172 259
128 310
130 362
51 160
179 182
131 203
59 364
60 322
81 185
2 398
191 369
148 188
134 302
32 351
58 337
58 343
58 200
166 267
102 235
102 304
54 262
54 207
8 305
252 346
378 380
171 174
4 380
171 225
171 252
115 380
112 293
117 316
211 381
99 209
73 178
163 330
165 168
150 184
46 89
76 345
31 104
31 138
31 210
31 238
31 289
193 394
199 394
313 394
38 76
240 394
76 105
76 117
81 394
224 347
155 328
21 141
21 178
171 368
196 348
44 72
268 371
342 363
76 348
212 246
119 327
93 281
160 294
100 294
169 294
102 166
142 387
91 94
94 345
79 124
47 147
143 147
121 147
22 335
299 312
311 352
97 335
312 365
36 388
60 282
244 311
242 388
172 335
173 388
282 391
75 122
82 377
82 295
82 184
82 106
288 312
264 282
75 227
305 335
69 282
75 258
311 341
343 359
304 359
182 321
140 277
132 277
277 315
214 277
6 187
37 355
37 280
37 203
205 321
37 126
6 339
179 277
6 275
6 284
134 171
296 362
57 298
298 319
50 369
50 307
91 296
50 181
149 296
148 217
84 217
128 217
112 166
54 360
102 136
279 301
7 89
7 137
7 202
7 302
55 342
55 92
55 384
210 283
129 283
123 283
143 400
370 380
30 363
316 370
83 385
83 310
15 390
15 324
15 267
52 95
95 107
87 159
87 162
87 358
331 353
70 87
170 331
229 331
273 398
59 96
43 96
14 49
96 130
260 273
14 235
14 322
115 231
53 387
48 53
127 248
7 374
372 391
67 245
116 125
77 114
175 372
43 372
245 265
125 324
125 233
106 245
114 241
114 332
374 400
380 383
208 393
186 317
86 186
209 213
173 300
123 300
162 356
271 291
308 356
88 291
38 291
16 356
54 154
154 270
21 216
103 278
278 352
101 239
164 336
29 269
29 144
101 108
45 133
29 62
90 133
204 257
3 68
3 145
3 292
133 220
151 285
17 204
272 285
64 164
204 392
285 286
164 232
24 101
58 327
157 281
102 246
249 297
142 166
8 386
5 317
5 364
33 209
177 223
261 338
56 129
177 284
261 315
56 191
275 366
25 259
25 180
22 366
199 226
318 397
135 318
226 320
102 329
156 171
12 367
54 246
73 306
20 375
20 79
58 147
188 393
238 276
228 276
21 380
54 294
61 330
13 61
61 293
167 219
334 355
212 334
290 379
51 290
136 344
98 200
98 397
119 161
161 274
132 161
195 396
99 396
71 268
71 323
63 155
32 63
66 237
66 193
197 333
197 253
9 42
2 146
146 236
12 206
34 131
27 266
26 287
194 349
176 243
168 183
85 215
224 399
34 208
340 399
111 189
44 266
85 185
325 399
41 395
11 40
23 251
190 201
201 211
256 266
254 287
85 301
23 97
23 113
19 40
201 247
34 221
153 314
153 234
152 183
80 176
194 250
40 389
111 354
222 395
1 102
219 344
163 386
39 367
192 297
277 376
206 383
171 192
65 351
230 382
54 350
52 263
263 384
120 209
376 382
30 157
118 198
39 361
198 388
82 198
328 347
156 303
357 381
28 246
10 326
10 327
127 230
78 273
110 346
10 74
93 303
329 394
306 311
35 327
165 311
40 368
46 312
78 356
213 245
120 255
74 371
58 158
167 357
196 331
124 147
109 360
18 246
209 373
298 350
118 309
75 309
76 139
9 39
33 287
35 395
111 361
153 326
1 285
110 204
3 18
65 176
194 231
218 291
133 158
164 218
101 373
29 139
