9.123023
207333
27
128784
216494
61 78
15 106
40 90
41 101
146 151
88 112
121 175
47 156
42 178
102 177
108 134
108 154
49 108
39 124
10 129
80 174
80 165
80 138
35 131
22 84
22 55
53 67
53 84
22 57
47 130
122 130
130 151
130 167
92 130
80 180
103 173
80 160
114 131
53 69
22 148
131 160
64 135
110 145
57 140
121 153
28 155
4 39
59 158
59 62
158 171
48 62
62 101
66 76
66 109
104 158
66 175
157 158
12 140
63 89
32 89
89 138
89 112
26 40
12 66
62 114
117 168
62 69
155 163
15 163
44 163
38 167
38 147
38 99
89 123
38 91
117 179
106 179
4 22
99 152
31 94
36 152
126 146
41 169
48 126
78 169
169 173
9 126
115 153
17 19
19 129
19 49
65 123
60 161
27 113
27 75
27 45
37 159
80 161
8 73
8 162
8 119
33 77
1 6
74 150
52 150
42 164
61 164
33 164
118 170
116 170
133 170
2 124
2 25
85 144
16 142
142 145
72 97
54 77
83 107
50 70
3 74
13 70
3 36
98 154
92 98
85 91
70 148
81 86
86 131
108 125
65 177
18 139
18 94
34 93
120 127
107 127
11 34
79 128
79 162
100 135
127 136
100 172
21 100
58 95
30 90
30 87
29 30
68 95
159 168
7 46
7 116
60 64
132 143
53 82
5 141
51 141
14 141
118 176
156 176
54 79
24 96
24 102
105 137
67 137
22 23
71 131
30 115
10 31
28 56
20 37
125 149
71 110
26 56
27 111
43 53
27 82
1 81
97 111
19 166
23 83
132 166
95 149
20 34
43 141
