49.587453
35525
116
96102
102994
373 402
37 348
45 171
228 374
47 73
14 133
28 314
250 253
183 369
270 445
274 311
147 447
72 424
393 398
137 152
93 158
90 231
105 189
104 201
10 66
1 74
201 396
1 249
1 412
1 428
103 396
396 437
30 168
168 408
85 430
125 401
17 385
250 336
279 321
219 292
36 292
217 333
39 385
313 333
321 332
321 446
326 333
193 385
58 336
148 336
47 335
177 302
251 388
259 302
276 302
206 251
300 335
290 335
302 330
394 436
171 411
70 411
365 411
411 423
289 435
162 309
37 436
309 319
349 435
314 436
286 435
409 435
309 315
129 309
95 370
183 353
57 101
353 373
84 353
211 322
211 445
393 442
211 329
132 442
59 442
205 211
67 195
91 195
195 337
187 227
311 372
45 382
7 422
182 372
53 298
140 437
66 227
150 227
382 418
64 227
2 79
133 198
54 104
54 375
71 273
432 443
198 260
93 239
270 273
268 432
417 432
239 245
34 152
34 347
34 383
113 273
42 54
80 239
198 406
78 268
110 332
2 83
14 83
83 298
67 303
128 156
403 429
173 439
94 367
119 216
98 143
141 404
142 222
106 115
141 258
106 376
128 386
107 208
107 334
141 167
119 381
384 397
107 374
137 427
112 164
240 427
207 397
209 295
209 307
308 360
305 403
222 433
224 403
226 360
230 331
236 360
296 331
206 340
243 427
293 421
287 410
252 323
252 380
255 291
287 361
265 283
283 387
281 362
352 390
143 163
151 331
155 397
158 316
164 248
164 379
172 316
173 297
173 320
280 291
176 421
143 145
180 241
350 421
184 283
186 367
188 222
189 340
190 362
325 362
194 241
128 271
65 306
27 294
86 448
27 282
62 212
62 278
62 395
27 139
8 244
63 390
65 157
65 235
29 231
68 340
25 252
24 367
22 29
20 316
18 351
18 318
18 264
15 86
81 390
8 52
92 378
44 287
92 191
4 29
46 119
49 55
49 178
49 342
50 210
6 291
50 242
31 86
50 317
51 106
40 359
40 138
40 109
8 169
33 241
60 92
61 209
223 440
312 371
197 371
120 223
5 223
277 285
277 329
28 127
127 420
338 413
134 232
343 441
35 416
364 423
76 416
228 232
261 389
26 262
75 123
72 343
69 301
232 304
187 261
259 301
165 341
26 377
364 392
364 391
159 341
153 328
328 398
301 400
123 339
12 261
38 56
289 341
218 346
218 388
175 413
7 123
218 450
315 416
56 73
56 447
130 328
221 343
108 122
363 370
100 117
87 149
88 144
105 166
237 424
101 202
166 229
237 345
102 234
166 356
102 401
102 425
179 202
174 299
369 419
90 344
269 444
82 117
43 430
16 344
43 354
96 170
327 419
19 144
117 412
21 108
48 154
272 344
192 366
135 154
266 363
202 399
43 114
154 431
108 214
357 407
149 402
149 200
253 299
111 170
348 363
147 237
144 434
256 357
257 366
203 419
284 431
10 168
185 440
36 267
10 333
275 335
85 405
10 355
97 327
97 134
335 396
263 405
131 434
122 131
125 335
396 436
10 54
263 336
292 385
10 107
9 146
146 238
1 196
251 411
251 435
336 353
225 321
160 168
124 355
195 302
181 263
302 422
110 405
121 321
10 185
125 136
358 405
83 85
125 331
85 141
41 215
41 227
124 340
140 220
23 220
143 263
49 263
267 275
161 220
241 251
32 396
1 284
123 125
11 405
118 225
233 385
324 436
89 195
85 202
77 251
168 284
292 415
79 372
57 283
50 57
57 99
99 126
78 442
199 215
422 432
95 371
89 273
11 309
310 422
181 254
53 362
118 438
196 246
209 426
173 426
199 287
116 442
144 160
3 310
421 438
3 403
40 324
213 291
254 367
86 254
8 213
128 254
26 89
121 357
246 426
198 204
92 233
29 368
233 316
18 368
239 444
344 426
34 414
136 414
106 415
288 358
13 119
13 427
62 449
11 222
65 204
204 252
397 449
170 303
360 414
27 32
116 164
213 366
213 288
390 414
77 247
247 413
102 449
146 444
