7.953708
169485
27
140142
248906
79 102
85 157
110 112
90 129
39 147
93 147
20 108
10 64
43 142
18 89
18 157
61 68
1 49
49 133
2 89
2 42
102 137
137 154
103 122
25 54
31 32
12 59
21 35
35 76
35 105
6 83
6 155
146 156
45 111
4 40
42 100
41 121
79 121
91 100
100 122
106 121
3 131
32 64
63 65
55 65
51 135
7 137
20 153
129 153
26 86
26 125
29 49
19 41
19 60
56 99
13 82
56 139
56 149
13 145
13 74
31 128
9 128
128 134
106 128
136 141
48 136
116 148
52 143
52 138
8 142
8 96
69 75
69 139
74 80
80 130
1 132
21 132
24 104
30 77
84 130
27 84
84 94
77 119
33 84
50 59
7 53
70 137
28 109
62 109
87 90
103 147
6 66
127 160
112 124
127 140
36 127
118 124
23 124
27 57
57 143
86 98
98 160
66 156
16 137
46 71
87 147
32 148
87 117
72 150
46 67
71 92
70 120
29 100
32 147
6 44
18 61
15 18
44 92
12 108
88 120
6 117
34 110
34 113
53 62
16 22
3 50
14 152
68 152
18 73
37 159
37 133
35 43
25 81
11 81
22 51
47 58
17 146
17 95
114 126
78 115
78 141
48 126
47 151
47 91
5 126
4 78
97 144
38 97
107 123
107 158
35 101
88 111
10 13
28 40
3 127
69 135
116 150
104 147
72 77
15 65
67 81
2 124
2 97
73 107
