11.036636
136842
24
21
454677
8 26
54 75
9 27
27 39
27 54
27 73
36 90
8 90
64 90
50 90
30 86
20 25
28 62
28 29
15 23
15 41
16 28
25 73
25 53
25 32
12 86
2 35
6 15
1 2
2 95
74 86
4 20
34 79
65 69
69 97
14 77
14 44
14 39
50 69
61 99
94 99
98 99
13 71
45 49
43 51
42 67
47 66
42 48
40 49
37 49
11 91
47 79
13 38
51 58
3 47
5 51
13 80
92 96
56 72
57 91
22 92
56 78
24 91
87 92
18 42
17 56
88 100
64 68
55 68
26 85
21 85
10 93
52 93
55 93
63 81
75 81
7 70
70 76
60 98
21 60
28 33
33 89
27 84
82 89
84 90
33 92
33 91
33 51
4 28
15 86
47 82
2 59
59 86
25 88
19 34
31 59
2 68
31 83
15 46
42 59
49 83
56 83
13 46
70 83
