60.772793
1
131
27498
109796
75 320
115 325
409 422
178 255
108 135
151 345
107 136
134 156
212 281
9 36
233 399
235 314
284 314
138 264
170 190
138 295
138 215
138 392
129 170
127 435
208 310
254 340
18 330
42 170
40 283
18 272
166 283
283 380
283 426
75 170
72 421
72 387
72 299
72 294
330 426
330 394
324 391
315 324
105 324
292 324
15 330
240 277
240 251
71 240
83 320
197 422
83 158
197 400
197 209
156 260
19 260
335 431
210 431
61 83
234 431
260 423
56 431
133 250
123 250
260 304
121 203
250 363
250 381
12 197
60 433
439 440
163 366
40 173
162 205
159 349
60 132
60 107
70 112
100 242
130 425
130 299
318 434
271 366
242 293
26 130
274 341
27 62
27 168
28 318
282 440
13 216
13 123
13 93
223 341
304 341
208 318
9 27
340 440
349 416
366 435
205 281
203 349
185 205
173 290
173 384
81 167
336 338
292 407
397 442
81 255
81 214
409 442
217 336
45 211
46 407
154 398
154 233
154 157
207 211
144 442
52 407
36 336
30 211
108 424
7 424
129 424
325 327
206 367
196 206
2 20
176 239
258 276
239 392
136 258
239 393
258 263
69 327
50 327
2 345
49 206
2 352
41 181
151 181
181 419
207 266
37 199
37 427
37 67
198 227
201 222
35 288
204 303
34 401
189 332
25 446
33 351
189 328
33 253
33 160
212 377
219 265
221 410
222 309
225 337
231 379
231 444
236 337
237 414
29 289
243 354
164 445
147 415
148 182
149 192
149 390
48 287
153 198
48 91
47 101
155 195
155 432
161 321
164 322
188 308
165 377
169 193
169 268
171 288
38 248
38 111
179 317
180 401
182 186
183 308
38 98
6 189
11 383
297 353
303 399
11 94
308 372
311 350
311 373
11 68
316 317
317 319
10 280
8 311
326 414
289 368
5 101
4 428
337 420
3 178
347 401
3 54
354 362
365 410
3 44
403 449
410 413
415 418
1 246
22 256
25 408
76 360
244 378
246 296
246 411
247 280
249 265
25 53
257 269
23 65
259 389
259 417
22 396
241 280
261 382
262 355
265 346
269 329
269 348
270 288
22 140
278 333
278 447
17 377
16 261
285 428
286 403
90 278
97 386
97 125
117 252
117 437
118 279
118 339
96 261
95 297
120 302
120 385
92 117
97 438
120 395
89 415
88 429
88 406
88 224
124 403
87 321
126 155
85 378
128 303
102 226
106 182
65 194
104 405
65 109
63 118
110 354
104 291
104 174
102 361
102 275
122 414
113 149
114 289
101 150
66 231
99 305
99 273
115 428
116 139
99 238
116 306
84 222
58 119
58 175
74 259
73 321
80 262
82 198
79 450
58 64
57 116
79 370
55 262
51 169
76 137
76 404
145 297
48 402
142 378
141 164
79 312
356 412
24 230
131 135
78 230
143 245
134 245
14 245
344 356
131 376
56 230
12 356
397 436
213 388
21 388
177 339
177 367
240 314
254 310
43 314
232 310
228 283
323 441
112 170
310 313
272 443
72 323
218 254
86 272
138 448
374 441
254 357
359 441
127 152
301 324
266 441
121 369
39 272
83 358
232 375
202 330
197 374
86 121
127 259
127 303
32 272
33 127
307 441
184 310
254 331
13 77
318 369
323 349
27 443
313 364
130 430
358 366
152 228
181 228
364 407
202 260
146 250
307 431
121 146
59 121
60 187
187 313
211 300
81 300
169 228
232 298
232 371
43 343
31 313
31 205
118 375
77 99
311 369
189 364
116 323
11 43
88 369
289 375
265 375
101 443
261 364
354 443
76 77
334 357
229 440
300 343
77 172
112 342
267 341
220 242
321 430
242 436
2 103
104 300
239 334
22 448
280 374
187 198
31 327
65 334
48 103
262 301
149 301
103 337
334 401
39 97
31 246
120 202
155 191
146 231
25 307
146 317
59 403
278 298
59 288
32 414
191 222
298 415
298 410
59 117
37 307
32 269
32 38
58 191
229 378
102 200
200 377
79 220
191 331
308 371
297 342
164 267
182 371
112 388
