33.657006
44767
104
3936
45745
107 326
370 465
37 270
182 279
185 332
317 440
314 456
117 122
113 393
54 352
210 490
16 412
213 460
248 446
247 360
22 420
103 348
36 357
51 231
69 225
93 477
224 307
224 442
297 329
87 249
103 132
132 490
383 458
383 391
118 132
132 345
317 383
367 383
282 487
17 117
17 123
40 45
40 81
149 196
177 236
275 500
223 436
177 436
102 160
100 412
100 176
149 436
100 172
160 346
327 399
422 436
399 422
160 218
206 399
4 21
275 341
275 477
275 493
4 399
76 114
353 364
319 403
175 318
96 463
19 96
96 229
96 197
75 499
96 168
75 301
75 309
75 333
75 380
265 299
328 459
455 459
121 459
150 224
397 450
71 466
129 466
19 466
466 474
289 466
25 495
25 404
25 87
25 28
212 382
347 372
217 347
384 485
125 481
79 215
60 481
481 494
140 389
31 293
293 480
293 349
349 389
248 293
371 389
215 371
389 402
167 215
232 421
106 219
106 449
106 240
106 445
185 471
24 201
6 201
66 471
21 47
374 492
64 186
394 417
370 417
367 417
453 454
355 495
77 186
323 374
146 255
2 281
281 360
271 355
255 386
255 285
246 300
246 269
234 374
218 246
190 281
186 372
186 297
182 246
181 255
178 454
155 355
36 355
32 454
27 312
27 313
274 278
352 434
131 164
80 426
11 426
198 434
188 434
245 274
164 308
265 426
1 274
152 257
13 155
21 273
212 280
253 469
29 348
29 446
132 224
233 443
168 338
41 311
71 311
311 420
418 439
314 486
37 418
213 486
191 409
91 418
69 418
263 486
391 409
252 409
397 409
104 486
20 411
229 479
43 479
254 383
50 68
50 278
50 437
26 141
26 238
342 392
15 57
215 344
226 269
148 475
184 416
118 416
226 398
336 416
138 226
286 468
163 286
224 266
17 224
176 462
102 365
57 365
147 365
184 192
196 224
9 179
154 179
179 393
79 193
193 499
206 343
88 500
88 441
88 351
199 343
119 256
383 473
171 203
159 230
431 471
249 250
72 447
23 100
280 340
54 214
388 488
53 214
407 488
58 214
95 488
189 464
31 464
124 266
417 431
132 241
299 329
44 465
44 356
96 254
258 375
375 378
375 386
356 377
377 407
358 424
358 379
368 415
276 428
48 243
10 283
90 428
130 284
128 315
128 277
128 174
243 413
243 482
244 270
244 457
244 498
34 283
30 283
183 284
406 428
415 432
287 415
284 310
268 358
17 144
342 344
14 357
14 49
25 171
203 399
291 435
7 339
7 456
362 402
142 211
242 362
112 385
112 219
211 245
134 162
162 225
298 459
210 361
156 361
40 55
288 400
131 288
216 438
216 257
139 373
139 403
52 159
16 52
126 332
126 410
72 434
39 208
17 119
89 275
160 414
93 274
381 466
337 340
321 369
73 321
5 237
491 497
405 494
5 395
180 476
260 451
430 467
28 220
261 427
443 467
173 325
461 467
170 451
476 484
264 282
165 496
20 38
235 350
334 405
325 460
222 425
222 296
220 305
325 433
227 326
220 267
227 364
232 476
8 419
235 322
251 489
366 448
8 390
369 496
205 304
195 292
194 405
290 392
376 423
189 264
187 235
251 324
5 475
143 272
92 180
92 167
91 304
46 113
86 151
85 330
85 166
84 143
92 262
143 279
83 304
145 239
82 227
78 295
78 122
78 94
46 474
105 463
115 127
115 121
120 292
38 387
114 136
111 376
38 231
109 491
56 169
35 115
105 262
105 108
135 151
101 290
136 333
136 401
46 70
145 320
65 264
67 448
73 290
51 85
63 175
74 116
74 142
151 247
63 107
74 263
63 98
158 496
56 400
161 376
56 384
33 261
145 440
331 343
144 200
160 429
21 353
39 255
266 354
230 273
132 316
21 363
275 447
186 483
42 473
207 426
331 337
266 347
266 485
61 485
208 381
47 244
40 221
150 214
160 335
40 302
133 322
62 316
374 452
153 207
414 481
236 359
55 382
396 483
61 137
89 106
421 429
76 157
18 25
3 21
241 470
124 253
459 478
110 274
298 396
303 478
137 472
338 452
202 485
281 318
27 59
27 447
203 411
259 363
17 148
294 404
294 423
233 472
354 454
3 228
59 204
286 436
12 478
148 319
209 259
26 202
99 157
246 444
62 291
266 306
110 491
319 448
8 200
201 408
302 358
261 303
137 243
152 408
228 251
201 306
97 274
221 222
99 428
128 462
192 415
153 451
133 209
15 292
97 283
284 306
