11.741068
93528
31
169166
232898
46 168
64 160
104 157
65 87
70 178
38 107
13 32
30 159
52 109
52 164
24 164
77 172
15 180
15 147
15 87
15 115
84 161
65 161
100 161
10 161
25 170
45 153
1 153
61 153
74 82
74 111
74 125
74 155
74 178
153 162
5 124
60 151
62 151
121 151
63 67
41 179
169 179
9 123
98 176
108 176
42 46
68 176
42 86
42 172
19 174
120 145
29 138
31 110
138 142
35 138
11 49
49 146
120 165
120 160
49 134
113 120
110 131
110 115
4 140
4 137
83 110
4 99
47 68
38 126
126 177
48 57
25 48
48 145
70 148
80 148
78 104
78 163
12 33
33 56
33 57
73 93
73 121
73 168
81 141
50 64
23 127
129 139
6 34
23 107
26 159
50 67
50 85
128 166
22 40
21 26
58 114
20 166
60 166
17 34
117 133
19 114
40 82
133 180
133 150
79 114
91 129
40 158
2 88
26 124
23 144
88 175
8 141
7 39
89 122
76 97
76 100
59 136
118 136
32 136
3 96
96 105
96 149
36 43
36 169
18 111
18 112
141 170
54 90
135 154
1 90
130 157
123 130
167 171
13 167
27 131
24 27
15 44
94 161
51 141
42 141
5 132
49 141
152 161
8 15
69 156
74 152
16 126
14 103
71 164
44 176
53 109
30 49
102 132
101 156
16 73
63 173
164 179
94 116
75 153
37 77
14 102
164 174
28 153
37 75
95 151
28 101
9 92
66 103
69 138
119 141
51 72
4 66
47 92
106 173
114 143
81 154
136 143
71 129
53 89
34 95
7 72
26 55
55 88
96 106
