3.083816
154109
12
2871
313018
28 89
77 114
26 108
38 57
34 79
44 100
17 65
6 46
55 98
43 107
56 120
68 104
18 19
23 38
8 99
13 61
62 112
51 62
39 62
55 62
94 95
10 93
6 98
21 110
72 80
7 120
7 90
7 63
69 93
15 28
22 64
22 91
35 88
2 31
61 83
103 110
14 103
3 78
83 96
4 103
76 103
72 83
70 78
37 78
51 106
76 113
111 112
56 73
10 113
85 115
9 115
9 62
109 119
101 109
71 109
32 91
32 101
30 70
69 106
45 118
34 54
12 39
12 89
79 103
31 46
48 67
24 108
2 109
17 43
45 109
4 42
42 107
21 95
86 92
65 66
35 66
54 73
7 8
15 16
49 105
18 88
16 83
57 86
16 29
60 94
16 97
26 116
102 116
44 97
13 23
1 11
11 96
24 99
78 81
78 82
82 83
25 75
59 83
5 20
74 114
67 74
48 81
41 104
41 59
40 68
40 50
5 60
25 113
47 80
87 117
36 53
36 84
27 52
33 117
52 58
49 82
20 52
36 75
47 117
