8.865679
67310
24
1333
150918
57 73
144 145
62 148
53 78
8 70
92 96
7 152
30 94
12 84
60 103
44 55
120 153
40 104
85 93
89 93
93 142
28 93
64 91
33 64
64 150
72 106
50 98
43 74
43 111
11 43
12 159
13 100
13 42
27 159
13 142
127 159
99 159
4 13
5 75
85 90
46 52
28 146
33 47
47 156
1 118
77 125
94 118
20 47
106 125
2 148
115 146
2 123
118 120
146 157
10 116
54 88
38 116
116 141
57 88
88 154
49 136
88 137
74 116
31 136
127 136
134 140
19 143
67 69
73 82
23 96
23 152
71 102
133 147
17 110
17 139
52 84
29 117
79 141
76 137
76 160
14 130
7 159
5 131
34 131
70 119
119 138
22 98
109 119
22 145
22 158
41 86
6 37
60 68
68 104
41 72
44 103
3 18
3 36
3 129
9 130
9 132
46 125
21 122
117 122
121 144
101 121
44 153
81 147
81 95
82 92
45 80
62 80
26 102
26 67
135 151
51 97
55 97
65 87
108 134
59 113
10 97
108 128
105 108
19 87
114 151
20 113
100 151
15 32
25 83
32 155
8 83
35 53
35 126
39 87
78 113
44 124
44 86
63 90
24 136
13 40
30 112
47 66
66 146
17 37
44 61
14 63
6 112
44 133
22 24
16 93
43 140
43 71
56 149
79 149
2 58
58 118
2 48
61 107
107 143
56 75
119 124
29 48
3 16
32 69
