12.619145
180256
39
19891
210990
155 198
34 92
106 125
25 111
144 180
5 80
63 188
27 183
174 175
70 174
21 174
130 174
26 69
69 144
69 115
50 164
10 42
99 150
2 97
48 166
30 67
30 114
66 126
66 101
30 130
66 67
47 119
82 105
103 127
128 134
128 170
128 193
40 158
84 158
64 91
41 105
32 91
12 103
37 91
105 163
103 129
158 200
84 86
11 86
54 86
29 86
59 195
108 179
89 168
5 94
175 179
90 94
34 89
94 159
6 177
36 94
139 179
6 145
85 89
89 110
6 124
53 93
87 179
53 149
53 119
53 143
160 183
9 160
127 160
112 160
68 142
35 184
35 98
49 125
49 148
49 180
104 188
152 186
182 186
56 167
4 167
42 167
43 193
40 140
106 194
25 140
4 140
43 81
7 194
141 165
98 141
3 16
7 161
44 161
8 109
92 109
109 152
51 65
51 96
51 132
45 102
102 176
102 157
151 173
99 173
69 72
178 190
178 198
18 196
196 199
16 60
60 78
169 174
38 75
39 154
15 154
46 88
131 199
133 156
90 133
61 191
62 162
135 189
135 195
139 185
142 171
61 136
44 77
153 185
2 133
80 131
171 187
77 111
76 114
76 146
76 166
77 93
57 138
28 55
110 154
113 185
50 131
117 162
121 171
123 135
19 165
19 147
18 57
57 137
88 155
38 52
19 37
55 116
120 156
82 120
69 71
79 118
83 118
107 184
107 151
20 158
10 30
72 94
6 72
23 69
83 172
31 181
1 164
14 20
105 172
174 197
72 100
122 192
86 192
31 71
17 128
13 23
48 103
13 91
22 66
73 132
73 190
17 160
3 27
17 24
31 59
33 179
22 58
86 104
51 181
109 150
58 68
61 97
33 162
47 55
74 105
24 95
95 102
38 74
