9.008462
60593
23
311
186666
17 49
57 69
3 51
73 118
71 97
68 119
64 89
52 109
21 41
41 43
41 97
7 109
109 120
43 90
91 115
115 120
22 115
83 115
55 115
44 117
44 104
12 44
68 78
50 78
78 98
12 108
5 40
23 95
26 84
20 82
20 33
17 60
29 60
2 37
64 84
3 60
2 94
2 67
11 15
11 107
2 110
6 84
5 20
11 58
4 76
74 88
7 86
42 102
51 102
8 46
8 71
38 94
38 111
38 116
25 69
25 32
4 105
27 30
27 53
27 73
48 105
105 119
13 25
79 113
79 118
59 79
1 106
70 106
77 96
16 35
16 62
65 77
54 77
16 103
47 106
19 49
18 19
19 36
61 95
61 99
81 82
81 91
24 80
39 75
31 72
63 72
24 89
33 39
34 87
66 87
24 57
72 92
39 93
83 87
14 34
14 116
41 100
56 114
20 114
10 108
45 115
44 109
78 109
56 90
60 100
28 41
11 41
45 84
9 88
70 112
31 112
9 86
78 85
23 28
101 109
85 106
40 77
27 76
16 101
