3.108535
87061
11
34238
143790
24 44
33 71
36 37
8 11
60 97
70 103
79 107
19 72
53 77
85 111
66 112
56 116
32 67
12 95
43 96
52 68
4 96
7 45
5 33
5 55
5 77
1 23
90 120
20 120
30 72
30 102
30 107
14 30
94 120
2 108
25 34
34 39
86 111
26 98
10 46
10 47
4 86
108 114
5 112
14 118
65 118
40 93
40 88
40 64
54 95
65 73
8 73
4 40
112 120
43 82
82 113
7 54
2 109
105 109
93 109
24 109
89 120
25 46
32 41
26 114
17 30
29 40
51 78
13 51
12 42
42 89
39 120
55 57
21 57
29 119
21 63
44 63
53 104
30 45
5 75
49 61
49 50
17 18
9 119
58 78
58 67
11 84
74 84
13 100
71 80
80 101
23 41
19 100
110 116
61 110
81 87
83 87
27 87
87 106
92 99
56 92
76 105
76 97
37 76
31 50
31 74
31 103
52 99
1 22
22 28
101 115
16 115
48 68
48 91
85 87
16 35
38 64
15 38
38 62
35 59
6 117
3 69
69 88
75 117
