10.195121
132938
33
47756
199046
22 67
128 174
88 112
83 156
81 149
68 95
28 90
44 136
65 138
81 138
11 138
56 139
139 149
7 139
110 139
67 166
166 177
120 166
91 115
91 184
8 110
141 175
144 155
33 47
23 30
41 180
1 79
119 172
100 186
26 169
130 168
123 198
6 177
35 122
3 196
35 46
75 196
101 196
35 117
89 196
123 178
150 178
151 178
117 185
29 40
29 181
20 157
49 106
43 53
36 161
13 161
104 161
3 12
12 63
12 193
2 153
14 73
2 200
73 85
91 138
74 91
34 94
70 105
30 138
163 192
173 191
189 191
55 191
160 199
112 176
28 176
143 176
22 107
80 107
138 172
15 77
84 195
95 118
118 136
21 132
132 175
145 187
88 187
24 139
134 156
113 134
1 134
62 179
25 104
52 94
51 190
51 125
51 96
50 52
25 109
47 72
45 152
72 98
41 52
148 152
25 150
62 100
83 152
62 102
139 169
35 38
38 58
74 135
87 99
61 137
68 159
18 159
159 174
166 198
29 138
139 196
31 178
42 108
16 31
91 124
135 162
141 172
30 76
5 196
19 39
39 194
39 188
58 166
165 185
35 60
172 180
114 142
111 146
26 142
144 154
61 161
29 166
34 126
78 165
24 154
57 133
133 140
78 199
85 131
59 131
5 106
71 86
71 92
17 54
54 101
84 171
93 182
17 93
90 164
82 167
97 116
10 23
97 157
32 103
164 183
4 93
37 49
37 130
37 158
40 171
44 121
121 181
53 164
121 127
10 197
66 171
64 82
97 170
103 128
59 82
33 48
43 60
73 166
30 147
79 137
27 186
129 147
87 163
72 126
42 168
9 57
9 96
27 99
108 163
2 129
77 162
6 20
51 91
30 191
69 92
21 69
105 124
48 111
39 195
