10.107809
115427
31
45229
200290
109 186
41 87
103 134
123 156
166 187
23 99
81 197
150 153
30 196
113 181
59 112
96 200
130 180
86 195
67 182
106 142
91 106
9 106
49 106
25 104
104 166
105 136
106 180
36 60
36 123
112 141
1 141
141 154
97 144
97 197
119 145
20 145
12 108
43 117
12 161
117 130
12 14
117 171
117 187
95 185
144 155
43 62
79 106
124 163
107 151
106 127
40 146
22 36
37 143
113 158
158 183
158 189
121 135
135 151
135 149
118 127
104 131
74 159
21 178
26 68
169 178
156 178
7 74
10 26
16 74
26 111
26 47
94 186
38 94
177 196
2 58
2 200
165 172
59 177
24 177
165 192
3 122
3 103
3 61
131 141
70 104
44 157
44 150
22 140
13 85
41 114
75 110
78 136
78 198
84 114
114 179
30 110
110 181
1 57
57 66
57 86
126 152
95 126
57 67
8 39
34 126
28 164
8 81
18 28
118 160
45 182
64 106
163 168
168 171
133 179
133 183
106 199
3 195
32 80
104 145
27 97
97 105
134 148
148 153
10 65
65 190
31 65
13 56
15 194
15 122
33 73
3 73
64 191
97 101
69 139
37 69
11 137
11 109
50 142
38 71
42 184
50 125
46 99
71 138
12 27
29 170
6 55
55 96
49 176
176 188
82 193
82 174
82 90
83 87
83 138
77 116
76 115
116 194
4 93
4 147
102 129
102 173
120 128
19 120
17 76
53 83
116 167
88 89
40 88
72 140
111 175
18 175
56 145
35 63
35 135
54 124
141 155
185 191
48 178
36 107
63 80
72 146
33 48
70 143
54 170
5 29
65 73
51 62
52 199
52 92
36 165
2 36
98 162
45 132
74 92
110 162
120 160
101 184
100 132
51 102
4 155
46 158
5 76
82 100
