4.232364
29331
13
5068
149603
32 113
24 77
81 82
3 95
27 88
49 83
71 107
43 60
74 109
8 13
16 33
110 111
22 59
34 59
59 96
59 103
11 59
35 59
66 92
48 62
44 116
68 70
89 98
6 81
6 95
6 36
58 98
14 112
10 112
25 112
80 100
61 112
35 112
47 101
46 105
75 113
14 75
72 75
105 110
41 54
6 108
73 97
6 58
23 97
47 53
53 77
53 55
15 53
13 46
54 76
71 112
57 65
55 57
57 83
57 93
37 117
12 37
43 59
44 74
103 114
23 40
37 67
53 89
68 116
7 32
17 45
58 75
27 57
9 37
70 99
8 99
101 111
16 106
3 40
78 85
37 76
29 85
64 107
29 63
9 45
34 39
17 39
15 56
56 78
1 88
66 106
118 120
80 87
22 87
50 87
33 87
92 120
31 120
52 115
11 115
18 104
82 104
91 115
21 60
2 21
21 42
86 94
91 94
26 79
79 86
30 90
84 90
28 90
5 119
38 102
102 117
48 100
61 119
12 19
19 51
4 20
4 62
69 75
69 90
