18.670220
115319
49
25172
148899
173 199
149 167
60 131
76 136
4 69
5 147
107 187
47 59
13 59
40 200
40 198
40 133
40 101
101 171
104 108
104 119
104 198
45 104
32 104
90 183
90 162
90 160
90 136
90 134
18 112
24 157
84 112
66 112
33 155
50 70
27 91
30 116
152 188
34 57
34 75
37 109
132 152
68 152
62 91
41 116
42 109
43 109
45 50
52 116
50 87
12 34
11 34
49 91
2 57
18 79
153 174
182 194
80 84
80 130
80 182
80 196
97 194
124 194
173 194
88 135
102 135
74 186
74 107
69 74
55 135
15 74
39 199
92 122
25 86
25 89
25 122
154 169
123 197
99 197
44 197
77 159
114 150
106 159
96 180
94 179
94 170
7 31
7 111
85 114
7 176
81 158
36 81
8 96
61 98
61 105
61 129
63 115
63 148
63 178
64 72
64 73
64 93
20 114
35 96
38 141
38 168
38 172
159 181
17 94
16 81
121 123
95 154
46 95
71 167
28 189
151 164
29 33
166 175
1 189
175 185
82 118
71 100
24 53
67 125
66 71
128 160
120 128
118 186
118 119
125 133
113 192
125 139
4 21
128 138
23 29
137 192
5 83
6 146
142 164
147 189
83 131
149 192
54 83
56 143
58 76
21 183
56 110
58 174
55 164
19 184
14 58
60 146
53 190
19 191
52 146
53 144
21 177
11 29
78 187
145 187
9 187
140 193
59 126
163 165
40 79
50 193
48 194
117 187
39 163
92 163
59 65
109 145
126 157
3 116
10 78
59 169
3 156
2 109
9 135
116 153
64 163
127 157
10 157
152 165
80 161
91 127
171 197
65 195
51 187
26 34
48 56
126 159
114 126
103 157
155 175
38 117
26 61
22 156
22 94
7 22
51 96
63 103
81 103
19 121
