23.738526
23775
73
14936
72397
100 208
37 54
129 343
55 307
184 316
50 249
244 252
107 261
284 348
106 389
313 318
96 358
29 198
3 297
224 262
83 101
2 92
41 199
43 266
155 183
30 229
31 330
60 255
283 300
195 260
248 346
75 122
22 238
42 356
332 386
141 268
125 365
36 275
72 365
85 264
190 312
303 336
57 142
34 345
187 213
213 227
213 252
213 230
81 295
87 109
53 273
273 353
273 299
182 189
257 333
222 343
61 314
49 212
49 178
173 341
173 239
49 153
49 95
321 347
153 173
259 347
312 314
2 173
314 353
316 347
12 140
7 356
7 32
7 33
291 387
62 327
302 365
108 176
256 398
57 275
166 305
154 319
258 390
109 263
337 341
337 350
75 156
53 156
359 379
145 337
139 288
69 139
123 359
83 359
156 202
156 249
139 176
171 335
228 335
324 355
160 373
159 240
26 159
171 392
84 392
126 382
126 244
126 152
124 400
58 104
105 385
104 151
104 106
94 104
80 368
80 245
269 400
284 385
235 400
18 80
324 385
27 385
364 399
41 399
10 65
65 102
334 399
64 228
7 248
39 211
233 375
70 200
70 157
70 117
39 114
39 188
45 381
233 344
22 70
39 230
40 45
45 315
226 233
191 253
9 109
122 213
250 314
81 302
24 81
213 386
59 267
88 201
267 394
26 267
205 296
21 262
21 119
21 56
195 296
138 201
113 296
317 397
36 397
369 377
94 377
181 306
181 361
181 265
51 79
79 202
224 323
78 215
78 345
50 323
38 178
38 177
38 69
313 323
181 229
287 387
287 325
175 287
24 314
3 44
82 384
384 389
7 363
51 234
89 234
326 351
238 314
108 298
42 173
132 242
132 309
289 322
290 322
29 322
173 194
92 161
161 266
161 331
109 275
278 332
265 278
110 279
87 277
60 277
285 362
58 310
270 388
272 310
270 295
119 362
115 339
115 299
115 293
174 281
127 148
304 310
30 158
31 270
165 362
43 115
107 362
127 231
127 131
28 183
158 374
28 369
216 283
216 297
158 370
158 235
209 310
17 216
28 66
5 281
135 281
9 168
156 286
54 147
72 147
52 222
70 118
309 349
279 349
6 109
49 264
110 378
73 126
71 340
179 368
61 179
337 340
260 355
39 311
144 307
144 242
78 142
140 365
140 275
233 250
169 360
347 351
168 182
7 141
76 348
76 85
25 118
203 400
160 326
201 311
42 398
64 340
55 294
124 294
253 294
201 300
296 373
329 346
191 220
146 338
146 303
146 218
210 251
133 210
210 305
271 358
256 271
203 267
14 214
4 13
150 186
13 48
214 376
46 214
154 186
63 99
13 280
63 206
63 219
186 282
130 170
97 130
130 246
217 364
165 217
52 232
28 330
34 116
96 292
100 292
223 347
232 328
66 193
167 395
162 164
11 354
155 162
193 236
71 342
23 257
23 86
221 274
221 268
143 301
143 243
120 231
120 320
19 194
186 378
74 141
372 391
208 372
74 328
121 129
121 357
47 209
207 241
98 163
241 380
98 112
247 308
204 396
184 396
93 149
16 396
15 371
15 327
67 128
15 366
90 157
90 103
149 199
47 383
77 90
8 247
111 149
128 225
137 241
98 258
319 336
237 286
68 333
198 254
20 192
254 352
192 320
134 393
101 393
185 192
91 254
136 380
136 163
68 291
23 346
35 390
62 116
35 139
143 263
190 322
247 255
45 109
6 281
25 180
65 140
166 169
127 223
210 275
214 275
45 367
335 359
197 273
128 180
172 216
395 398
172 276
1 385
196 237
276 354
13 196
130 197
1 63
