13.219106
23999
37
15283
211090
18 81
149 162
138 155
42 48
128 164
123 127
82 98
80 177
126 179
31 166
21 31
37 165
37 161
37 141
13 31
84 200
14 186
14 152
14 50
151 165
49 145
49 146
29 59
45 59
53 59
59 105
59 119
65 92
11 34
160 195
90 160
4 82
47 112
47 184
134 178
149 178
47 177
5 30
5 164
53 197
56 68
94 158
120 158
46 187
21 140
27 83
33 83
135 140
130 143
167 190
121 140
46 77
46 170
87 143
66 140
189 190
190 191
83 89
17 155
17 123
143 180
17 112
17 85
133 191
2 40
43 157
163 183
137 175
144 183
24 175
108 175
79 136
79 102
62 183
63 175
79 88
48 176
174 176
41 199
18 159
153 159
128 188
188 193
139 188
117 122
11 36
36 84
7 106
7 115
7 126
20 147
119 147
3 99
73 185
15 51
71 181
55 100
55 103
55 196
156 181
124 181
127 132
65 132
44 150
57 192
184 192
35 85
35 113
22 118
10 32
97 121
97 99
57 60
101 168
142 173
8 113
101 180
81 182
60 125
97 109
22 61
80 91
122 182
29 60
8 42
28 96
26 129
26 69
74 194
74 157
72 138
72 86
41 74
25 182
91 104
2 10
91 93
24 101
23 72
76 173
22 162
8 16
68 96
96 195
9 139
9 104
83 172
143 171
49 148
49 200
49 169
14 151
148 160
95 160
39 98
39 186
37 56
31 52
37 46
92 110
31 133
116 169
117 171
34 78
49 75
59 75
12 37
6 131
64 78
14 198
95 114
3 179
1 83
154 190
19 31
54 131
79 131
6 47
5 158
178 198
52 178
1 54
52 107
154 175
12 58
5 40
178 183
116 199
67 107
4 111
70 79
38 70
44 131
26 131
73 197
58 173
43 51
19 55
111 181
