6.364651
203433
23
91366
280081
21 60
87 123
80 133
80 139
103 116
30 103
12 129
12 20
13 94
75 77
46 47
6 50
74 79
70 126
7 25
26 56
71 116
34 99
88 115
93 111
33 93
9 115
93 97
57 126
8 58
54 58
18 58
77 106
17 51
38 66
1 65
47 120
63 120
81 109
15 123
109 128
15 99
119 120
15 43
14 91
14 45
14 19
4 109
30 32
32 63
4 84
91 131
118 127
69 118
21 118
26 40
40 79
85 137
85 90
100 124
67 101
101 130
101 136
16 122
113 130
113 129
80 94
80 115
60 86
35 86
7 86
2 72
104 132
2 13
1 23
83 105
114 117
23 112
108 114
65 107
44 103
12 134
48 87
53 139
31 53
56 94
37 49
3 54
49 76
3 108
3 69
95 140
6 59
102 138
27 55
27 42
73 95
68 138
11 59
59 111
17 49
61 94
5 103
39 94
103 110
12 78
36 89
5 12
40 107
71 115
61 93
15 80
58 70
48 135
98 103
28 94
57 134
66 135
78 125
22 52
12 109
22 34
89 93
10 46
44 82
25 62
92 110
62 64
82 106
14 74
41 121
36 85
15 29
64 121
18 24
24 96
29 100
51 98
41 122
50 105
75 138
27 64
28 104
10 95
