4.883333
14475
18
524445
524447
9 62
16 66
75 80
18 100
28 32
23 69
10 48
25 93
65 93
31 57
18 97
65 85
62 70
42 82
5 42
42 80
85 100
85 96
22 70
6 41
85 95
69 99
25 99
9 14
12 40
14 15
14 59
40 67
40 81
4 73
4 72
74 88
10 94
28 94
19 58
7 76
48 97
3 11
41 46
21 47
21 56
21 82
22 46
3 91
3 51
8 75
36 44
27 84
79 84
34 44
30 43
30 66
46 53
8 72
8 31
17 44
16 84
13 71
23 70
3 95
19 32
29 70
2 29
45 61
12 39
37 39
30 58
70 71
64 76
64 87
6 68
63 92
26 52
52 92
33 38
54 60
35 74
35 78
35 89
55 92
54 83
38 98
26 91
26 81
4 90
40 90
49 50
2 20
49 85
20 24
1 57
50 77
1 86
7 68
40 88
13 54
44 77
38 86
24 45
