31.351792
1
67
167226
191643
213 246
105 211
118 123
97 201
92 200
91 159
47 52
46 142
2 197
36 153
75 111
75 209
13 25
81 143
66 167
25 132
84 170
15 171
64 75
55 81
53 171
50 102
48 85
41 241
41 149
41 54
36 81
25 163
102 219
167 182
161 171
158 197
158 160
2 102
145 158
171 176
102 201
99 167
85 238
85 152
84 210
85 124
84 246
84 230
234 249
184 234
161 189
148 189
126 189
125 212
77 234
60 138
112 118
168 169
35 100
138 218
199 224
52 112
169 214
112 146
169 226
100 159
100 213
31 199
30 72
30 154
30 119
29 245
29 178
29 97
9 104
63 221
9 250
63 153
40 144
116 144
9 91
63 140
6 72
16 87
16 67
69 187
94 187
16 219
58 194
92 194
194 248
96 124
45 240
45 236
45 200
105 128
128 203
47 191
61 96
10 191
20 96
32 128
3 191
86 222
74 222
123 222
98 155
106 206
107 204
108 239
103 239
8 165
8 183
8 212
7 174
95 134
93 133
89 122
88 207
11 28
82 129
181 202
155 175
155 237
156 207
157 239
5 177
4 225
162 231
173 177
151 220
188 220
193 198
195 231
206 211
220 247
225 232
227 242
228 243
131 141
7 190
120 129
122 216
122 230
24 206
129 137
131 135
131 136
117 231
133 186
134 233
134 235
142 204
7 17
147 202
150 225
27 193
57 127
57 172
57 196
34 242
33 78
51 180
22 204
28 139
28 62
68 243
70 177
71 242
73 110
73 208
43 46
38 243
51 114
51 83
76 78
49 202
78 164
26 73
21 193
44 207
43 166
43 80
19 133
168 223
37 81
12 75
25 158
167 234
41 217
171 217
18 102
56 81
167 192
75 192
37 229
7 37
37 73
113 158
41 179
12 229
85 115
84 90
12 51
12 57
29 125
25 244
12 122
125 185
18 234
109 169
113 189
215 217
39 185
23 100
6 199
1 79
30 109
125 177
125 220
109 215
42 59
1 16
112 187
39 101
42 128
115 138
42 225
42 129
199 205
28 217
1 133
1 239
138 223
109 207
14 59
14 101
144 179
45 56
23 231
23 121
23 242
18 243
65 79
56 202
121 187
43 90
90 193
130 206
65 78
130 134
131 205
155 244
