12.757665
34742
34
2957
164848
83 138
87 159
41 67
65 133
10 36
94 132
107 135
19 91
25 102
25 112
35 68
30 68
47 68
68 138
61 68
74 131
96 131
80 131
148 155
60 123
65 123
59 159
59 134
59 128
28 104
37 104
104 141
6 104
81 111
24 70
15 86
24 26
43 86
14 38
4 14
32 86
53 86
14 95
21 24
93 117
37 139
121 130
130 136
130 135
63 130
16 84
28 92
5 31
51 71
54 137
57 117
17 132
71 160
17 129
17 44
16 57
13 57
11 71
120 137
5 137
44 158
85 105
11 64
33 109
42 146
19 109
40 58
58 125
62 146
109 122
3 146
1 58
75 152
76 142
85 142
39 78
34 72
34 108
2 22
2 87
10 45
66 103
69 81
69 107
23 82
74 89
20 89
36 79
18 72
77 79
18 67
83 89
12 23
90 151
91 151
18 154
9 45
97 118
99 118
100 106
106 136
108 118
114 156
7 66
6 79
127 147
143 151
149 156
48 133
55 140
55 124
55 94
29 144
29 153
48 88
30 156
46 147
45 148
43 48
41 69
35 106
56 68
101 113
25 113
25 123
49 101
101 145
116 157
123 157
56 73
25 92
119 145
27 101
101 126
25 105
31 131
73 155
104 115
131 150
49 52
57 119
59 139
50 59
86 110
14 111
17 111
71 115
24 126
66 116
109 110
8 27
93 152
50 146
78 84
98 130
8 147
23 158
29 150
58 98
