13.436543
161071
31
157
192687
40 79
49 105
12 13
9 21
78 106
67 120
32 47
18 47
47 82
47 117
37 68
37 78
33 35
8 10
10 40
10 98
43 70
43 63
30 43
43 66
25 80
39 53
13 25
53 91
53 118
25 77
17 23
17 26
25 81
17 101
80 103
2 49
46 119
19 44
2 31
23 119
2 30
67 103
9 44
35 119
74 103
42 58
58 105
1 58
20 94
32 94
79 94
41 95
41 69
41 45
38 115
38 97
38 61
109 111
102 112
100 104
99 100
48 59
48 107
84 92
50 92
51 65
51 116
52 92
60 85
60 96
62 75
76 112
72 108
72 110
6 112
16 75
12 51
21 111
22 111
24 60
7 83
7 73
28 48
29 72
4 7
3 114
3 89
34 100
3 54
36 75
47 90
37 47
86 113
64 86
56 64
15 120
53 120
25 90
87 120
3 120
15 44
33 58
37 93
27 57
2 5
14 57
33 87
33 92
14 44
11 103
17 71
5 88
7 55
55 60
55 75
55 88
11 38
14 100
14 72
11 41
48 71
93 112
55 56
