5.964014
71315
21
58808
154182
149 157
24 90
49 117
84 96
88 153
15 52
1 39
19 36
36 48
36 160
9 151
19 92
92 158
92 132
92 146
69 127
122 131
20 49
13 57
57 108
57 124
20 159
20 156
20 95
74 120
120 132
28 43
129 144
14 135
14 74
105 160
72 118
136 157
53 61
43 136
116 136
61 87
61 115
42 93
5 10
6 21
6 86
6 150
34 63
63 121
63 96
40 63
71 111
71 127
71 159
3 18
1 125
117 125
78 95
78 149
137 139
59 151
21 59
138 142
8 104
64 123
34 64
23 90
23 147
23 113
36 52
62 148
50 75
81 133
55 154
17 97
7 82
12 100
82 88
31 47
83 128
15 47
33 83
47 122
12 38
12 24
25 97
11 97
37 82
36 75
104 105
63 148
80 81
36 39
92 109
46 67
51 60
60 70
41 66
85 145
87 145
27 77
76 139
70 76
46 57
57 133
80 92
56 79
56 94
98 107
72 98
103 155
79 103
36 55
92 142
18 112
32 129
53 143
17 143
3 65
20 137
66 112
18 61
118 138
41 75
27 57
9 130
77 130
99 107
99 147
51 62
45 47
73 154
12 144
73 101
42 101
26 69
45 56
6 10
2 22
68 141
30 35
2 54
110 141
4 35
48 114
114 140
29 134
89 115
89 91
18 82
93 126
102 126
119 140
106 119
58 146
16 58
44 153
44 152
83 109
5 35
32 141
26 29
2 28
