57.120546
1
129
76292
93518
29 298
9 271
252 393
93 102
136 439
32 97
86 301
172 314
73 467
82 454
66 356
131 477
203 374
203 301
203 271
66 244
66 239
66 237
30 131
26 66
131 308
131 332
417 466
146 317
68 335
12 335
51 245
312 335
18 466
330 335
250 466
174 439
97 174
195 280
68 286
132 280
286 461
280 347
174 241
280 402
280 400
105 290
220 268
139 184
139 344
139 473
148 267
150 395
194 220
167 267
70 395
180 220
182 395
100 395
220 370
85 426
264 304
264 327
79 85
89 191
16 141
264 369
77 89
89 296
16 362
16 447
242 455
85 112
267 281
232 455
4 318
4 181
91 455
4 168
93 139
4 69
23 341
341 500
155 341
235 332
338 500
363 393
262 338
363 412
35 338
363 476
260 363
64 276
279 321
24 456
201 321
64 163
321 348
10 415
64 151
284 415
355 415
320 415
367 388
83 248
83 127
83 346
80 275
58 249
83 109
391 468
343 431
127 468
65 378
117 256
119 378
80 255
118 367
234 334
165 274
256 445
256 377
40 80
192 231
192 482
249 485
236 356
177 192
33 334
210 274
219 367
222 249
224 266
227 274
464 468
135 384
274 467
3 343
259 378
163 378
266 434
160 343
47 384
326 334
266 289
266 432
15 185
288 336
134 283
295 300
88 368
263 283
88 226
88 320
116 315
258 472
164 428
142 342
337 352
144 277
144 486
146 352
342 418
162 178
352 451
110 252
110 206
295 345
104 198
178 319
178 476
102 288
194 342
198 318
99 198
207 315
295 358
54 136
54 449
21 164
53 121
28 54
53 150
53 199
71 283
50 258
39 258
1 288
32 144
30 110
5 499
399 499
202 399
269 381
269 454
206 254
124 328
124 408
124 461
12 433
105 414
287 416
175 354
154 394
55 115
62 81
416 440
166 299
113 175
114 190
57 493
114 245
172 493
316 349
120 389
389 434
55 350
9 55
380 414
78 114
225 396
325 394
299 403
94 316
183 414
225 244
24 416
87 389
26 316
282 422
282 427
81 353
225 324
278 493
299 330
22 34
410 411
44 450
218 430
153 453
45 309
410 478
413 463
25 444
157 435
152 410
156 208
221 372
153 188
405 407
153 223
214 372
197 311
302 498
37 218
309 386
462 479
204 339
189 435
187 253
212 243
438 448
179 452
179 398
179 322
437 497
298 339
218 307
176 302
311 488
42 253
31 76
425 469
216 475
173 495
173 423
84 444
173 200
171 360
169 483
44 122
44 409
103 156
56 170
56 357
56 382
49 61
111 489
59 63
111 379
111 193
253 424
108 448
63 161
359 407
360 390
106 340
63 186
251 479
11 339
98 444
67 313
8 76
7 404
95 313
481 497
92 156
383 404
75 407
76 209
372 441
373 483
82 311
294 469
145 340
49 238
49 265
143 360
140 475
22 158
138 413
137 302
22 72
404 492
471 479
233 483
331 469
20 448
19 313
240 475
247 435
130 494
130 297
17 413
130 205
129 497
126 340
125 309
243 292
243 446
36 400
6 273
36 465
272 419
2 459
217 443
36 86
6 229
27 443
227 419
6 388
419 480
14 459
46 344
429 457
314 429
40 215
185 385
361 387
101 385
73 361
60 385
310 361
46 351
46 474
327 443
195 429
2 323
131 466
174 203
134 397
228 239
397 402
10 421
39 228
387 421
300 484
431 484
203 290
286 375
317 436
203 321
89 174
89 436
16 267
85 455
66 246
64 375
235 341
64 290
174 293
196 286
335 490
131 470
267 392
264 270
317 376
256 384
80 343
236 334
38 280
128 270
286 364
211 317
291 334
249 442
128 329
264 306
4 306
52 466
123 455
123 395
317 487
192 371
13 352
13 110
13 53
38 139
256 460
85 147
274 293
156 375
51 218
51 497
311 375
51 333
15 291
196 305
80 496
36 51
198 236
13 213
133 290
124 128
63 436
384 490
5 384
215 436
16 159
49 290
164 371
329 442
107 220
257 456
246 342
376 456
90 341
491 496
128 253
128 413
41 83
147 468
43 366
257 366
213 392
266 470
192 487
149 456
90 367
258 303
285 295
407 442
54 74
254 458
249 323
315 433
164 401
230 283
365 460
261 315
372 392
392 404
479 496
444 496
406 458
96 491
48 406
48 394
48 56
48 448
43 175
303 339
285 475
41 313
41 153
360 364
74 469
211 302
52 340
282 420
243 487
179 230
111 470
76 230
173 401
401 435
81 96
44 159
130 261
420 483
22 420
149 420
96 410
107 309
