35.395019
73180
91
13776
76650
46 58
64 142
244 332
133 272
120 321
135 294
339 385
216 311
179 340
325 362
30 356
101 127
83 183
28 235
27 139
148 338
338 370
153 338
333 338
193 338
241 351
1 143
90 336
184 361
184 279
184 206
179 184
17 349
349 362
43 143
307 351
336 384
297 349
8 143
117 143
242 259
94 134
187 242
242 298
69 255
108 255
134 263
40 255
222 242
255 335
43 113
55 150
73 85
74 132
75 271
39 135
292 353
39 321
160 394
190 271
322 387
191 250
39 385
115 292
148 387
250 340
278 399
364 399
9 108
250 272
215 394
9 18
267 387
9 198
158 344
163 360
64 317
129 269
62 346
129 220
237 269
15 68
62 315
62 166
46 233
61 236
220 246
220 323
332 360
140 233
233 356
233 326
145 236
288 317
269 307
17 360
68 125
68 244
317 388
210 365
208 210
84 220
84 210
36 360
16 269
77 236
83 236
22 275
299 322
22 23
23 238
234 303
154 176
248 377
126 377
91 170
91 216
91 290
91 392
200 224
348 377
200 254
200 352
172 200
54 82
130 209
172 195
283 390
186 225
225 302
119 225
156 243
219 243
89 243
56 252
56 241
56 186
52 293
70 164
70 199
70 229
155 294
201 304
201 375
139 151
282 311
5 287
147 155
151 232
274 282
77 111
144 190
106 235
106 120
101 111
122 144
27 155
124 151
282 301
13 111
93 106
144 277
281 282
29 201
174 318
53 121
28 128
318 344
266 318
88 121
128 367
128 314
121 140
57 169
188 231
188 245
95 380
95 374
96 211
95 173
99 162
253 337
270 354
178 214
296 376
270 334
217 296
162 207
131 211
165 253
167 347
296 324
223 253
177 306
104 273
180 214
249 331
182 306
185 211
114 214
112 347
260 280
260 391
104 341
261 270
347 386
14 202
14 310
14 366
76 104
24 188
25 260
31 87
32 47
32 98
87 92
32 268
33 249
71 306
51 146
65 162
51 161
51 203
59 249
80 87
79 90
2 398
79 378
11 262
55 350
34 350
38 103
264 382
44 183
44 400
45 397
48 50
50 137
50 303
153 221
152 355
263 264
44 100
149 290
60 149
218 221
384 397
52 226
295 330
54 230
142 359
141 221
58 397
8 330
212 369
226 240
20 102
21 78
206 212
226 283
227 312
192 256
30 37
230 319
289 329
42 123
251 264
383 389
256 287
3 152
37 274
37 370
345 389
343 359
168 381
168 175
102 259
300 327
72 328
300 358
74 230
107 256
78 291
78 325
105 359
312 396
123 176
123 239
102 363
127 329
320 328
133 312
329 339
85 149
86 330
94 168
97 212
7 257
7 209
35 285
254 285
103 109
109 313
6 169
115 393
388 393
6 247
6 19
66 349
134 368
41 242
250 368
213 336
143 213
4 342
159 163
159 352
67 338
132 351
184 271
67 184
255 292
91 118
271 284
195 338
4 121
132 271
9 250
134 181
228 284
158 387
351 379
171 336
349 390
66 308
236 309
234 242
39 62
194 220
23 150
39 228
275 292
10 62
130 394
305 394
181 189
132 243
154 317
23 63
151 316
26 316
136 394
130 210
189 196
12 399
157 371
201 309
70 194
204 336
265 399
57 157
286 351
351 372
234 308
113 138
10 81
132 371
116 210
336 357
265 299
5 171
116 377
110 387
134 197
134 258
49 255
205 233
276 360
73 300
269 373
95 234
2 305
63 328
270 293
38 377
12 262
26 395
162 204
204 260
87 204
253 276
32 110
104 372
188 286
205 296
14 373
347 357
197 214
138 389
51 395
211 395
258 306
49 249
152 373
