61.127282
1
129
4717
77527
161 221
67 318
64 157
21 423
24 227
290 414
280 364
274 360
56 96
152 370
225 421
4 311
4 85
4 116
4 327
4 216
290 315
207 294
82 108
108 370
45 73
90 315
294 333
107 294
163 315
239 422
39 108
144 158
144 208
386 422
144 431
252 429
249 347
57 422
347 433
122 275
122 325
122 381
325 347
122 166
14 64
14 149
14 269
183 347
120 172
73 317
14 443
73 160
73 102
195 358
195 309
85 195
51 109
32 297
33 297
412 416
297 418
9 204
259 297
204 405
204 277
37 441
174 271
74 414
123 271
161 427
55 227
127 251
56 251
148 318
74 345
92 194
74 395
55 97
55 256
102 357
67 276
17 148
81 427
191 357
13 408
173 251
23 328
23 336
23 416
13 334
13 252
289 357
287 427
194 275
27 35
27 87
194 304
27 363
339 442
104 276
271 327
101 148
62 448
7 448
84 371
169 371
311 448
124 324
382 423
172 324
10 185
132 382
109 324
22 93
10 362
33 243
10 339
243 348
93 257
223 382
43 119
43 280
93 267
222 243
43 380
176 450
178 262
170 246
385 425
170 365
170 399
131 403
131 182
129 232
177 198
139 164
177 373
128 367
126 437
125 425
197 292
143 332
156 438
164 374
154 253
154 250
154 244
150 351
147 316
165 322
145 316
133 189
142 335
142 323
140 338
165 435
159 196
138 340
137 305
168 432
1 5
273 343
298 411
298 407
296 392
295 359
293 361
285 305
282 283
281 413
300 413
272 406
270 282
268 378
266 375
265 351
264 367
261 296
258 424
346 388
377 446
369 438
368 406
360 413
359 398
355 377
354 439
352 375
248 331
378 417
331 410
316 391
314 426
308 351
306 367
303 432
302 338
189 221
196 436
193 301
193 286
192 384
190 321
190 235
190 213
189 445
196 447
187 206
186 449
184 332
181 439
180 393
180 310
180 211
179 406
215 444
241 375
240 388
238 388
233 449
231 425
228 296
226 432
220 258
178 307
212 273
206 341
206 279
205 215
199 282
129 379
197 284
94 171
89 361
34 263
31 197
30 415
30 54
29 387
29 364
29 234
46 110
72 342
34 291
94 229
94 390
28 192
26 314
25 372
25 200
72 329
71 138
25 58
77 353
76 245
41 389
41 255
76 155
41 217
42 178
76 349
77 121
75 99
24 438
78 129
36 46
44 177
34 404
80 126
72 400
83 331
86 314
88 192
49 359
15 313
112 449
15 260
47 176
15 113
12 30
114 273
115 258
117 142
65 98
8 131
6 377
50 338
5 146
5 111
61 126
3 378
60 305
52 215
65 134
394 439
99 106
99 312
100 193
103 298
46 214
21 332
20 176
69 164
19 165
68 361
66 138
16 77
65 236
48 188
70 96
188 225
70 152
53 188
70 396
237 397
130 167
11 397
105 421
105 274
105 202
149 397
157 167
167 210
151 381
18 420
18 419
22 201
35 201
122 429
108 422
4 356
144 224
108 175
95 120
120 430
294 442
294 441
204 356
120 409
63 422
136 144
219 429
38 175
175 442
276 412
14 330
51 299
356 371
413 429
296 429
73 254
120 254
315 344
347 402
74 430
13 401
95 251
194 203
276 442
141 412
51 243
151 315
195 330
23 278
91 148
34 51
51 367
153 224
153 356
224 305
175 439
175 438
298 412
375 412
129 356
189 224
131 224
337 357
135 204
40 297
38 247
230 427
43 376
218 409
162 376
162 401
151 195
383 441
242 278
95 126
95 154
193 203
38 59
282 401
192 401
258 376
38 79
138 203
72 376
406 430
15 430
2 55
271 428
203 434
27 209
218 366
209 299
5 91
91 331
278 338
278 361
30 63
242 326
41 337
141 319
320 366
230 332
118 136
314 383
197 383
288 320
118 350
59 94
59 180
425 440
25 319
206 288
46 440
378 440
215 350
59 65
273 350
164 288
142 350
79 449
79 190
79 165
319 388
77 288
76 319
2 359
135 177
344 377
209 351
178 209
176 254
170 344
99 402
40 316
40 196
428 432
434 440
18 441
