49.202449
3
116
49375
77612
185 379
10 332
27 192
305 417
116 388
298 434
178 430
44 109
70 322
378 410
38 260
193 323
63 160
198 272
418 436
203 269
274 440
211 416
227 394
394 450
362 394
50 366
16 311
368 421
82 355
30 42
361 421
20 201
66 284
131 398
30 153
30 214
30 434
131 204
7 421
16 131
118 437
235 424
67 105
67 140
67 309
67 332
67 423
118 391
118 368
118 293
118 199
174 185
174 338
174 399
39 324
280 402
304 432
307 323
136 307
286 414
46 266
307 344
46 302
87 414
146 244
149 383
115 383
112 244
99 403
99 375
99 195
93 307
46 376
212 432
77 445
77 401
77 86
237 244
244 262
46 420
383 413
349 414
402 432
389 414
367 383
15 77
34 340
282 428
35 215
35 264
35 352
35 444
227 242
17 203
17 297
17 250
60 408
17 188
76 357
23 283
21 76
76 168
76 89
20 405
70 88
369 386
113 386
255 328
328 360
328 343
88 218
85 88
128 386
62 308
130 299
298 348
92 119
109 348
115 299
139 287
178 350
295 409
62 231
138 287
80 249
260 350
62 355
4 341
409 435
4 286
4 150
186 299
80 357
287 423
80 372
217 350
92 417
348 416
13 92
22 392
96 429
96 297
96 282
303 411
15 411
145 411
265 339
205 305
205 273
215 327
180 363
205 252
262 327
327 366
180 418
75 180
246 333
120 334
39 334
200 245
161 239
373 436
94 320
200 288
202 213
91 316
200 443
14 427
97 278
127 247
152 182
122 318
151 426
151 276
148 225
124 335
148 173
148 171
410 425
152 294
144 446
144 257
144 208
143 285
141 247
412 425
1 433
133 385
159 161
14 165
189 253
382 433
175 365
385 415
11 448
172 351
33 232
14 267
157 300
154 291
154 226
114 152
9 213
116 124
8 172
5 172
253 354
29 78
59 161
58 154
238 320
240 358
28 425
243 365
289 316
55 407
45 65
318 449
45 370
55 263
54 143
53 55
300 364
253 380
254 358
51 321
51 183
51 117
24 220
256 433
45 374
24 336
277 419
278 306
278 377
24 406
330 419
78 396
71 124
72 73
72 155
72 166
74 151
229 347
373 393
78 107
61 143
229 271
373 422
32 196
312 320
32 233
213 270
209 419
32 104
229 390
316 397
230 358
317 448
64 385
365 371
63 448
300 395
38 247
318 359
232 258
232 292
27 47
47 331
206 281
2 184
296 346
290 314
176 438
207 310
224 293
224 325
224 326
192 353
353 439
190 342
381 438
184 235
346 378
283 353
345 388
169 234
169 214
169 181
342 430
160 206
158 194
251 342
156 345
268 314
81 106
40 83
110 408
110 404
41 345
110 223
43 137
43 241
57 246
57 442
66 310
68 346
40 147
84 447
90 210
90 269
90 274
93 194
95 206
98 228
98 420
105 314
103 179
103 248
10 84
132 194
134 310
3 135
3 379
3 387
6 98
129 322
129 261
129 222
40 44
18 69
34 43
37 221
37 198
37 193
36 106
18 164
31 84
25 57
22 184
400 447
272 275
100 275
188 400
26 216
394 421
211 432
421 441
46 50
311 424
118 201
284 424
324 424
244 311
99 174
340 441
50 125
12 26
211 301
108 216
52 307
280 340
111 424
131 163
191 216
414 431
60 67
163 216
197 219
50 350
50 287
111 197
123 340
60 432
216 329
201 279
82 348
79 424
99 121
167 242
170 383
101 431
92 324
4 324
126 440
80 280
284 411
23 76
82 313
52 299
163 328
26 152
14 26
211 373
48 428
88 328
356 394
56 392
121 167
329 386
216 315
88 170
236 311
161 311
174 333
284 300
201 448
82 144
82 365
201 316
19 174
77 337
55 324
17 49
106 280
142 340
151 242
18 56
103 242
108 124
48 265
125 162
32 60
163 419
24 163
23 385
23 72
187 405
101 319
259 386
96 384
177 409
79 425
102 279
126 409
49 253
172 384
337 358
278 315
45 177
162 200
318 356
19 78
51 142
142 213
142 320
143 187
259 433
102 148
232 319
154 259
102 229
319 438
