33.954329
36108
96
27736
73144
187 255
381 401
179 263
188 191
70 292
170 377
26 306
8 88
326 373
54 312
113 169
48 157
192 285
5 444
46 357
99 253
125 283
3 51
19 162
247 337
386 437
433 437
283 437
86 203
16 268
268 421
184 392
137 323
136 231
91 187
91 263
54 91
403 406
71 101
185 396
106 314
185 357
69 202
124 154
179 202
176 185
215 314
101 339
202 448
143 314
128 147
128 248
43 128
300 379
40 122
217 300
40 123
40 176
40 281
3 300
245 300
354 366
57 445
271 276
9 445
234 445
205 445
97 445
276 310
276 425
200 432
200 390
21 420
103 371
68 221
168 239
111 138
17 393
197 220
80 416
80 341
321 432
321 415
122 138
44 135
44 145
220 403
44 303
220 409
138 345
48 321
171 393
57 80
207 272
267 272
184 272
304 364
25 70
213 435
213 384
25 127
175 213
173 174
27 245
238 328
338 395
27 307
298 428
27 359
113 298
329 400
15 328
257 328
145 329
270 360
312 329
234 270
214 423
214 443
102 186
104 302
226 329
218 298
67 378
326 342
93 186
264 342
10 32
32 227
121 395
149 302
32 169
30 298
378 410
378 399
395 442
92 270
38 186
86 270
161 214
27 430
178 302
275 342
23 436
23 425
23 152
23 28
21 254
8 372
5 254
232 269
216 373
232 343
216 278
254 330
254 313
188 216
83 232
351 372
350 372
193 232
256 356
317 429
126 289
131 317
282 289
79 289
82 255
31 82
129 155
129 361
18 448
244 348
29 96
175 405
392 437
277 413
14 366
14 56
115 383
14 47
109 332
109 304
285 383
108 359
268 431
166 228
101 437
118 330
118 243
34 325
252 385
114 385
34 151
99 340
229 340
34 376
195 340
377 385
101 236
201 412
201 401
375 380
146 253
146 159
167 308
167 370
133 146
39 167
154 346
40 236
119 440
143 144
144 210
103 337
228 265
172 265
251 337
100 331
165 284
134 284
142 331
1 363
139 199
2 402
280 331
258 427
53 132
53 212
53 324
242 447
242 438
242 273
284 294
61 73
42 363
73 296
73 389
74 414
76 363
77 402
4 258
414 424
190 258
408 414
199 316
199 387
369 402
295 305
295 319
63 381
63 192
158 292
158 221
120 390
120 237
91 185
128 431
197 219
58 219
20 276
46 299
249 299
299 444
202 375
41 150
41 168
41 371
315 404
148 388
287 303
148 173
290 391
162 260
318 400
327 426
333 384
336 426
343 347
404 411
130 441
141 407
237 287
182 367
182 356
180 407
189 209
194 407
204 365
209 235
177 322
225 322
230 311
231 333
233 246
266 309
240 266
246 446
182 430
259 313
160 355
259 362
260 436
261 353
153 259
266 277
112 156
26 246
116 418
116 218
116 191
87 334
56 75
89 361
35 353
79 318
52 130
51 333
58 347
110 353
110 287
37 112
89 306
49 75
50 125
105 260
50 365
50 382
107 160
107 204
62 449
90 241
6 87
6 204
75 394
92 241
72 347
11 290
13 160
93 322
16 112
94 247
66 311
87 124
94 320
62 288
19 148
94 323
62 157
22 88
22 170
22 301
89 421
85 241
268 445
55 91
270 337
27 337
154 279
200 211
128 422
174 437
291 300
136 276
95 185
108 297
208 431
80 434
346 378
24 337
276 352
20 64
60 68
202 397
202 335
239 406
368 431
81 203
24 78
44 183
140 314
208 417
78 348
117 420
291 450
274 335
354 364
84 101
63 297
65 431
60 64
140 250
223 417
109 431
154 372
36 358
206 220
59 198
45 59
198 398
293 305
293 308
181 431
32 206
154 413
29 352
36 274
214 321
419 431
222 376
141 222
84 393
250 405
117 439
163 393
7 286
12 183
154 349
84 374
251 317
434 440
286 385
164 374
216 395
164 186
95 340
167 279
256 328
130 137
33 314
290 358
98 395
181 302
163 166
138 196
397 404
34 65
53 368
254 344
18 73
216 224
65 402
258 439
12 262
98 311
209 349
196 414
199 262
419 426
44 398
33 363
331 344
224 242
224 284
