19.480705
73807
55
18478
74402
15 249
121 133
40 179
3 18
56 178
190 233
125 165
61 168
124 153
39 124
21 61
38 67
67 133
67 202
48 67
128 229
6 134
150 206
104 232
35 221
35 110
7 35
6 249
6 214
6 99
32 104
66 104
68 206
196 220
196 232
173 196
2 77
2 78
2 115
2 143
2 159
68 139
64 218
130 243
130 219
122 207
26 130
106 207
60 207
32 158
100 163
25 248
25 231
145 197
25 64
144 241
71 205
99 197
166 197
144 239
13 70
163 227
13 175
163 190
138 209
136 225
96 140
96 192
126 199
95 162
96 200
36 50
81 151
74 181
123 228
135 228
109 181
112 162
22 228
18 81
199 216
153 162
185 223
185 216
155 162
185 204
23 199
156 228
147 185
27 36
181 201
11 199
31 81
33 36
130 245
85 152
56 183
183 217
87 118
17 118
83 164
150 215
83 97
82 92
41 230
39 215
92 137
230 233
119 215
8 107
117 189
125 132
87 132
75 132
93 208
109 208
71 180
85 131
76 84
76 111
178 224
76 129
131 170
171 180
42 131
47 224
120 224
40 180
151 211
121 238
186 238
105 108
44 98
43 44
105 157
46 105
89 222
89 236
89 247
19 44
53 55
55 72
55 141
30 114
29 169
165 169
3 65
65 191
116 159
80 95
80 113
115 203
116 138
237 242
147 213
1 210
80 128
203 244
154 234
91 203
188 246
213 226
213 225
212 237
123 210
16 189
58 146
58 90
14 188
58 187
57 179
57 176
15 237
54 116
10 234
16 142
59 73
16 195
20 57
69 194
73 107
9 198
28 73
30 194
48 210
9 177
61 206
35 94
211 245
35 67
102 206
61 172
24 207
94 158
2 88
63 206
149 187
145 149
84 161
161 173
67 182
45 206
24 25
137 174
90 174
63 207
67 101
102 209
101 229
196 197
139 163
124 127
104 136
52 207
88 235
6 81
4 6
63 144
2 240
86 240
79 86
205 250
184 224
76 184
180 184
130 167
37 205
103 250
104 152
124 132
5 184
51 127
37 148
4 13
13 36
34 181
34 36
4 96
52 117
83 209
12 83
124 188
49 130
4 8
194 218
160 163
193 205
62 131
44 160
49 234
89 193
55 193
62 105
9 114
