2.895713
162430
12
116129
360345
18 99
30 85
36 65
41 60
44 75
22 48
24 48
12 87
23 67
6 84
34 68
3 38
62 81
32 59
10 87
16 23
6 57
27 83
91 96
42 91
91 92
8 73
8 24
19 82
27 91
69 78
58 92
58 79
4 61
4 53
4 14
40 67
40 86
5 75
25 48
23 66
70 85
13 17
21 48
16 83
96 98
80 98
31 37
31 49
9 35
9 33
25 84
50 66
7 38
7 42
28 60
72 99
68 72
15 28
18 28
47 72
43 65
32 88
89 95
64 77
2 77
77 100
43 44
43 48
19 23
23 48
91 95
10 52
17 50
4 82
11 86
11 30
12 70
52 88
59 81
36 90
76 90
19 54
74 78
56 74
39 45
51 97
34 51
46 55
39 46
21 69
20 23
1 55
54 97
1 94
63 93
26 93
57 94
20 29
29 71
41 77
9 45
31 71
23 93
