11.575822
26846
30
34
308256
13 69
30 75
9 93
31 73
66 121
4 98
42 46
53 116
102 116
103 116
4 59
17 59
54 59
62 122
43 47
20 24
34 62
47 98
24 46
24 86
47 134
25 62
17 37
77 130
100 117
57 91
119 130
8 57
83 130
57 109
71 117
45 117
117 140
82 126
3 126
100 111
39 52
52 122
52 112
65 70
42 65
65 115
16 26
26 107
26 102
26 45
25 38
11 41
1 88
11 108
91 136
95 140
74 118
28 123
33 49
7 76
5 123
30 74
7 29
40 124
40 78
40 80
7 10
2 74
19 114
19 131
49 104
19 137
48 123
49 72
12 84
18 133
101 120
66 101
18 96
51 81
50 55
61 106
61 73
44 55
55 58
61 90
69 79
15 21
63 94
21 32
89 97
22 64
22 105
63 71
13 21
12 51
79 121
27 97
9 51
31 113
35 79
75 113
63 125
68 113
14 44
62 116
62 132
99 132
86 92
92 133
116 135
116 136
39 127
120 127
24 111
57 85
47 56
59 67
59 84
128 130
1 37
56 99
126 129
56 126
60 138
129 138
24 87
47 110
36 38
117 139
11 129
95 128
19 56
74 129
6 65
23 36
14 135
7 139
40 87
110 123
23 49
67 97
6 22
