10.176471
83077
38
100126
159497
150 243
47 112
149 239
41 67
26 226
207 238
5 14
128 177
139 171
102 184
204 206
23 120
113 156
158 186
83 241
194 211
56 189
103 144
19 100
5 19
146 177
146 162
83 146
17 19
53 146
46 248
29 138
76 139
16 215
50 136
135 188
148 217
217 239
125 217
58 94
85 237
98 234
47 168
112 190
41 168
71 190
124 132
38 233
48 233
175 198
94 198
158 233
121 198
31 200
113 200
153 159
113 244
89 106
22 71
15 40
116 231
138 205
117 147
54 76
118 185
56 196
63 197
18 52
2 9
9 26
92 226
160 242
133 242
77 249
80 249
134 249
67 225
87 214
24 225
21 87
87 150
91 234
91 136
221 246
80 172
40 172
172 213
172 193
126 247
15 35
157 212
23 157
117 168
105 207
105 128
36 105
105 149
118 190
190 246
140 164
88 154
88 173
172 231
12 209
95 225
37 193
37 43
179 201
121 219
188 219
146 218
7 61
33 93
33 42
9 10
43 163
89 163
166 216
166 178
166 245
103 169
137 189
64 165
144 187
187 238
30 155
155 248
164 198
19 169
119 198
76 120
36 59
4 59
61 241
129 141
100 129
10 249
96 243
97 220
96 227
24 151
96 132
151 176
93 97
72 76
8 42
170 209
170 191
122 146
156 157
98 218
45 113
68 86
186 217
87 204
50 185
76 147
63 104
107 229
107 152
7 124
114 194
101 114
44 78
44 232
119 126
64 95
122 135
64 223
1 85
35 179
145 161
52 161
12 247
45 65
8 223
13 14
13 201
65 205
116 197
57 66
57 70
57 224
62 101
62 199
6 211
9 27
16 58
164 242
142 202
39 111
142 235
69 111
142 167
111 143
46 233
27 68
55 82
82 240
38 82
18 65
90 216
90 240
3 74
60 208
74 181
53 208
6 221
1 45
123 237
123 184
108 183
109 182
109 215
110 165
110 203
28 145
11 73
11 153
78 109
81 236
51 222
49 99
32 230
32 127
28 180
28 130
171 183
25 110
174 236
99 228
99 232
20 222
183 210
11 75
34 195
88 113
102 131
131 229
115 192
30 192
92 137
86 236
159 196
118 222
31 195
84 202
84 224
3 250
108 250
19 79
29 142
22 32
79 111
