11.543324
30057
34
1046
72691
20 207
23 26
2 152
8 30
169 229
53 242
212 216
112 235
116 247
123 246
5 89
51 129
32 93
103 120
119 133
55 74
9 205
14 109
28 139
27 35
34 214
1 142
31 117
84 174
100 234
65 234
124 134
65 124
216 234
124 152
99 184
194 246
78 194
46 194
60 194
136 187
30 144
144 178
99 190
106 234
199 218
50 144
94 176
94 101
7 151
151 155
72 233
210 250
194 203
130 201
130 172
158 243
116 158
108 224
33 135
33 227
33 248
34 188
92 188
69 154
69 89
19 188
1 140
54 188
140 226
24 140
69 96
67 69
144 184
113 233
42 144
209 243
88 224
159 238
220 223
62 238
36 160
198 211
215 223
128 160
159 160
23 198
141 238
110 160
112 223
75 223
179 198
59 212
59 235
38 158
76 151
76 233
132 238
66 239
78 125
125 128
3 189
45 101
45 115
7 22
42 151
90 140
105 233
22 88
26 237
138 237
139 237
54 200
64 200
94 190
203 223
14 186
95 144
140 163
115 131
131 150
131 154
43 131
206 228
28 186
55 124
120 140
97 178
97 148
32 198
244 250
174 214
163 198
137 168
41 64
86 122
41 56
39 162
122 148
122 181
20 41
137 164
162 219
53 162
22 90
157 177
162 206
51 85
27 85
122 146
123 225
189 225
50 177
11 74
11 145
48 70
58 111
58 145
192 219
126 222
25 192
57 58
102 222
192 217
58 193
183 192
138 171
171 208
37 146
3 105
82 196
68 82
41 113
137 157
127 165
19 165
191 241
38 137
180 230
114 233
91 110
91 104
121 232
46 232
21 149
71 134
17 71
149 247
5 73
239 244
37 129
105 228
107 202
66 202
202 242
29 236
29 108
84 170
166 195
61 167
62 166
167 210
147 170
166 229
114 180
106 191
136 142
31 124
205 238
35 130
79 249
161 209
95 222
119 222
70 198
77 193
4 77
83 245
83 117
9 231
44 231
87 218
98 204
173 207
10 156
181 204
18 173
8 240
63 240
87 161
4 182
49 182
47 175
107 221
197 213
16 221
15 175
13 221
175 211
118 197
40 215
12 40
48 143
133 153
80 153
172 185
68 185
81 249
52 81
6 81
79 230
33 94
10 199
143 197
