35.775116
1
89
59536
130104
58 108
110 159
100 229
61 257
272 328
22 170
98 130
216 286
96 261
288 316
59 115
4 162
31 246
53 179
152 215
41 54
83 319
82 224
204 344
155 296
176 296
158 296
296 308
285 296
39 113
33 39
39 60
39 174
39 89
55 330
107 346
172 237
110 149
149 319
22 149
21 79
21 62
21 234
192 248
192 206
192 224
21 56
103 192
154 257
66 302
193 236
203 254
203 322
12 226
95 193
154 272
154 349
164 203
155 226
117 193
60 226
57 225
48 57
24 152
92 98
18 24
19 92
228 278
2 24
24 115
92 302
57 294
161 315
8 315
109 315
232 262
276 327
11 238
76 291
85 177
102 128
47 320
71 87
87 179
148 291
127 251
87 339
54 102
123 218
59 256
116 244
100 244
102 301
3 251
16 218
26 251
11 178
256 332
228 320
217 256
32 178
6 328
6 134
6 42
291 311
178 264
177 259
218 285
2 177
20 68
320 334
20 61
20 45
169 244
17 326
65 326
58 326
53 337
214 337
282 337
247 284
239 245
104 306
104 223
104 139
241 348
345 348
266 333
268 350
297 338
86 266
335 350
338 341
160 222
129 240
160 258
171 247
153 288
153 197
153 181
175 260
175 273
183 239
145 266
136 340
136 314
136 194
209 350
185 247
126 329
126 219
186 191
190 240
124 309
124 231
124 187
191 263
122 160
191 303
121 240
46 166
67 208
67 207
67 72
63 318
63 189
63 101
52 348
51 210
51 182
46 267
46 167
43 347
43 271
43 125
30 175
28 51
23 239
13 126
10 195
10 106
10 27
9 338
77 310
49 79
69 108
69 331
49 83
40 49
69 74
137 289
137 316
73 82
168 202
44 78
73 270
159 281
41 105
162 249
163 290
38 249
165 180
31 293
70 344
150 313
147 336
146 295
146 215
50 130
143 212
138 312
50 156
50 233
133 275
78 119
1 81
1 342
317 330
4 70
5 146
286 290
283 307
7 211
7 246
7 279
269 336
77 253
33 97
253 276
80 133
14 138
229 293
15 78
221 281
73 274
213 317
199 281
196 212
29 180
93 299
97 261
105 230
90 317
120 168
105 325
118 201
88 307
118 170
118 140
91 293
70 75
114 249
97 243
96 138
93 216
111 253
103 336
93 172
99 313
112 290
55 296
204 278
35 204
128 220
220 232
148 198
3 198
141 323
26 34
34 107
123 252
119 265
199 265
135 235
248 252
204 218
203 323
57 141
141 278
149 324
204 337
280 346
35 149
39 184
292 323
92 203
55 178
55 300
144 226
144 154
154 327
237 320
192 205
278 280
57 262
64 292
64 157
193 205
323 326
227 278
237 321
141 247
55 160
94 324
20 298
36 226
92 305
132 192
25 238
153 237
10 237
300 304
205 315
307 323
157 255
21 250
131 291
131 256
66 350
66 104
51 66
151 193
188 315
24 287
244 305
184 200
133 298
173 227
168 304
177 343
43 144
142 255
67 184
184 266
235 296
84 102
205 212
37 94
36 348
173 277
132 175
136 287
124 151
142 242
242 338
126 250
46 277
37 63
84 191
239 277
240 242
180 310
84 313
1 37
