31.351980
88148
75
82657
147943
132 239
71 183
105 209
17 190
13 51
181 197
260 281
221 281
126 281
61 263
41 120
41 183
41 261
219 297
25 219
204 219
83 213
137 165
213 287
71 213
242 259
167 270
151 180
129 293
129 197
180 248
129 268
134 274
134 296
46 134
55 227
15 180
129 249
207 227
29 134
208 227
34 288
191 288
56 288
29 280
149 280
280 300
47 280
110 164
142 164
164 237
164 233
44 252
44 73
89 240
18 89
177 269
96 243
226 276
97 130
114 276
97 166
100 234
69 97
53 177
66 243
117 177
276 285
155 243
60 276
238 275
159 222
144 156
17 255
40 255
98 104
104 120
63 140
63 270
212 217
198 200
156 200
84 201
195 282
194 217
88 295
192 236
90 145
48 63
50 132
50 146
50 148
51 291
52 88
11 195
258 286
261 291
27 268
27 214
27 121
20 200
160 272
160 264
42 259
145 257
7 236
6 279
6 102
5 195
157 217
3 291
107 188
108 174
108 179
108 209
42 138
42 244
115 196
115 238
234 236
36 286
115 262
170 188
169 201
2 232
149 203
11 150
76 123
67 289
123 289
206 289
38 292
38 233
38 229
16 161
161 228
60 161
92 162
2 162
133 296
133 256
113 171
82 287
153 222
153 254
45 78
111 273
106 278
106 216
1 72
103 218
99 218
57 250
49 175
91 225
54 175
91 101
57 109
57 116
70 220
143 266
143 223
12 220
14 218
19 122
19 173
19 199
24 111
26 111
175 294
30 79
9 86
32 143
118 253
118 230
33 91
35 75
75 81
80 251
80 187
79 215
79 202
64 220
78 185
78 147
4 80
75 239
74 247
74 182
74 95
72 277
86 176
86 189
87 118
59 106
72 265
58 141
22 141
77 85
68 77
93 241
93 190
93 105
61 77
165 246
184 246
10 256
113 211
94 193
23 211
98 136
13 211
136 181
136 152
219 281
5 8
8 157
125 210
21 125
158 207
20 158
137 219
213 242
281 284
128 263
137 227
65 97
43 219
41 144
283 290
205 263
177 242
134 290
227 299
186 236
42 186
10 281
137 205
65 217
31 41
224 232
163 263
124 263
41 150
39 89
201 283
163 224
129 231
235 242
76 213
119 177
78 224
65 106
74 224
38 242
44 284
167 171
100 154
128 267
39 195
139 276
168 290
271 299
82 288
6 119
63 245
135 288
159 271
180 298
161 245
154 188
88 104
145 154
75 275
118 275
43 86
108 139
37 180
50 172
160 203
97 178
275 298
112 243
168 172
127 267
159 193
57 284
72 154
171 286
37 243
62 160
80 172
111 172
28 291
31 79
62 143
124 131
28 175
28 220
135 141
91 178
131 218
19 112
125 275
