2.063521
362555
9
301913
366504
29 35
8 80
71 88
4 95
46 64
89 99
42 55
26 39
61 100
40 91
22 39
45 100
43 60
43 79
43 90
37 81
6 51
10 90
38 71
31 38
95 98
64 98
3 83
15 83
70 83
83 89
6 93
88 93
9 77
57 72
34 72
32 80
29 72
31 32
32 42
8 11
11 16
11 14
28 47
5 84
17 20
12 46
19 59
20 46
18 46
46 82
33 36
52 63
4 96
35 96
44 46
46 69
1 17
43 67
44 50
58 62
67 75
7 49
7 21
68 73
41 99
18 85
5 28
26 48
1 33
53 75
48 61
13 68
30 74
13 74
46 83
76 94
30 91
13 36
23 76
10 50
2 78
15 56
56 81
23 45
13 22
78 94
51 62
54 73
37 58
24 86
19 24
2 84
65 92
66 92
87 92
9 27
27 97
25 66
25 70
7 46
43 77
63 85
55 59
