20.040964
74444
62
4607
116262
35 340
15 188
20 245
198 316
8 336
167 224
119 158
166 219
257 333
29 321
210 283
165 214
53 306
208 285
147 310
26 347
145 284
9 251
180 267
59 226
146 239
21 172
44 169
105 326
135 192
78 208
78 170
67 78
137 160
88 350
58 115
191 339
109 191
54 112
125 137
215 295
215 255
75 215
74 207
74 322
175 252
74 88
252 327
51 74
116 252
312 345
179 312
180 199
130 199
199 335
294 312
93 131
93 186
93 281
68 113
68 212
73 223
37 222
29 126
37 166
126 157
55 103
133 223
34 236
34 231
34 186
34 148
126 308
120 223
87 108
30 108
18 141
279 342
102 111
168 253
126 160
121 122
122 220
9 78
184 286
239 270
171 270
1 196
1 121
33 179
71 83
83 284
52 188
314 338
72 338
112 338
253 338
213 261
211 246
56 70
177 211
18 211
3 249
3 143
70 235
70 219
3 315
91 211
70 335
307 339
237 280
234 307
116 268
135 237
138 237
149 268
79 268
307 347
202 240
11 103
37 240
14 71
182 301
193 301
14 314
14 293
14 124
205 301
53 301
151 272
59 272
89 147
89 265
89 306
227 327
85 106
85 291
85 123
227 286
113 227
110 337
110 288
110 334
20 85
173 227
202 310
159 289
100 229
229 271
22 37
205 298
298 321
10 318
42 189
78 287
157 263
84 263
194 320
84 142
242 326
242 251
47 254
57 260
57 323
64 345
22 168
62 98
109 311
158 311
163 203
128 203
100 266
80 266
212 266
146 215
296 340
220 296
51 104
104 230
50 104
129 256
165 256
221 232
196 221
19 114
285 338
245 329
329 349
243 257
172 243
183 291
183 259
183 198
107 137
69 137
199 332
31 252
1 81
13 215
82 184
85 125
145 254
164 210
164 167
99 164
56 65
65 297
13 199
69 209
28 103
61 233
99 233
1 145
108 332
19 28
178 274
89 343
93 105
114 270
78 312
103 169
81 289
145 307
148 176
94 333
94 283
58 299
44 330
97 176
190 228
299 348
153 190
15 299
218 330
61 176
63 190
77 94
25 103
313 337
277 313
252 273
86 331
111 137
185 344
185 341
117 144
117 238
118 154
118 302
38 118
27 174
185 216
217 300
292 300
23 300
174 195
174 258
90 117
52 267
82 142
119 328
150 275
275 349
7 346
36 328
12 271
12 134
316 346
203 343
107 317
10 96
96 132
25 161
162 204
49 269
21 162
32 161
60 305
305 336
91 225
225 248
131 181
181 262
204 303
139 297
139 201
3 31
41 309
41 214
4 270
110 226
17 241
40 127
247 282
43 206
250 276
152 282
92 127
276 319
2 140
24 279
24 290
46 127
2 136
2 55
102 276
197 304
39 325
206 324
206 230
8 24
76 101
95 304
76 278
187 325
241 277
241 264
13 331
16 273
68 74
66 274
110 287
86 98
28 269
141 178
68 223
209 261
5 89
66 115
237 350
192 318
40 244
238 244
6 223
168 342
37 156
49 117
103 200
189 317
26 325
93 320
45 292
45 63
48 137
6 57
5 304
155 331
41 350
156 190
118 200
33 174
282 303
76 155
48 185
