8.037992
64865
28
17128
211834
2 100
103 138
105 113
36 80
63 146
19 162
128 165
88 159
23 121
15 110
26 57
47 122
47 146
45 47
16 24
50 88
50 148
50 155
42 50
2 104
104 115
65 81
111 147
55 175
55 123
41 50
37 117
5 90
37 85
35 55
62 141
40 109
70 106
47 73
80 151
110 151
70 151
89 151
52 105
98 134
52 155
6 134
40 52
51 152
55 153
69 109
33 92
91 92
13 92
26 52
133 180
68 74
68 126
19 107
65 96
51 60
43 172
77 172
145 172
103 172
86 97
97 165
104 144
124 161
46 161
161 171
54 168
128 164
16 50
67 135
120 132
32 96
3 99
3 145
140 176
136 176
57 104
58 157
29 41
96 144
95 150
56 150
11 56
11 119
5 66
66 125
20 66
73 96
106 179
27 151
55 166
52 153
15 96
52 120
27 157
14 63
29 168
163 176
118 132
81 127
14 163
134 168
53 139
49 53
95 178
31 170
123 178
53 71
53 99
44 178
149 170
21 178
76 111
162 172
107 153
21 72
72 143
47 164
92 179
85 134
10 171
51 117
90 135
48 114
4 48
76 166
34 43
34 93
129 173
28 137
39 131
75 137
25 131
130 137
12 131
49 137
35 48
55 67
10 60
68 159
130 156
108 156
143 154
112 154
18 115
87 138
87 116
64 119
64 94
79 174
84 174
59 102
82 102
58 129
96 141
118 170
17 74
17 78
83 169
6 83
38 160
38 78
38 101
22 83
121 170
9 167
36 167
30 177
100 177
8 142
8 180
61 158
42 61
55 133
7 23
1 7
47 131
50 174
102 164
