31.978120
41528
96
24824
45427
284 487
183 435
184 378
125 464
271 379
85 423
26 463
159 400
283 343
234 275
74 278
123 313
113 439
207 231
198 302
46 382
22 433
309 485
171 460
131 488
53 334
235 291
225 354
64 223
173 492
252 257
98 420
253 276
295 393
265 477
163 244
88 409
315 333
84 355
48 373
89 450
105 122
330 401
7 318
33 139
139 494
139 390
204 312
60 391
339 392
152 329
82 115
139 209
220 324
50 432
430 472
70 75
247 325
304 325
39 146
75 294
86 498
3 179
280 396
278 341
30 358
30 117
30 96
196 445
4 57
387 445
4 395
319 445
49 341
395 445
341 424
4 261
323 341
59 170
210 418
97 121
142 489
90 142
145 283
145 448
142 359
230 427
399 427
147 380
427 439
128 322
29 73
380 418
73 254
73 477
73 495
338 427
121 380
322 459
322 378
307 322
114 322
308 380
241 361
195 201
275 412
79 412
235 412
139 203
414 431
318 431
163 431
39 150
386 491
316 386
100 339
100 333
31 386
100 236
100 159
182 386
229 386
175 213
126 213
213 285
213 286
19 384
19 319
19 225
12 68
234 281
68 271
68 287
69 281
10 218
10 297
10 313
207 281
118 402
243 294
127 190
119 127
193 449
129 466
480 499
140 353
98 499
90 267
178 381
36 140
245 267
252 437
267 342
450 466
193 437
24 345
24 258
354 466
24 180
190 381
299 437
23 140
467 499
142 422
229 264
113 476
344 476
106 175
106 133
35 370
35 186
63 106
197 274
197 455
144 476
52 472
76 266
266 348
112 250
112 421
112 444
185 479
143 266
20 185
185 428
38 248
248 407
99 357
149 415
324 415
390 415
52 325
366 409
157 366
280 388
352 388
101 427
100 265
240 320
155 240
210 371
218 326
64 326
115 292
23 326
292 473
292 314
191 192
54 384
103 200
160 224
224 413
224 327
224 255
153 208
7 139
11 351
379 397
53 397
78 351
123 406
346 406
231 351
41 406
173 397
30 315
75 84
382 426
426 441
152 169
393 466
122 277
277 497
31 350
401 481
481 491
6 481
290 410
4 416
156 380
99 303
303 355
206 487
50 206
110 325
158 171
158 198
40 75
152 446
97 361
228 399
102 228
268 374
268 423
120 484
120 373
92 120
14 55
187 358
44 465
107 453
187 458
187 496
332 438
74 438
55 130
55 131
172 276
172 272
172 258
172 223
55 237
164 453
375 438
77 212
44 116
291 438
453 454
44 419
94 336
16 300
212 331
18 187
212 349
38 453
16 430
94 259
94 306
32 309
32 387
32 184
152 241
145 416
208 446
48 73
145 364
103 292
326 422
22 490
320 490
91 364
28 386
325 330
54 209
19 270
174 392
227 244
88 449
156 249
150 481
368 432
203 249
89 142
145 402
403 459
236 403
104 403
263 433
262 263
357 371
75 368
105 145
65 417
130 205
199 262
199 407
205 239
205 295
129 199
91 282
145 330
281 364
181 460
181 334
176 405
111 493
108 216
188 312
167 391
269 389
37 45
167 238
298 451
308 447
80 474
162 257
162 242
367 447
80 293
80 179
2 188
37 375
83 221
317 369
86 269
85 451
321 429
83 463
216 420
323 405
83 296
43 61
188 492
468 493
307 317
37 136
47 429
232 328
15 269
232 483
442 475
189 317
72 202
137 456
9 181
132 167
1 162
141 482
71 493
137 485
385 447
72 168
400 451
27 273
76 482
126 232
67 405
119 216
72 461
273 290
62 475
124 482
61 372
273 486
101 138
394 431
28 499
110 200
191 248
65 100
109 468
33 109
148 471
222 335
13 305
13 443
217 435
217 365
135 470
21 217
135 436
154 404
362 471
154 434
13 279
222 452
246 471
194 222
226 288
135 211
161 288
56 288
134 154
93 500
251 301
95 256
46 301
39 60
39 87
224 270
87 260
102 377
329 478
360 478
185 364
152 337
34 408
34 170
42 253
42 363
204 412
152 457
364 366
118 213
251 310
107 310
169 476
316 398
81 398
6 347
311 347
215 343
215 462
8 219
201 219
66 219
125 214
26 214
214 302
58 464
58 289
51 168
51 441
212 364
82 340
195 425
5 197
174 197
3 142
200 425
4 356
192 233
166 396
112 220
266 337
25 449
233 440
59 466
282 429
266 498
93 394
410 425
25 177
151 427
35 166
35 243
94 356
376 425
440 475
39 469
44 127
165 341
17 340
177 411
151 288
154 350
138 383
61 165
13 17
217 376
222 411
469 471
95 377
135 383
