6.444337
38301
24
78750
128881
25 28
35 157
134 193
19 56
52 136
15 183
99 194
45 75
42 123
154 181
122 182
83 122
13 102
95 152
141 152
136 199
2 4
78 81
11 140
78 191
99 140
98 192
170 192
2 78
53 184
34 177
47 113
65 162
138 162
113 189
113 197
74 113
79 162
111 168
168 169
86 179
157 185
65 164
44 48
46 121
17 189
28 195
58 114
53 195
10 58
50 58
171 195
178 188
62 100
57 165
57 126
8 109
47 103
51 126
9 142
125 152
40 176
174 186
23 91
19 110
84 110
110 181
172 180
152 172
106 131
167 169
167 182
38 112
112 128
8 32
32 34
129 190
20 162
143 161
86 161
187 193
123 187
36 72
70 119
6 69
6 171
18 100
18 121
31 153
73 173
118 145
118 166
118 141
1 60
27 61
49 93
134 192
111 151
81 151
62 125
33 144
89 144
128 198
33 180
80 82
51 97
74 94
94 143
89 199
92 135
122 154
91 97
103 160
56 135
142 160
122 132
72 110
77 152
59 132
48 85
23 85
4 96
44 92
59 199
140 175
41 115
41 50
104 199
52 117
17 116
31 196
31 192
78 153
37 106
183 192
78 194
75 140
109 116
148 162
52 179
26 90
159 175
87 158
147 158
54 149
30 158
54 63
54 124
90 104
76 139
105 115
105 131
127 186
76 173
127 129
24 155
89 164
102 140
9 71
71 120
26 200
82 150
14 194
39 148
11 163
5 163
25 137
130 137
77 150
29 40
16 29
7 113
1 101
88 108
13 43
12 43
107 108
21 64
3 67
55 64
67 133
49 101
69 101
58 194
77 195
35 93
37 198
14 66
80 176
146 185
68 184
150 156
22 159
174 200
46 178
7 119
73 199
61 146
155 196
66 67
22 64
108 156
54 190
60 158
