7.308145
61242
18
2293
428691
24 67
52 85
63 65
13 78
1 94
33 76
36 75
22 89
40 89
40 92
40 97
58 73
60 73
15 73
54 93
55 83
55 95
93 99
64 93
17 93
10 55
3 53
48 77
69 77
77 79
50 61
50 67
6 66
3 23
23 24
40 65
57 84
7 28
29 85
26 31
28 30
29 94
31 45
31 60
31 78
46 86
46 63
20 29
18 28
8 28
1 75
12 40
11 88
12 73
13 88
9 25
37 100
2 68
56 90
30 37
80 90
42 90
68 87
25 71
5 68
27 37
25 41
70 86
70 91
16 38
38 57
73 96
32 98
47 98
1 88
22 33
6 44
43 44
49 51
39 81
39 74
51 99
39 52
35 82
35 76
20 51
11 23
77 96
4 47
4 48
1 25
19 88
34 53
62 93
55 77
34 66
19 21
19 84
21 59
14 40
55 72
37 59
68 72
14 90
