9.225362
23586
27
7091
91102
37 76
129 144
52 120
21 138
23 168
95 126
98 159
15 64
29 165
35 77
43 101
118 122
80 109
80 99
80 132
80 83
59 84
115 128
67 115
93 105
100 105
119 140
10 72
127 140
1 72
140 166
56 105
72 102
134 140
133 140
67 105
72 127
72 142
98 105
72 104
80 124
40 46
16 46
46 153
105 124
46 145
62 151
12 140
30 62
83 103
44 103
106 110
15 80
108 167
54 108
27 62
149 156
155 156
33 90
90 138
90 170
90 97
90 139
46 159
29 111
48 111
111 179
111 146
108 172
39 81
20 39
39 133
39 132
108 145
18 28
28 144
28 88
111 145
7 90
107 109
107 126
11 107
31 68
31 121
5 122
46 50
61 162
75 94
94 142
25 71
61 157
82 136
66 148
44 148
79 136
74 157
47 48
8 157
139 157
125 136
23 148
30 148
49 63
101 143
164 174
5 143
7 47
25 157
76 150
22 45
45 149
51 65
65 171
92 116
14 69
14 117
92 128
92 171
92 118
149 177
120 177
12 136
169 172
25 45
6 151
6 55
42 57
57 74
17 147
17 146
2 137
78 112
3 176
95 176
153 163
135 155
73 163
175 180
10 180
19 135
2 104
51 58
58 106
27 78
110 161
31 161
31 70
60 170
60 113
11 34
34 87
91 123
86 130
9 114
13 86
114 152
41 178
41 141
24 131
84 114
85 96
32 85
86 164
87 131
36 131
63 70
89 179
89 173
35 169
26 175
26 158
14 165
38 129
38 99
14 53
4 154
4 49
28 160
59 107
41 50
53 123
85 160
71 150
45 174
