6.537462
76324
20
74617
104954
69 142
37 154
137 168
27 153
96 127
67 133
24 80
77 141
62 68
66 72
64 83
116 159
99 144
23 63
106 158
42 149
88 112
35 90
73 125
11 161
47 107
41 162
105 140
15 94
31 180
85 107
30 85
85 162
85 166
130 146
28 29
28 44
28 87
28 96
35 79
81 138
125 161
79 140
125 143
57 95
93 173
113 136
126 136
22 91
22 94
22 103
93 167
75 93
41 123
31 89
47 65
54 164
26 164
49 80
49 108
26 49
18 164
23 49
62 71
71 175
146 164
71 111
71 108
52 129
9 104
55 151
126 151
25 136
20 136
167 170
64 151
3 157
3 24
20 164
63 125
10 127
10 157
128 178
109 138
95 109
44 115
124 130
56 132
14 144
14 137
30 46
46 90
15 99
28 148
105 151
1 179
19 179
1 174
73 174
12 154
12 103
51 106
51 123
11 31
92 168
92 116
22 89
102 152
37 152
118 152
81 169
86 120
86 153
38 76
50 55
2 50
93 169
81 159
134 160
45 160
147 160
139 160
21 97
17 84
149 170
52 148
42 59
85 171
82 135
129 135
9 135
2 114
43 114
49 117
6 165
165 172
120 163
118 163
31 112
65 178
56 143
17 158
67 177
5 177
18 36
36 72
117 160
32 74
145 176
74 141
13 70
101 131
16 101
40 176
70 156
70 142
39 100
39 133
53 68
53 60
58 61
6 122
122 155
7 33
33 88
78 104
76 110
110 121
48 139
48 172
8 66
8 150
87 119
69 119
58 124
21 78
28 98
4 81
39 171
38 57
34 93
4 101
98 176
34 74
