7.230193
322517
19
4607
425207
7 68
31 83
42 76
35 65
3 72
35 99
55 68
16 87
3 55
16 21
40 55
85 99
27 50
60 70
22 93
22 78
22 67
44 81
20 89
14 33
23 60
23 49
23 44
36 73
18 88
57 84
57 73
34 91
53 74
15 34
30 88
52 63
51 57
11 98
74 92
7 10
9 28
9 37
4 74
9 77
10 31
42 63
10 80
11 41
11 76
49 100
53 100
39 61
5 54
5 66
5 96
25 46
56 61
25 75
25 82
59 61
64 90
65 94
48 94
58 83
27 58
8 38
32 90
38 72
26 32
38 47
24 99
37 45
45 47
19 24
55 99
24 69
20 24
43 55
62 99
16 29
16 69
16 95
17 70
17 62
6 29
1 36
2 43
24 71
1 97
12 19
12 86
6 33
81 97
24 32
50 63
86 88
22 64
34 95
22 79
2 13
13 61
25 71
5 79
