19.797402
21943
56
97109
135624
72 226
27 255
88 215
99 113
32 254
107 177
37 142
64 109
55 186
140 251
98 167
57 258
200 269
3 188
169 266
155 183
76 183
13 183
55 146
146 151
82 146
81 146
2 108
108 217
122 233
160 256
15 105
15 113
15 298
166 211
127 210
3 210
211 218
201 211
179 210
27 280
194 209
73 75
73 109
229 269
88 229
125 229
229 248
244 260
65 92
15 46
222 241
51 228
75 204
193 214
214 216
214 226
169 214
165 239
52 173
15 114
10 24
10 158
7 130
124 190
106 216
61 149
2 69
36 69
69 294
112 172
111 281
111 118
106 191
106 159
102 172
57 111
80 292
99 149
22 80
84 149
172 212
206 278
186 206
73 203
166 181
98 209
54 235
291 295
138 199
49 119
49 71
48 49
145 187
90 234
135 234
134 187
59 295
122 235
68 224
199 225
101 187
187 215
184 224
96 199
39 255
37 295
35 297
35 178
35 136
224 274
31 234
39 59
235 268
39 147
235 284
39 161
29 126
29 77
29 53
19 23
24 295
23 270
23 28
5 150
151 195
187 194
183 277
46 130
89 214
58 195
141 291
141 167
191 279
179 279
74 300
84 262
262 273
34 91
74 222
74 261
91 244
83 223
251 262
78 125
83 101
60 91
56 83
64 78
160 213
7 213
162 213
102 243
95 144
183 233
146 231
220 236
89 190
192 211
256 277
203 224
145 245
227 245
63 183
33 192
58 220
114 224
149 168
111 168
108 286
183 260
171 238
236 238
41 232
238 263
144 232
232 278
62 232
129 209
50 81
50 124
241 266
249 275
30 129
165 188
219 299
90 299
79 250
205 242
170 264
175 276
207 276
6 189
115 202
170 287
9 257
164 257
11 205
104 276
6 128
205 282
182 257
6 40
26 115
115 185
170 196
69 200
253 267
43 180
290 293
38 218
155 180
14 38
142 267
70 94
33 146
33 108
44 108
70 80
97 107
97 239
47 149
63 208
117 249
173 192
132 298
5 132
21 265
21 52
93 283
93 219
252 289
177 252
65 154
16 154
230 272
72 272
163 217
163 198
133 174
85 87
153 156
42 85
32 174
152 237
77 246
4 296
54 247
140 296
45 86
197 247
67 100
67 221
51 67
17 152
12 246
18 156
20 103
103 259
120 296
247 254
86 288
8 285
123 246
174 271
157 285
43 85
80 183
30 117
172 286
79 111
94 139
92 214
131 148
199 286
25 148
110 209
44 131
1 25
49 210
1 23
204 228
66 234
116 250
108 176
35 73
66 116
47 156
152 231
15 121
29 150
139 293
108 240
103 275
35 137
86 110
137 170
6 176
143 243
143 205
121 276
143 285
240 257
115 240
