23.698480
1
52
898
229775
44 172
147 199
66 73
126 185
5 186
108 177
49 191
39 191
122 191
130 191
191 192
24 51
51 117
51 83
33 82
22 164
37 62
62 194
42 96
42 105
42 153
20 54
53 62
54 100
54 158
54 186
62 72
78 164
80 82
82 182
123 193
154 164
16 42
13 82
142 195
111 142
20 142
85 127
6 12
6 99
57 127
127 134
6 189
45 74
45 90
5 45
56 139
123 173
70 131
80 107
114 139
40 131
107 140
43 139
93 126
93 175
97 132
2 107
132 184
132 190
60 93
72 131
155 173
23 173
47 130
47 89
47 58
15 49
4 15
15 116
61 114
84 185
19 84
38 99
17 56
44 138
55 138
32 138
21 79
75 143
21 180
21 199
46 176
30 46
7 75
75 177
66 141
156 172
129 168
135 144
135 163
137 157
148 178
151 179
1 124
156 161
129 146
159 183
71 112
1 10
69 103
68 71
67 179
71 188
87 135
101 171
94 110
101 196
103 136
92 170
92 115
92 108
88 157
98 128
104 121
106 179
110 152
113 200
121 147
128 149
128 160
8 52
48 148
50 81
50 150
50 167
14 183
41 103
52 125
52 187
34 121
31 148
29 183
28 133
59 129
65 174
27 200
26 157
1 9
25 110
16 156
63 101
65 109
65 91
18 28
162 194
162 190
118 191
36 191
142 193
11 82
127 164
6 45
45 169
17 51
76 193
3 107
3 93
3 173
51 120
169 181
54 145
11 47
102 118
164 198
35 77
42 165
129 193
62 197
50 193
11 61
6 119
76 77
127 145
3 64
138 169
11 92
118 157
28 118
1 169
35 86
181 197
102 141
64 166
128 166
101 166
119 121
86 95
36 200
38 46
52 145
120 183
110 198
71 197
65 165
95 103
95 135
179 197
95 148
