40.567337
31346
110
4961
86840
125 132
61 361
209 436
17 500
202 226
178 394
283 358
267 422
306 339
294 300
79 265
57 471
308 320
33 323
156 335
48 259
316 420
2 183
250 406
330 456
219 261
242 421
129 421
378 449
14 86
89 445
89 431
89 251
89 131
89 177
95 375
241 367
111 237
111 258
111 320
214 243
325 487
26 90
90 292
96 156
96 174
96 263
214 215
90 151
90 401
24 321
231 321
71 96
64 410
321 336
15 325
14 325
64 162
214 447
175 492
413 492
281 492
233 277
5 123
339 398
40 398
137 398
9 322
287 381
319 477
4 9
255 303
5 9
270 287
434 477
9 279
218 303
303 394
9 283
164 287
470 477
287 294
390 477
61 303
135 444
380 385
76 312
362 375
39 318
29 60
364 460
22 460
11 36
56 87
88 99
65 126
284 372
281 290
372 463
225 332
161 332
458 474
139 290
136 450
8 239
8 465
169 173
182 458
17 458
101 169
372 378
79 450
118 191
254 482
142 205
55 66
268 451
63 399
55 422
55 188
150 418
211 418
152 163
140 317
140 253
163 260
140 144
163 328
163 476
135 234
209 399
65 399
218 418
228 278
81 451
80 354
78 459
234 262
234 340
75 459
249 459
451 468
48 55
329 354
278 342
278 308
342 418
286 451
350 464
50 459
298 350
3 472
3 161
51 274
51 313
3 149
51 314
3 12
354 440
399 420
53 278
244 429
371 490
133 371
322 371
166 453
230 300
230 435
246 315
71 230
93 337
297 443
46 230
102 337
105 337
119 443
172 443
121 315
443 445
157 315
153 337
98 137
98 346
208 428
376 428
428 471
73 428
128 383
100 341
6 264
6 127
273 341
128 382
21 52
271 295
367 466
213 426
213 233
222 295
172 293
453 483
179 295
201 466
271 466
483 498
299 456
192 483
299 442
299 389
454 488
335 488
26 195
195 454
124 190
33 223
164 223
188 223
289 449
176 226
292 473
92 312
125 176
176 400
73 92
346 473
83 92
235 393
236 254
205 236
64 421
198 449
11 187
187 480
171 266
162 187
171 260
171 412
199 333
115 430
148 467
147 467
154 493
155 170
203 417
155 291
167 386
158 481
425 481
115 256
409 433
115 499
405 448
13 433
275 417
280 433
7 167
59 67
276 402
276 475
62 94
167 189
94 282
97 333
77 360
43 269
302 417
67 491
387 467
43 248
43 478
403 493
94 216
240 481
351 405
405 419
352 446
82 185
82 462
31 352
331 333
72 82
206 493
224 352
107 155
104 276
67 408
77 106
77 145
119 384
196 296
54 384
306 369
296 435
311 369
251 310
99 310
253 373
58 103
58 105
16 136
16 353
64 245
245 321
198 245
250 290
227 347
227 249
235 450
316 363
160 183
361 427
484 486
272 374
484 497
485 496
364 479
204 207
406 479
202 217
207 265
197 485
404 455
207 267
404 434
181 424
178 374
212 429
220 238
363 500
416 432
363 397
168 229
168 221
349 424
427 437
217 338
217 355
427 494
68 441
20 113
45 416
50 404
120 436
120 407
120 345
52 212
118 134
56 416
117 212
60 84
63 238
68 219
68 385
146 357
69 159
69 194
74 396
81 160
84 323
91 134
108 109
109 279
110 479
112 124
112 210
112 391
113 305
113 392
41 358
27 396
1 193
28 232
22 69
1 411
28 324
28 347
30 57
30 388
30 395
34 84
138 414
138 334
138 150
134 366
41 377
2 109
41 184
39 160
38 353
38 344
131 396
132 238
38 130
37 357
35 374
325 489
76 86
86 304
47 449
261 450
90 325
241 477
290 421
85 287
415 421
365 371
214 492
96 123
86 290
114 365
289 362
230 469
289 370
89 415
18 88
64 165
166 421
23 257
23 370
140 245
8 348
42 198
111 343
214 343
116 469
293 330
321 458
234 289
289 350
278 348
309 325
285 301
86 495
8 277
393 438
303 482
301 315
95 327
245 326
18 19
245 466
186 380
141 257
32 163
180 326
318 332
359 457
66 122
20 122
92 200
32 307
10 200
315 398
165 356
44 186
47 169
169 247
141 191
21 111
343 354
36 307
64 190
86 333
86 481
49 449
51 350
191 452
128 332
155 198
198 417
169 439
90 368
6 244
423 444
180 484
3 288
70 399
87 423
19 341
143 477
51 252
252 337
458 461
67 309
309 493
1 44
42 168
25 459
247 357
167 495
276 288
70 467
94 327
82 439
405 461
43 368
25 352
49 433
10 379
77 379
115 379
373 424
143 485
359 452
