28.174389
28315
87
57299
92531
11 109
265 315
22 47
16 35
133 143
292 413
132 264
131 275
111 428
103 179
92 416
3 403
80 185
2 301
39 245
194 347
59 210
54 99
198 360
113 254
108 239
30 247
125 381
12 359
283 422
155 303
155 267
69 442
43 442
47 442
152 442
217 442
165 365
93 365
140 250
404 444
174 186
244 413
28 40
40 447
117 244
145 358
145 307
145 336
69 145
145 429
216 272
216 328
24 77
152 296
19 77
296 342
129 396
396 441
77 149
77 113
50 315
50 134
18 240
317 348
8 393
349 443
1 232
1 371
1 363
195 339
194 195
177 195
195 265
195 204
119 142
119 427
119 263
196 238
48 420
17 212
34 120
130 425
130 267
56 72
72 407
66 164
249 423
2 290
68 436
78 388
5 16
183 373
88 107
88 185
88 228
4 78
183 291
415 436
137 258
264 290
5 312
8 436
5 318
249 358
183 275
162 258
27 78
290 352
296 309
359 367
96 138
120 138
138 385
30 442
424 431
289 431
36 173
121 348
199 418
199 283
14 80
14 92
14 225
279 323
279 377
133 199
121 449
158 341
121 180
121 148
319 341
74 81
74 106
74 160
38 341
250 269
269 400
239 269
223 304
223 343
223 399
230 279
269 447
139 423
139 297
139 157
26 151
26 292
26 407
49 384
83 244
187 253
98 187
56 221
300 344
344 430
260 344
280 322
280 326
280 330
109 236
180 236
93 372
135 401
26 114
284 373
233 391
284 429
115 391
243 284
305 391
73 284
98 391
365 422
234 249
200 249
296 411
66 309
381 437
220 286
87 298
82 168
273 290
44 75
44 132
202 252
310 327
17 310
33 140
198 402
402 416
390 428
335 390
97 174
97 324
97 354
58 167
58 410
196 397
90 397
112 175
112 368
65 378
32 237
294 307
131 378
164 357
339 345
197 382
274 433
208 382
214 433
228 345
237 356
237 370
46 382
261 357
39 294
75 345
396 408
296 408
277 396
176 216
12 216
77 176
256 365
85 145
108 367
85 216
7 114
89 244
50 60
40 155
189 199
187 192
273 284
172 207
172 401
118 172
14 404
356 376
376 388
22 86
86 253
94 203
192 372
206 442
89 317
191 241
130 271
87 273
380 420
380 392
102 380
7 200
145 184
88 337
212 450
4 222
143 222
138 248
218 369
369 435
266 434
52 251
13 256
192 437
71 169
136 169
248 288
31 336
31 215
31 179
33 63
63 450
213 311
173 226
154 226
41 347
41 231
238 448
19 128
55 128
10 316
100 409
101 124
100 375
100 104
70 205
70 299
70 353
124 398
15 122
144 361
122 127
156 361
122 406
42 124
181 316
268 316
79 361
350 360
201 350
49 125
82 83
171 203
171 334
344 444
18 45
45 321
344 349
40 285
126 288
81 257
257 446
163 400
20 338
163 438
219 308
218 281
282 338
281 385
188 445
270 303
387 414
197 281
389 414
193 252
193 211
276 332
386 439
178 313
54 188
37 64
37 193
210 439
57 182
182 278
270 335
123 332
147 362
147 314
64 282
64 215
23 432
245 440
141 270
346 440
21 320
6 177
6 419
3 320
163 235
9 219
6 394
29 395
293 338
67 395
325 329
161 329
159 439
320 366
313 421
95 188
329 403
99 414
306 412
111 313
116 306
255 332
23 84
23 324
150 440
176 431
126 431
229 280
146 405
35 405
168 340
227 340
209 262
95 302
302 318
59 262
262 446
53 149
53 276
25 333
40 240
285 287
220 258
229 242
62 280
155 417
333 448
136 153
153 255
325 379
379 445
271 426
244 393
202 246
155 341
242 443
311 337
14 448
246 383
170 391
25 224
191 224
190 224
91 277
221 286
234 302
119 287
76 355
186 436
351 355
76 241
60 112
213 219
50 295
58 448
251 411
125 266
30 395
1 26
61 365
50 364
147 176
172 184
74 351
36 78
105 216
48 374
355 380
279 364
5 51
61 223
195 331
34 122
91 166
70 295
110 183
259 417
94 135
105 433
51 361
306 383
182 374
124 331
100 259
110 316
