35.191360
13830
93
1801
111573
310 330
252 354
245 277
202 352
199 230
185 283
178 197
23 258
6 28
144 336
131 392
107 400
105 234
102 163
46 244
66 181
331 332
341 361
59 63
397 398
37 186
103 270
40 50
8 134
127 303
106 326
131 326
326 359
326 384
99 371
19 207
19 174
19 295
38 106
38 253
38 299
80 371
25 371
169 236
125 147
295 338
40 141
141 151
63 141
264 342
130 256
34 67
154 256
264 387
158 264
186 264
191 256
80 256
67 228
67 221
67 98
4 183
4 70
4 335
41 382
121 382
79 394
4 374
239 382
155 353
23 382
232 254
3 268
3 244
176 311
100 388
100 291
34 254
3 71
254 333
3 115
42 269
42 275
93 100
43 196
43 390
77 311
43 230
88 152
139 152
95 394
257 347
227 318
35 343
257 287
257 263
218 343
117 343
41 227
257 389
227 325
342 343
118 167
57 167
113 167
167 272
82 232
210 302
16 98
129 350
73 272
53 153
73 385
59 74
55 73
108 383
74 132
74 181
74 266
206 362
89 175
89 252
206 348
206 261
153 269
108 148
153 182
126 216
126 248
126 281
128 153
5 89
21 108
72 390
30 138
14 53
76 309
65 76
44 76
17 76
322 387
101 322
110 278
27 104
104 165
104 161
104 150
217 337
105 225
172 366
120 225
54 243
185 225
235 243
243 354
305 366
2 247
2 140
350 366
2 107
200 369
242 368
242 400
245 298
274 298
13 242
298 381
215 286
145 331
283 286
286 378
145 159
142 145
109 128
29 135
123 135
119 260
260 332
39 349
179 317
1 334
9 60
32 355
60 250
10 226
231 317
11 91
11 293
226 356
116 226
219 251
18 219
11 379
208 294
357 396
92 357
160 323
162 345
208 321
12 60
208 399
75 349
345 375
323 344
346 376
346 386
32 112
49 345
48 334
346 393
284 357
280 349
32 180
124 219
246 323
81 317
24 334
78 360
78 170
78 122
201 241
201 369
64 161
64 304
133 267
183 314
171 271
187 297
169 306
178 351
52 324
134 214
136 220
143 315
164 358
144 314
163 315
157 213
156 351
20 224
146 370
149 212
22 192
289 324
238 287
238 330
255 303
7 316
6 238
265 363
267 327
271 336
273 353
237 398
291 297
292 310
292 328
301 306
314 339
316 373
324 352
337 370
209 273
188 313
193 273
195 224
199 204
202 351
203 297
204 380
204 385
205 363
188 197
212 229
212 277
213 282
214 288
220 340
220 341
224 392
237 361
61 370
84 271
33 300
111 306
87 214
44 372
110 237
33 132
94 210
45 258
94 296
94 319
96 192
125 255
45 312
31 168
103 315
102 316
33 329
68 90
68 234
45 391
68 240
28 372
71 255
97 358
66 292
47 168
30 372
46 188
42 397
259 326
259 276
38 270
86 254
79 270
114 127
189 270
8 382
190 227
72 270
79 233
86 364
137 259
270 364
311 326
8 153
50 126
50 73
114 311
190 320
7 377
123 377
50 320
19 141
5 211
211 381
37 200
249 256
67 69
43 249
79 262
152 177
58 276
152 338
155 311
173 177
152 264
19 223
100 395
8 366
16 236
4 223
36 371
343 395
58 307
89 184
51 256
259 349
42 206
104 262
233 298
206 279
8 78
198 257
56 129
56 108
73 302
307 308
82 166
50 192
95 217
85 194
184 194
173 365
85 242
85 145
141 285
62 371
225 279
367 382
42 290
3 83
26 264
276 346
276 345
208 262
276 363
184 213
43 222
138 357
51 358
15 365
83 317
290 323
226 285
26 60
11 15
62 334
109 168
267 367
219 222
32 222
