13.311470
339970
30
10644
382846
18 97
24 40
39 117
15 26
26 38
26 47
101 104
43 101
88 101
36 64
17 45
34 55
95 98
24 36
75 98
74 98
31 50
31 84
31 99
62 103
36 95
39 45
62 113
62 105
45 54
45 96
52 98
55 65
55 83
62 71
3 36
16 76
11 114
30 115
8 82
30 92
30 40
44 82
46 68
46 81
46 86
6 100
61 76
69 112
69 116
97 114
87 102
87 96
85 114
82 117
78 100
71 76
70 87
23 41
23 109
48 120
47 58
49 57
73 90
52 120
57 110
58 107
1 90
18 90
25 58
19 120
27 86
80 108
51 72
53 72
29 79
67 108
77 111
79 106
9 20
21 77
20 91
20 33
35 77
12 72
32 79
14 108
4 102
2 99
2 3
60 118
56 60
5 55
26 28
28 101
26 63
36 66
93 114
30 93
31 89
5 57
22 98
22 55
31 59
10 62
7 45
42 93
94 120
93 108
66 82
66 69
37 76
23 37
63 87
23 89
13 27
13 66
94 119
4 100
72 94
79 94
59 77
10 20
7 60
