60.598090
1
129
914
69875
2 104
276 413
272 273
247 449
179 237
177 340
172 212
27 85
41 234
60 406
100 361
62 392
64 370
15 153
133 411
76 133
89 133
133 265
153 157
153 178
153 219
3 153
18 247
30 161
30 197
30 235
30 273
18 106
18 67
284 438
45 215
57 241
137 215
96 241
215 229
215 321
36 241
114 241
265 403
254 403
364 403
298 446
128 286
29 436
97 298
96 348
70 249
92 140
298 349
348 368
31 249
319 334
319 365
16 421
176 216
216 230
216 237
49 140
222 298
366 436
249 314
243 249
140 238
319 339
42 140
41 348
181 216
213 450
206 436
429 436
319 383
303 373
126 263
65 340
62 65
65 337
309 397
135 154
206 373
219 397
158 277
243 354
139 378
139 282
139 177
135 331
85 135
246 373
250 317
250 413
126 421
14 250
126 255
108 158
92 158
39 339
34 226
392 397
23 439
39 182
39 426
354 445
354 433
23 388
34 90
23 197
34 253
93 399
236 412
93 212
26 236
100 275
242 275
275 390
40 163
40 418
40 179
361 425
276 442
374 424
121 425
272 442
213 442
199 424
234 424
296 425
60 146
146 186
3 146
143 357
355 420
142 306
360 414
21 301
244 324
360 395
359 410
358 428
137 305
245 283
245 267
127 256
264 280
123 313
124 175
124 288
33 402
125 278
32 261
28 330
252 330
127 162
136 430
127 269
129 318
12 369
25 270
248 260
24 220
10 51
122 231
1 355
134 202
194 266
17 82
5 376
4 292
184 360
185 417
187 376
393 416
211 343
211 268
191 359
192 210
193 402
174 430
210 316
210 251
209 322
196 391
198 223
207 292
394 417
202 287
204 289
204 396
205 305
204 441
227 313
145 320
145 377
240 266
147 271
147 346
232 328
150 428
151 400
152 202
9 391
8 324
7 301
145 297
155 431
156 322
159 330
164 367
221 371
221 362
367 386
17 447
376 434
170 223
17 190
173 261
73 324
63 122
64 313
11 428
328 448
66 71
66 110
66 291
68 117
306 419
68 225
69 245
72 147
310 357
74 223
75 357
306 335
77 220
78 102
305 440
78 385
78 405
299 338
38 224
38 189
53 228
322 323
47 381
47 401
47 435
48 107
48 144
48 351
325 400
44 278
52 220
53 56
260 285
43 431
53 353
54 129
55 359
12 302
58 124
315 400
312 367
311 393
12 293
61 68
103 431
115 264
278 352
350 417
94 113
270 344
341 393
35 111
98 264
99 266
10 119
338 443
104 328
113 332
274 301
109 261
111 218
111 290
112 329
113 233
112 389
112 347
284 391
81 91
81 304
81 422
80 221
122 203
260 356
295 402
333 355
84 211
38 138
338 398
87 201
281 292
87 380
87 404
88 129
10 160
118 270
116 430
50 101
50 230
46 336
46 262
46 449
128 132
27 132
2 168
132 409
6 50
169 294
168 408
168 183
308 370
19 294
294 349
149 406
149 208
149 180
90 95
13 307
86 307
133 379
133 300
286 438
153 327
348 403
16 348
345 450
18 166
423 438
59 450
216 300
342 379
345 373
37 438
78 379
266 379
124 379
195 438
30 105
140 384
436 437
214 249
166 215
372 450
250 279
59 158
65 141
257 354
20 148
166 450
298 444
18 95
93 300
200 241
16 131
146 345
16 391
286 328
195 319
286 305
16 261
53 286
167 300
217 372
20 442
425 432
39 444
23 83
113 345
148 415
139 171
120 135
326 397
131 432
79 167
20 202
264 279
122 141
141 211
17 279
20 330
148 363
129 432
48 432
223 257
87 257
148 407
59 245
59 127
130 279
141 375
126 427
34 165
257 258
239 424
37 236
275 387
188 415
12 214
367 384
359 437
292 384
402 437
214 428
214 375
239 417
111 166
239 278
239 382
83 313
22 40
145 327
68 171
38 171
47 120
221 326
387 430
322 363
376 407
259 400
357 407
195 324
210 407
37 306
37 355
259 393
81 259
66 363
301 363
10 195
105 147
204 427
200 338
112 165
270 427
165 360
130 259
260 308
22 431
22 220
307 308
