32.681646
62164
101
38750
84017
251 275
111 377
116 340
238 291
19 345
239 300
82 125
80 453
347 454
78 352
74 126
319 428
69 215
37 107
38 331
44 481
279 464
186 315
216 429
156 373
61 119
214 423
64 92
199 478
102 263
113 370
134 364
134 254
134 228
134 164
98 334
347 499
177 367
177 289
177 239
55 440
440 453
177 208
196 256
196 337
38 196
179 499
98 196
415 499
235 440
229 440
90 499
109 487
34 386
70 270
414 486
25 180
300 329
59 425
202 329
329 473
189 425
3 425
234 329
114 425
89 287
104 149
104 387
27 104
104 143
258 488
312 398
108 192
130 207
188 207
309 350
191 338
99 264
417 452
31 400
279 376
127 441
290 402
211 253
290 465
211 251
211 248
186 290
173 344
82 344
344 464
212 484
253 407
124 491
22 169
83 408
298 489
129 283
68 177
77 230
115 326
115 361
115 485
106 213
106 118
271 381
77 106
252 359
57 371
74 359
192 401
299 401
9 469
371 398
19 230
35 230
174 359
322 381
28 389
28 362
28 33
43 371
25 469
152 230
335 401
3 469
469 489
26 435
122 190
355 435
117 385
222 384
304 384
190 481
158 175
262 384
102 190
190 222
4 435
385 397
87 190
175 265
124 435
294 385
294 384
52 435
141 168
257 480
168 204
353 386
168 343
64 257
353 442
171 257
274 353
72 409
72 393
72 301
131 259
187 476
153 187
99 187
131 456
131 320
289 472
277 336
302 349
112 399
41 316
100 205
8 459
88 473
88 291
8 16
88 176
136 270
136 191
29 313
29 128
134 423
21 35
261 326
226 303
226 330
226 467
89 318
159 261
39 318
217 266
318 388
125 318
261 325
266 455
266 352
261 399
266 343
91 144
5 362
5 366
218 246
278 364
79 498
439 496
171 278
278 408
337 496
275 496
424 498
119 194
185 207
119 321
46 477
219 331
201 471
153 232
162 377
201 415
162 317
232 445
48 383
49 94
49 224
49 327
49 490
46 404
46 311
293 494
55 219
178 341
178 314
127 494
319 375
178 216
345 494
150 219
172 375
13 380
383 454
78 375
240 494
380 451
383 416
85 162
328 479
256 479
221 258
221 393
273 431
273 328
156 273
32 478
32 284
81 451
34 302
27 332
224 332
66 167
66 143
37 447
237 488
184 207
135 420
195 378
195 333
195 214
121 421
193 420
193 367
193 313
421 457
135 340
268 315
268 357
277 421
135 181
185 491
422 488
53 56
53 388
53 159
26 148
148 308
100 390
184 400
394 460
134 194
47 409
47 188
91 134
119 264
407 418
111 267
12 267
60 474
60 309
219 390
411 432
351 432
42 432
44 497
114 497
183 497
6 499
6 440
2 450
65 458
65 308
257 382
154 196
230 418
6 358
413 488
68 323
123 130
285 429
285 373
353 379
250 392
208 250
237 469
106 144
115 144
185 472
180 440
166 437
281 410
20 73
86 391
166 276
166 182
86 360
86 215
406 410
51 73
244 245
244 307
244 500
247 410
73 209
113 376
269 435
151 363
103 363
206 223
206 293
169 288
167 286
231 475
203 369
206 365
210 236
428 461
165 449
165 426
163 354
210 310
483 495
348 448
280 342
198 339
1 286
243 487
198 493
238 475
306 403
348 374
225 355
354 482
356 461
200 255
395 433
170 203
227 255
225 462
58 71
140 434
18 433
23 71
133 157
132 461
129 288
30 306
31 243
116 157
36 434
40 475
41 433
110 354
107 198
161 495
61 155
96 463
96 274
63 288
93 272
93 242
67 430
71 417
87 255
84 427
84 370
80 286
14 225
4 96
15 243
7 342
10 67
155 292
155 249
105 109
97 283
95 466
145 466
126 282
147 282
282 492
76 324
76 484
76 486
146 346
105 396
263 401
97 381
177 241
108 220
54 425
168 296
17 344
120 379
287 295
142 436
226 382
17 22
142 295
297 441
154 443
187 372
146 381
106 470
197 412
260 405
195 394
312 425
119 468
72 296
196 290
197 261
446 488
119 139
119 498
28 91
6 175
138 446
32 372
305 401
338 344
269 421
138 260
75 443
24 405
45 115
212 346
1 233
163 233
50 371
50 359
101 151
101 411
452 460
334 444
46 297
422 432
162 321
17 447
160 414
350 472
11 70
81 91
218 305
318 419
260 368
199 466
8 75
203 413
131 336
131 438
287 450
348 396
54 306
316 412
45 342
137 211
62 120
67 298
210 368
93 438
21 166
86 160
139 244
11 73
81 165
193 495
123 434
137 410
