4.696334
46021
16
146798
269742
9 88
37 52
108 114
40 117
32 69
43 139
2 110
5 118
12 131
12 100
12 84
12 49
15 131
59 110
95 136
37 109
35 93
55 132
57 129
86 133
86 117
63 86
39 124
46 124
114 124
28 123
34 133
70 97
20 30
26 125
55 83
70 83
83 92
60 98
60 62
6 31
53 66
76 84
14 87
5 115
31 47
96 135
44 96
86 113
11 74
16 102
16 107
16 41
16 24
119 137
36 137
43 137
48 54
11 25
20 89
89 102
1 89
5 130
23 72
72 82
72 120
8 126
8 79
8 39
72 128
27 94
13 41
5 95
34 42
42 97
104 109
17 59
5 108
10 67
91 105
23 101
33 101
76 136
19 83
22 107
22 128
4 99
65 104
19 80
50 60
5 78
12 69
72 113
74 85
58 85
82 85
2 123
81 121
35 85
52 64
64 94
6 115
78 93
3 49
3 111
45 77
66 77
38 126
38 88
4 12
10 105
61 134
26 122
25 64
15 29
80 122
17 30
67 139
40 106
61 130
27 50
13 91
51 60
14 127
54 134
53 99
47 127
29 129
51 96
7 71
71 103
9 71
68 75
21 121
33 116
21 57
73 116
87 112
112 138
18 56
18 90
18 140
28 75
18 81
