18.596642
45237
55
77871
138033
108 142
155 299
21 125
143 256
172 208
29 180
176 191
30 229
38 65
49 76
1 160
70 291
235 250
98 207
31 171
102 272
20 255
124 144
64 216
40 206
215 290
135 188
3 95
41 95
95 239
149 202
212 257
101 273
10 184
265 294
11 154
99 200
3 174
174 255
76 238
113 238
55 174
106 116
129 153
78 119
80 117
117 156
109 129
129 200
26 119
45 129
91 119
11 117
43 46
43 115
38 162
122 227
162 210
160 162
12 227
165 175
199 211
199 262
140 165
165 287
81 265
197 234
197 296
146 197
132 236
120 284
233 298
6 22
87 189
45 126
126 258
126 287
2 189
148 193
228 276
164 188
232 235
70 232
123 283
63 86
72 283
86 263
86 291
164 285
164 182
143 283
176 232
21 283
46 251
100 251
149 251
13 251
14 32
81 162
104 185
90 134
26 181
90 214
128 181
92 130
92 170
92 281
137 258
82 90
104 216
104 275
47 181
173 181
137 191
105 137
13 104
137 163
79 92
184 253
72 198
31 198
199 284
73 205
25 108
25 229
33 199
159 280
112 159
165 207
95 289
244 263
85 223
85 178
58 244
51 138
53 300
39 51
178 282
112 223
178 218
10 244
51 75
223 294
53 84
197 247
117 253
237 280
144 237
227 240
124 154
59 243
40 232
9 132
9 210
66 162
1 292
245 292
106 203
125 203
27 217
97 217
158 217
58 203
20 116
220 227
16 117
59 129
24 165
171 197
27 94
62 94
16 199
24 36
54 276
54 232
17 126
225 238
242 247
179 219
179 245
157 220
186 270
186 213
201 209
39 96
42 177
29 169
107 180
67 208
147 249
96 100
177 297
177 250
111 169
101 248
49 224
18 224
19 169
107 190
57 230
5 241
74 212
74 266
69 249
201 278
60 248
65 74
68 96
248 277
67 261
57 195
4 246
67 228
5 133
88 246
224 279
157 272
52 221
122 221
135 238
227 259
92 288
104 288
202 243
227 289
168 252
6 252
145 150
145 256
161 172
161 231
7 187
77 93
93 142
44 121
264 271
37 293
28 204
268 293
28 254
34 264
260 293
8 28
50 264
44 166
44 151
56 206
155 183
183 295
127 174
131 259
64 189
56 110
236 274
162 215
119 257
83 219
83 194
269 274
36 225
35 290
15 286
196 299
196 298
62 267
89 286
30 35
267 281
136 196
148 286
14 267
114 238
71 222
165 273
36 222
22 215
95 226
33 107
186 240
66 246
61 193
90 120
110 249
117 233
73 127
71 141
48 152
48 90
17 286
139 189
53 114
103 118
32 192
57 61
99 201
119 167
141 264
44 141
7 233
28 226
23 192
5 23
118 139
167 293
