8.932074
73473
27
36941
260966
76 104
5 79
48 128
142 153
49 88
52 129
86 145
22 25
11 117
13 63
55 121
10 24
64 72
64 108
64 136
44 122
1 36
1 74
122 151
1 28
1 147
105 122
19 87
95 157
36 93
54 57
37 39
15 39
59 61
61 157
39 86
5 61
111 154
17 84
77 130
44 130
56 108
33 56
24 56
69 78
78 159
78 85
8 56
91 150
51 127
43 125
47 125
51 60
51 62
51 100
7 51
91 125
89 125
144 148
42 123
23 67
11 109
9 55
9 153
9 77
94 102
102 106
116 133
8 134
6 134
71 128
129 160
74 160
71 126
71 124
84 160
16 97
37 97
140 152
30 112
53 112
20 107
25 112
20 127
20 42
22 149
18 88
18 73
18 155
110 137
118 137
68 137
80 113
64 149
14 70
14 105
111 115
135 142
82 104
99 135
115 140
62 82
31 35
35 159
4 10
21 132
65 103
65 87
122 149
141 158
83 148
54 81
89 90
29 139
29 41
63 83
27 66
3 119
12 81
26 32
81 98
23 29
32 92
119 138
40 76
40 96
40 145
133 158
46 66
48 83
75 101
49 90
75 79
114 158
32 52
31 90
38 143
45 149
34 109
17 117
13 154
120 122
120 146
19 93
38 149
2 125
1 131
78 149
34 152
61 146
64 156
71 143
39 45
102 149
50 123
21 50
57 144
95 116
39 58
2 80
67 156
66 131
58 137
119 150
