7.588931
160954
29
88699
193150
81 144
82 172
27 117
95 152
79 161
100 102
71 102
97 102
30 115
124 177
68 130
11 149
32 119
32 70
32 34
59 66
23 108
134 191
16 33
17 199
19 166
10 46
37 77
48 167
72 138
72 182
72 76
72 192
46 72
162 190
102 130
9 174
64 67
15 197
64 193
64 169
29 197
73 109
11 92
29 151
106 137
102 157
49 168
52 105
118 173
50 95
50 82
16 50
5 156
5 144
17 140
101 116
85 138
85 179
116 158
102 198
32 170
12 139
83 119
83 84
72 122
32 184
80 188
60 174
13 184
42 102
39 84
22 39
114 124
114 161
53 117
53 97
111 114
30 53
136 195
37 136
142 186
59 160
160 192
79 99
22 99
18 86
86 113
75 88
26 148
28 58
56 102
2 24
8 24
21 42
88 159
26 123
89 171
143 169
2 127
45 73
45 69
125 127
120 147
120 121
8 45
15 120
27 127
91 143
20 143
89 146
18 185
137 185
67 133
47 133
13 187
163 198
31 54
23 31
31 176
60 177
33 163
103 105
6 180
52 62
62 100
28 122
58 114
7 80
40 103
41 187
53 168
11 35
157 159
41 199
44 170
5 142
9 35
55 75
49 66
92 106
108 148
110 197
123 164
11 77
152 175
81 175
21 151
64 115
40 188
61 150
61 149
78 181
87 126
90 112
96 129
112 200
126 132
126 135
61 183
1 131
57 93
25 129
1 196
1 190
43 57
51 69
51 145
4 181
51 128
141 197
74 109
31 168
44 191
104 164
14 56
153 167
118 153
63 153
94 178
98 172
65 98
3 131
3 87
12 189
155 189
32 107
36 166
36 165
36 134
11 139
19 154
38 173
38 140
107 194
55 116
6 110
48 162
141 181
57 74
89 104
178 194
129 154
107 112
