45.338819
1
95
26667
70793
2 262
36 45
158 205
151 247
27 33
25 259
75 254
130 311
245 301
115 180
108 269
90 171
2 322
94 220
26 43
18 182
18 222
18 263
43 130
42 251
56 316
59 123
62 88
161 297
125 308
99 145
145 283
145 346
71 120
66 316
31 123
68 309
123 242
88 261
88 328
107 120
54 88
91 308
12 251
48 120
55 151
14 169
266 308
55 254
18 153
250 316
45 123
55 220
251 318
43 349
43 243
39 246
171 278
31 159
175 278
33 69
169 267
159 344
180 293
166 205
38 166
137 153
104 159
118 262
118 275
118 329
15 113
253 267
15 259
15 286
94 218
128 166
4 311
137 146
218 343
218 282
69 115
137 237
22 293
138 293
4 256
141 267
4 67
73 301
73 161
73 119
69 269
149 278
162 294
51 245
158 333
108 294
279 322
13 51
289 333
28 243
28 201
28 117
279 338
51 140
183 333
216 294
81 234
176 185
63 202
63 90
131 185
30 241
30 116
30 75
60 63
25 81
81 143
185 270
260 323
277 285
114 323
276 304
239 330
121 221
121 307
122 179
258 277
139 334
303 347
97 244
1 167
100 110
317 324
306 335
100 214
100 224
101 102
101 134
101 345
103 164
112 272
298 327
103 213
291 315
291 295
105 196
105 320
280 327
109 341
112 190
112 207
167 288
199 321
198 347
197 296
194 330
193 321
191 331
165 317
189 334
187 332
156 187
168 321
187 226
184 335
181 276
179 195
178 276
174 330
177 274
340 350
209 235
225 340
133 197
223 277
215 228
212 327
211 284
144 335
211 230
209 240
229 310
148 334
208 274
150 331
206 274
200 310
152 167
154 186
154 290
61 233
61 326
7 319
77 127
32 105
11 61
77 132
78 98
79 209
35 211
24 323
23 319
52 136
82 197
20 136
83 217
83 232
41 264
64 106
49 64
64 188
8 310
47 103
46 97
44 228
41 312
3 340
50 136
70 347
41 157
72 98
40 179
37 331
36 98
83 238
16 121
17 77
95 163
89 154
57 319
87 273
87 252
87 203
86 348
53 228
86 255
95 204
5 109
86 142
58 109
95 313
6 291
96 317
85 97
93 172
68 93
247 336
84 93
236 336
10 339
126 299
29 339
299 328
27 339
268 299
111 131
21 67
21 263
66 74
74 140
120 249
55 316
145 251
249 316
248 308
251 302
14 271
118 248
69 248
123 124
120 124
227 246
55 305
166 227
227 267
281 297
248 281
18 160
187 297
211 249
14 154
274 297
14 319
14 277
309 323
98 309
136 249
83 309
101 297
15 231
271 300
80 309
63 192
185 192
88 170
19 145
43 170
76 249
28 300
192 314
92 135
92 219
92 337
9 302
92 257
227 342
192 291
292 333
65 271
111 308
173 271
302 310
231 331
231 347
300 340
105 302
197 300
135 218
292 314
80 231
159 325
4 129
137 147
65 155
77 292
167 292
103 279
124 334
155 265
124 210
9 265
41 160
287 330
173 335
112 287
34 100
34 228
34 327
109 173
179 287
173 317
135 276
135 321
97 219
87 219
209 337
121 210
34 342
64 325
86 129
61 147
19 95
76 287
