5.394521
136860
20
16580
235787
8 66
1 70
42 72
14 111
14 39
41 128
34 118
110 118
2 91
72 91
88 91
91 105
91 122
85 130
129 141
74 147
40 54
54 56
50 155
18 50
18 74
18 82
82 148
45 77
77 101
57 77
63 108
63 100
100 151
49 123
60 150
60 106
7 131
14 135
32 67
67 128
19 75
19 123
19 137
9 19
12 48
97 113
28 111
28 131
11 146
28 87
113 122
113 154
132 146
47 160
70 98
134 158
8 134
94 121
36 94
34 79
79 103
46 85
46 157
23 84
4 83
83 110
24 53
25 99
47 96
96 139
17 78
17 137
41 118
70 80
14 73
16 117
18 135
23 118
53 70
69 98
24 31
20 27
21 156
59 76
38 70
7 12
68 120
120 141
66 120
91 125
42 126
14 58
31 104
30 117
104 108
84 92
58 115
69 127
68 112
112 154
119 153
27 30
44 93
149 151
149 152
3 142
10 37
10 39
14 100
107 133
129 140
35 118
73 119
52 71
25 71
90 106
59 77
14 143
54 125
51 125
81 109
29 62
55 102
22 62
109 138
15 102
88 124
124 136
6 64
86 95
61 116
54 127
144 147
95 143
89 144
16 89
51 159
92 125
43 145
130 148
70 146
5 18
65 86
76 126
13 26
38 43
61 114
5 116
48 49
33 159
51 107
26 33
118 150
115 160
90 94
145 156
70 99
21 62
44 153
65 102
109 140
64 69
13 142
