29.438169
24112
83
3462
106492
304 374
270 279
25 54
198 337
281 375
292 299
17 116
16 166
297 362
176 367
240 370
95 204
330 343
136 344
115 296
133 210
37 303
109 236
96 342
31 150
81 345
170 358
218 325
24 189
189 325
189 389
63 189
219 290
43 308
308 313
70 179
70 205
70 288
70 321
70 149
15 118
90 275
376 393
170 376
5 335
5 329
5 162
5 300
5 257
198 238
238 320
238 307
209 218
318 352
42 113
20 385
92 370
92 219
40 92
60 267
130 173
130 339
106 337
3 172
106 276
106 174
98 106
96 130
3 391
94 130
3 183
255 262
274 357
13 274
79 310
242 260
168 244
74 350
47 295
49 101
47 149
212 318
208 212
71 328
74 259
1 386
169 328
80 101
160 386
87 123
100 386
135 212
123 132
123 310
17 328
9 20
9 38
9 187
10 47
26 101
15 349
16 314
50 314
95 314
72 189
206 396
30 206
150 206
343 360
294 360
45 360
35 151
30 104
237 312
91 312
48 312
201 256
58 256
109 256
104 158
104 254
104 267
104 281
65 291
355 378
174 227
7 287
175 227
287 320
57 147
4 180
178 236
203 227
25 284
178 245
73 348
73 270
178 339
73 137
180 298
111 388
120 180
65 178
287 309
147 341
18 73
330 388
147 176
147 159
13 388
265 394
168 388
265 302
86 227
211 284
265 282
235 287
235 284
157 376
194 399
15 31
345 376
15 56
90 213
213 362
213 279
69 193
171 216
171 199
33 89
33 133
33 175
35 130
275 366
166 322
322 377
250 329
94 250
117 261
254 261
238 366
53 222
53 154
53 113
152 269
221 234
224 357
224 369
148 262
148 190
46 268
46 220
144 278
18 234
38 46
37 152
115 152
125 234
92 358
299 305
103 110
69 227
42 44
52 157
60 392
15 319
352 399
276 315
163 315
106 142
2 106
284 349
11 378
11 200
136 384
12 146
36 384
12 289
381 384
3 44
2 255
263 336
209 224
247 400
242 247
6 247
3 185
138 356
112 338
197 239
197 228
143 324
64 372
188 231
184 231
134 356
39 272
112 365
112 371
129 165
77 108
77 122
76 324
77 306
126 207
14 231
126 243
82 372
85 272
214 324
126 311
114 129
155 333
272 286
57 129
197 346
192 333
62 372
326 333
293 356
204 246
19 246
103 148
238 376
189 359
212 334
47 334
334 386
29 34
89 347
68 205
29 210
139 347
68 230
56 328
266 380
99 225
99 303
104 380
317 327
80 317
27 297
27 257
32 124
124 390
191 194
70 258
312 358
70 92
376 385
22 63
22 153
305 342
119 193
84 331
161 252
163 186
249 313
83 292
223 332
223 389
88 226
88 364
43 398
240 252
97 127
61 118
182 232
186 280
177 398
67 331
196 273
66 383
61 304
61 202
164 232
59 323
78 387
59 277
59 111
54 93
223 285
83 215
353 354
249 361
107 141
316 354
327 331
116 273
340 397
344 387
351 387
105 398
354 390
375 383
127 367
127 233
379 383
121 382
382 395
264 363
88 393
93 181
93 368
252 296
253 340
264 283
278 340
32 83
271 373
28 271
141 374
141 241
140 249
123 185
244 308
5 21
47 301
189 355
72 144
75 392
171 336
144 334
217 258
9 195
74 195
53 142
21 229
102 319
229 263
251 260
72 247
41 167
358 384
131 238
128 251
79 101
274 314
126 358
156 265
12 290
12 167
8 15
265 328
74 180
308 372
129 308
23 388
5 55
264 301
232 308
51 92
145 274
128 231
131 272
271 291
75 112
178 248
145 197
55 333
51 324
8 382
77 248
248 356
