56.468818
3
128
545
46994
57 412
142 414
199 450
278 491
201 335
256 300
46 161
47 362
243 294
89 131
92 334
2 31
59 486
120 249
75 219
29 367
27 147
18 27
73 109
27 102
109 337
109 472
17 185
88 185
189 220
185 254
83 352
185 217
280 348
220 350
145 185
139 466
83 222
83 298
43 220
265 280
15 409
367 409
218 409
180 313
202 269
167 279
242 454
118 311
160 368
48 167
74 348
300 311
113 454
247 368
74 264
199 454
5 202
283 486
202 365
283 388
281 368
37 56
86 311
41 173
180 434
173 468
163 381
56 254
368 476
175 202
12 166
56 158
13 331
13 378
13 449
164 311
142 173
129 166
74 245
18 56
167 291
179 283
163 275
167 290
3 13
163 485
166 356
180 260
19 173
180 302
166 372
45 131
45 371
45 339
45 358
251 421
53 145
5 421
132 396
191 396
84 100
100 490
104 487
100 440
100 267
112 396
234 410
234 345
234 235
443 451
168 304
124 436
175 451
70 304
106 436
138 436
391 451
216 439
196 435
67 274
196 418
76 240
304 351
304 345
172 182
172 272
172 177
274 426
274 383
274 288
203 451
39 196
61 386
82 91
86 91
61 463
61 161
34 91
152 414
152 422
162 448
96 162
52 152
92 162
343 425
316 338
36 338
338 371
33 88
33 59
400 427
153 427
278 427
230 446
127 397
23 293
219 404
127 342
127 334
404 473
57 293
157 293
229 404
20 464
20 308
20 243
98 499
98 491
98 204
99 193
41 193
71 216
71 335
15 268
103 249
103 484
82 395
159 361
159 286
159 207
156 364
150 205
149 495
149 353
140 481
135 458
135 437
134 459
126 246
125 135
1 141
119 377
329 401
364 492
357 471
354 477
347 465
346 489
344 428
340 432
340 369
366 478
326 402
325 471
322 411
321 442
320 408
320 405
315 465
314 333
398 477
483 493
459 496
433 445
431 467
428 461
428 460
403 459
399 483
306 456
392 494
392 469
392 406
385 498
384 423
374 445
373 478
205 474
223 321
221 456
215 329
214 321
212 462
212 305
211 483
209 481
228 402
205 330
192 445
190 467
184 380
183 393
183 324
183 188
181 489
258 477
303 467
296 430
292 314
284 402
273 497
272 500
270 456
261 322
174 489
250 322
246 447
246 349
241 364
239 296
233 296
231 320
68 184
46 500
90 329
49 471
50 114
50 143
51 122
51 277
51 341
119 213
58 498
94 340
16 420
50 79
16 186
16 117
105 273
6 212
7 170
7 295
9 465
8 423
65 273
7 444
64 500
44 423
81 394
1 370
1 438
81 455
119 151
116 355
116 323
35 498
115 481
38 478
40 149
72 116
42 81
110 314
87 184
93 453
453 482
2 453
78 452
69 419
178 197
67 200
359 379
359 424
69 487
210 375
76 389
194 225
363 425
77 171
178 226
77 360
178 412
69 238
22 389
31 77
271 452
282 470
266 413
265 389
263 390
257 488
256 266
289 363
28 363
297 416
47 390
48 452
200 388
225 466
225 318
336 488
120 210
208 450
62 129
62 169
14 248
62 285
63 66
201 359
63 244
382 407
128 146
4 54
95 208
3 208
382 441
144 282
165 266
89 488
4 262
108 176
4 446
416 490
85 248
137 200
108 299
416 479
146 476
382 434
108 294
136 248
146 236
206 475
368 475
80 264
14 80
198 290
198 226
111 267
111 443
24 136
24 168
75 109
75 206
107 109
139 206
27 409
21 319
21 396
11 21
29 457
74 220
139 311
139 283
107 454
237 454
21 253
21 101
139 319
83 421
74 276
83 436
13 252
475 500
417 475
163 195
53 166
75 338
107 121
154 240
154 376
27 133
252 376
155 185
83 332
280 317
304 439
55 276
26 429
75 314
234 255
26 439
55 104
167 480
202 310
173 310
130 220
230 283
97 421
29 483
29 477
107 459
280 329
280 340
107 183
116 280
107 178
139 390
101 259
162 227
206 287
187 195
427 429
163 395
10 180
415 457
148 253
25 274
56 312
387 429
332 396
20 439
227 301
328 421
32 172
227 404
30 259
104 135
53 489
1 104
322 429
53 149
51 429
100 309
10 196
205 439
240 327
224 240
196 417
255 445
227 402
255 453
61 123
328 343
97 456
97 481
121 307
91 232
60 152
103 133
16 25
119 155
273 480
282 387
30 321
123 184
32 423
130 465
63 268
320 327
327 478
327 428
364 415
287 296
159 312
50 307
246 312
232 392
309 467
7 224
60 498
81 309
224 471
212 232
