2.241121
167553
10
36486
198139
33 96
19 94
9 42
35 75
1 24
4 14
46 67
12 25
7 82
40 77
62 76
36 97
50 92
87 98
51 72
14 79
79 85
79 94
17 97
17 84
49 71
34 85
49 58
6 27
6 53
6 68
6 80
60 99
76 99
26 64
26 61
52 69
23 58
21 30
8 80
8 41
8 25
21 95
10 70
46 70
56 68
10 56
48 53
42 48
24 88
66 88
3 100
21 89
19 54
44 49
21 38
21 28
20 54
37 82
37 40
65 81
38 49
34 71
32 45
43 49
32 77
65 67
49 86
18 81
20 36
22 55
7 44
49 92
49 98
9 13
5 89
13 93
43 93
5 29
11 83
35 57
18 73
67 90
55 98
86 100
12 57
1 92
11 51
28 83
62 90
39 63
39 72
16 78
2 59
21 52
47 91
47 96
33 74
31 74
15 74
26 30
21 78
59 95
22 74
