22.823940
38963
64
87298
143256
44 189
20 116
23 275
95 255
98 107
94 262
57 188
46 280
131 220
260 270
154 155
90 284
21 232
18 160
18 95
18 214
120 246
129 208
150 208
192 297
192 280
192 240
43 119
118 119
62 119
119 286
119 288
21 183
48 183
115 183
54 183
177 190
7 241
101 117
103 117
103 259
22 103
25 89
210 272
28 300
28 116
28 50
124 157
149 164
50 113
113 125
113 288
149 224
149 210
152 168
30 196
122 142
105 298
126 245
52 250
29 265
46 151
39 265
40 151
83 105
118 250
48 239
11 120
262 265
63 191
250 261
63 266
239 289
65 105
202 239
9 63
11 65
11 163
11 198
179 245
142 227
161 265
151 172
142 269
19 245
20 105
139 158
137 139
98 139
6 139
54 209
220 268
93 235
69 102
102 276
102 150
61 254
78 155
78 207
82 109
78 226
109 156
109 197
254 258
37 254
195 254
181 266
227 256
162 278
162 285
80 162
31 162
240 294
53 261
91 277
144 237
72 145
257 270
41 257
200 257
75 119
135 185
2 253
238 253
77 253
123 282
127 133
128 213
106 127
143 194
143 175
15 143
10 213
12 282
27 127
32 213
42 96
42 147
42 230
1 282
57 64
107 121
64 110
34 35
121 176
86 188
86 237
248 273
248 285
100 103
75 101
55 228
31 228
129 290
290 296
247 264
99 275
45 99
36 66
132 146
61 219
196 223
8 171
204 223
124 169
7 186
211 255
211 292
33 134
212 223
114 186
132 154
5 132
111 166
224 242
108 201
108 141
4 287
233 291
4 84
252 284
43 186
131 252
16 277
174 260
174 247
174 189
171 225
168 263
14 44
16 251
185 211
16 276
161 178
159 222
14 184
153 166
17 178
148 222
25 71
190 263
14 23
26 38
26 205
137 178
136 169
13 263
59 72
97 242
59 88
70 182
70 236
70 298
94 219
71 180
71 231
47 138
73 167
93 167
92 293
74 233
92 221
76 219
79 167
85 252
51 134
68 199
49 242
47 281
68 193
66 81
59 249
100 142
149 229
87 206
90 139
58 239
58 215
208 234
119 165
28 60
88 216
83 216
18 56
18 239
151 246
203 250
208 244
24 63
56 192
102 232
173 283
139 274
206 229
203 254
142 217
234 272
63 183
192 271
24 104
274 279
102 283
187 245
151 187
86 87
183 295
130 299
113 267
130 209
60 257
30 215
140 149
53 177
235 268
89 256
67 103
208 253
78 243
35 217
109 112
4 208
47 208
3 157
3 299
91 109
78 91
143 157
92 241
162 294
26 157
152 233
181 213
222 267
108 271
171 295
66 140
112 166
68 112
144 170
67 218
170 282
42 218
127 218
134 264
