4.556261
83842
11
1343
242067
43 92
45 84
9 89
17 79
4 11
44 48
10 97
6 91
1 86
28 74
79 99
70 98
33 98
55 98
69 73
29 71
37 82
36 72
3 46
20 36
15 39
36 81
20 39
14 48
14 40
14 16
12 34
12 65
12 35
6 14
14 26
13 30
30 77
1 12
12 85
61 76
76 97
69 74
50 72
24 50
4 96
82 96
92 96
98 99
88 98
5 54
54 61
81 96
71 98
25 77
33 57
18 57
56 60
56 83
56 100
57 73
25 38
57 86
24 25
5 56
15 56
25 26
42 49
29 46
23 52
11 23
9 23
23 58
23 95
58 64
3 47
47 100
10 21
21 51
22 43
78 89
22 93
8 78
90 94
55 90
44 75
75 84
53 75
19 31
32 95
18 19
32 80
59 62
59 65
2 87
27 87
66 87
62 63
41 63
45 68
67 68
7 88
37 49
7 87
