22.293630
61161
61
43476
78648
1 41
29 162
175 205
20 89
224 231
174 201
16 251
169 266
46 92
163 222
83 110
152 165
240 275
117 239
120 295
4 217
6 21
280 292
80 244
111 212
181 221
181 289
181 300
8 181
74 181
131 181
30 181
145 191
34 203
34 124
76 133
34 72
102 108
19 115
6 32
32 54
32 90
191 194
126 258
92 269
222 258
197 269
18 258
259 269
84 269
74 178
105 235
71 156
122 156
67 210
87 246
87 211
46 235
87 149
65 223
156 196
78 262
78 235
57 65
75 279
4 75
15 281
15 127
3 232
15 64
224 262
232 263
232 268
218 262
14 115
14 111
14 40
232 290
21 97
12 75
213 235
210 283
26 97
27 75
262 287
97 134
199 210
209 280
124 209
2 161
70 161
30 161
94 142
34 155
176 269
17 147
82 182
61 294
213 294
248 273
24 106
65 191
73 113
73 152
73 154
76 91
83 93
93 168
35 93
91 218
91 125
79 107
150 191
32 145
191 204
43 234
234 286
188 270
158 188
137 258
14 288
59 271
59 208
36 43
36 109
36 128
16 59
191 242
7 247
12 247
150 288
59 72
29 261
164 261
158 261
175 243
52 165
119 267
119 206
22 39
42 52
39 202
95 136
62 250
112 250
55 146
38 243
55 180
55 187
243 276
89 95
139 272
139 257
39 86
139 198
81 95
250 255
119 160
52 279
52 72
97 155
193 275
170 296
110 193
176 182
133 228
97 244
131 253
85 253
137 204
107 228
200 231
118 200
144 151
10 291
256 299
17 256
47 226
47 205
47 265
66 190
153 266
153 264
51 66
100 153
66 217
34 186
130 186
230 236
233 260
219 285
99 287
104 116
183 220
99 225
284 285
179 260
295 298
148 171
129 251
129 252
129 270
135 214
141 169
141 278
143 195
116 240
172 220
116 207
114 229
154 298
159 177
159 201
162 236
171 238
171 239
53 163
45 249
49 166
49 185
49 189
50 82
50 203
45 167
53 174
58 140
58 286
58 293
63 102
63 117
63 289
33 50
1 214
5 285
7 195
9 298
13 216
13 221
13 297
20 214
96 114
35 195
37 60
37 227
41 44
44 121
44 282
45 80
77 192
77 263
77 292
88 159
69 99
194 274
32 108
79 106
235 241
114 191
156 215
262 291
56 232
10 157
161 173
103 242
34 245
28 248
184 219
123 252
123 166
88 184
32 138
11 94
11 31
156 210
65 87
25 277
173 248
19 98
209 237
28 132
181 254
36 215
157 277
138 210
14 147
23 258
25 142
95 103
56 243
241 260
15 23
68 98
55 277
87 101
153 277
170 237
48 132
37 178
119 147
139 245
68 220
48 151
39 101
250 254
