11.049450
135094
24
163849
260599
24 82
3 27
1 57
36 66
23 84
37 84
1 99
44 99
79 99
2 99
55 83
83 98
31 83
43 96
28 53
27 34
33 34
22 28
21 96
17 34
8 10
10 87
5 28
10 42
12 96
15 16
6 88
16 39
9 88
16 73
61 88
29 98
50 60
50 76
20 50
7 51
7 68
7 77
24 41
65 66
35 65
65 90
41 93
41 59
54 80
79 80
92 100
56 91
13 48
85 91
40 49
69 95
69 70
48 78
49 74
64 69
63 91
32 48
11 92
25 92
18 49
38 45
45 94
45 82
23 89
57 58
26 58
58 62
47 71
46 89
4 71
3 89
30 51
30 70
36 83
86 88
84 99
50 86
16 36
67 86
84 88
72 84
19 72
14 34
36 52
28 83
10 81
50 81
19 52
34 96
48 86
71 86
36 49
67 97
14 41
29 91
69 97
7 75
75 92
