29.137113
67892
83
11916
69290
132 177
223 236
212 343
13 27
79 196
200 261
66 205
65 326
34 102
22 227
287 332
182 308
309 357
28 312
139 377
329 364
341 350
63 325
178 209
359 389
362 383
243 381
36 69
36 91
105 327
105 384
105 311
36 258
36 374
263 376
93 376
292 376
67 106
151 255
202 265
202 398
202 338
30 346
30 227
30 243
235 303
173 251
49 366
242 315
295 380
142 292
142 211
142 195
244 373
158 206
33 135
201 306
118 337
118 152
236 306
17 118
118 267
306 316
77 306
160 215
128 253
253 357
253 344
64 116
191 261
64 98
279 353
279 341
191 355
152 191
64 249
64 255
38 359
139 279
38 234
38 67
82 181
82 316
82 254
50 165
71 324
45 262
50 367
50 177
125 324
204 324
2 262
21 166
21 346
21 269
223 321
96 210
96 197
96 102
3 113
17 148
51 101
83 101
101 165
40 129
124 275
120 400
9 198
9 285
9 377
237 330
237 299
53 393
53 333
1 176
53 74
15 237
1 58
1 6
1 79
187 388
207 349
296 335
56 185
185 212
386 394
73 365
270 342
251 342
66 193
72 73
234 394
73 399
209 342
193 370
193 365
193 246
180 394
123 394
20 328
20 378
20 396
18 342
32 374
322 344
160 194
125 194
48 138
122 387
200 280
182 280
71 84
84 198
273 351
161 351
6 351
92 349
92 276
89 167
97 130
12 48
10 363
244 313
119 310
119 286
245 270
119 265
245 307
115 319
252 345
109 300
107 360
8 219
100 282
12 126
25 154
34 319
184 352
94 314
94 159
94 113
184 268
24 363
178 319
91 226
90 371
90 127
23 248
184 232
136 287
153 290
25 318
149 313
146 348
22 348
144 245
205 282
16 55
27 55
213 294
214 345
219 220
136 375
136 295
196 300
135 291
134 291
130 379
130 238
29 86
226 242
170 226
228 385
29 298
235 291
23 110
12 208
171 231
4 364
68 180
68 343
290 397
55 274
78 282
70 171
309 336
44 176
4 40
331 385
4 289
68 272
294 350
43 329
294 362
312 336
80 395
63 395
313 332
61 111
61 131
61 206
43 49
44 195
44 379
42 336
290 317
308 385
37 395
76 363
43 62
41 348
360 387
300 302
141 392
285 392
26 112
7 169
7 257
7 296
218 271
13 189
189 283
87 132
87 259
52 275
52 352
233 372
75 390
140 229
239 361
11 277
217 288
150 224
225 288
224 391
221 390
19 224
88 390
47 277
281 368
278 372
277 326
288 293
46 140
266 368
186 372
54 199
168 382
168 175
103 168
104 140
356 361
199 216
199 250
320 368
108 222
60 222
114 361
203 222
167 297
297 339
39 325
28 39
323 340
116 354
241 354
65 369
358 369
215 304
38 347
30 183
120 148
315 400
81 305
14 36
145 397
105 179
142 183
26 82
26 324
247 347
81 301
36 271
14 376
190 304
85 133
9 133
262 383
105 230
187 218
16 174
174 398
179 202
106 373
95 301
35 191
105 191
36 262
117 389
59 366
262 264
96 155
202 366
3 155
112 340
202 380
5 321
147 366
32 305
31 247
50 137
99 256
5 101
38 99
73 183
85 192
164 279
30 33
121 190
138 183
57 183
172 279
20 105
92 323
59 96
264 322
53 137
31 188
124 164
163 353
10 163
158 279
157 173
172 237
64 256
29 183
188 284
143 191
121 162
89 151
118 335
95 260
192 277
147 360
219 303
171 284
90 315
162 240
25 240
315 372
334 366
23 157
158 224
129 345
117 156
145 230
260 361
143 168
199 207
122 368
57 288
57 140
156 222
334 390
