23.643025
18075
62
48823
91073
44 157
18 213
66 76
37 192
34 112
126 132
187 218
172 223
171 205
237 248
25 248
196 248
36 248
55 64
83 195
83 231
83 185
83 113
77 83
127 201
127 227
94 127
11 127
36 125
37 125
125 134
33 151
100 151
151 169
151 179
47 125
151 249
188 217
217 233
111 119
111 207
38 111
236 240
208 236
18 236
45 92
45 206
45 180
45 71
161 188
163 197
163 230
158 163
152 161
67 161
31 161
79 183
165 185
149 169
44 149
149 162
149 219
69 106
1 164
103 164
14 106
106 243
129 164
53 225
102 249
59 229
64 74
167 199
74 239
74 182
170 212
198 214
219 247
66 216
234 245
65 198
143 245
63 184
63 159
62 247
57 209
57 144
2 3
57 126
56 216
124 173
96 216
105 245
84 195
107 145
84 148
84 147
117 135
123 138
123 205
124 136
160 235
130 192
130 193
130 218
80 137
80 86
135 157
135 171
140 247
160 187
5 30
52 167
11 17
51 175
32 107
5 9
34 63
8 175
27 47
17 120
24 123
7 179
7 95
7 40
6 132
6 112
20 139
6 43
17 246
23 160
12 110
12 229
12 91
20 183
22 175
27 119
27 72
20 244
3 172
3 109
54 212
77 177
41 90
104 180
82 177
104 133
104 118
90 98
75 90
177 213
40 58
13 226
93 114
4 222
29 228
97 191
153 228
19 87
10 200
200 202
4 116
60 203
210 228
191 194
146 215
4 16
21 223
226 238
15 60
142 241
21 128
21 88
48 250
76 87
174 200
26 114
114 225
121 191
122 250
70 241
186 250
87 211
49 60
156 215
154 241
190 226
85 215
155 220
42 155
73 75
8 115
125 204
99 233
95 99
204 232
39 83
55 125
236 248
46 220
46 159
83 217
105 108
181 244
181 184
108 113
224 242
217 242
127 221
106 127
168 224
61 78
39 78
150 242
28 236
53 68
55 166
106 217
6 61
176 248
131 151
27 68
55 89
150 164
101 242
68 200
4 68
59 168
189 212
124 189
141 189
79 107
165 198
104 189
58 163
35 45
50 164
28 87
111 115
150 191
102 141
73 221
101 167
166 178
58 80
21 131
101 241
80 81
5 176
178 215
50 226
81 228
35 250
60 89
