6.087178
237585
17
117
337233
11 84
25 49
56 61
35 72
35 56
35 59
35 91
6 29
38 40
80 86
21 33
41 104
104 114
7 104
24 104
87 104
20 45
52 98
44 58
37 94
26 40
8 76
47 100
115 119
81 109
103 109
102 109
77 109
92 109
10 15
63 92
61 63
63 70
11 63
55 71
23 106
23 67
39 102
39 53
16 35
91 108
13 108
2 120
2 31
18 32
32 55
20 97
113 117
97 120
97 98
42 113
50 57
50 82
93 97
50 110
8 113
15 34
78 112
5 66
78 99
78 83
5 51
5 59
34 62
34 51
1 78
3 90
35 105
39 95
54 116
16 119
27 28
30 88
31 88
104 105
95 116
38 100
3 29
27 35
33 109
30 46
21 46
54 113
43 90
44 109
67 107
96 107
26 85
9 87
9 64
12 25
12 22
28 43
76 85
89 111
4 73
14 65
73 74
37 65
69 106
19 68
7 69
49 68
48 69
89 118
65 80
68 83
17 47
6 60
60 79
17 36
52 75
63 101
75 94
71 101
45 50
10 78
86 89
45 73
