68.646617
1
146
1074
49400
132 235
320 429
33 179
269 355
55 230
77 453
196 360
89 180
160 389
114 470
115 220
101 109
101 145
101 231
101 476
101 353
340 433
361 435
177 418
130 177
140 234
140 453
199 445
73 445
54 177
140 294
55 435
225 230
225 339
225 358
225 376
251 374
251 376
110 435
177 301
169 435
381 445
118 152
118 174
118 463
430 451
12 187
12 239
12 249
42 471
42 379
299 483
42 193
270 490
42 104
484 500
292 336
253 336
223 373
66 490
72 223
77 484
142 156
194 313
186 336
91 483
100 477
145 477
122 223
156 481
156 478
358 477
14 339
449 490
14 245
14 211
22 484
313 499
313 325
357 490
465 484
336 497
14 342
477 488
364 483
470 483
115 149
22 458
348 476
159 235
9 370
236 437
70 350
245 259
116 149
250 458
399 429
399 495
59 276
357 370
15 370
88 159
359 458
85 148
83 437
196 399
78 348
18 24
159 473
18 169
18 436
70 410
238 332
70 301
160 425
68 411
68 335
276 446
259 493
320 332
33 332
148 485
148 471
425 438
425 492
41 259
40 348
149 413
276 360
144 265
126 389
51 126
126 432
144 217
144 220
86 132
86 95
305 461
161 498
86 92
374 467
205 461
43 49
112 467
49 50
179 461
49 292
28 467
299 498
94 498
172 274
172 284
293 433
89 293
293 347
338 451
224 338
268 338
306 316
134 377
167 466
134 303
135 279
175 311
135 273
176 327
134 434
369 395
388 420
424 480
154 168
415 494
407 480
396 440
2 37
157 167
459 462
139 383
393 417
135 378
139 229
167 428
168 288
387 480
170 405
138 326
384 396
375 406
137 175
136 317
261 289
267 457
266 395
264 390
324 390
326 391
263 422
263 330
262 450
269 309
261 275
258 261
255 354
255 328
254 263
326 454
331 417
334 382
321 455
280 334
281 297
282 344
283 344
285 450
286 321
317 444
317 333
297 345
298 442
298 469
306 482
302 395
304 388
198 351
351 408
212 298
210 218
208 388
207 210
206 318
206 242
204 267
213 386
195 203
192 240
191 321
188 195
185 405
184 297
181 362
181 190
213 421
214 308
214 319
214 416
219 417
221 252
221 372
221 464
351 367
222 295
226 232
226 260
240 496
243 343
246 343
48 147
62 227
62 155
62 80
58 356
58 310
58 248
53 327
52 168
48 392
63 133
48 56
47 309
46 291
46 271
46 153
45 375
44 426
44 385
71 171
84 226
82 494
79 334
76 390
75 439
75 189
75 158
71 173
44 256
71 165
69 306
67 267
64 412
64 202
64 163
63 479
63 447
10 13
20 30
19 206
17 327
16 414
16 99
16 23
11 450
10 491
10 216
20 164
8 468
8 402
6 456
6 431
6 404
5 8
3 117
1 396
34 162
39 452
37 489
37 278
36 474
36 352
36 166
35 343
34 201
129 195
32 462
31 139
29 117
27 222
26 34
25 405
21 344
20 244
108 213
105 375
102 452
106 175
107 209
97 309
125 349
125 363
124 255
107 323
125 394
107 337
111 210
113 494
117 200
93 181
131 240
120 452
121 462
119 222
186 314
146 366
183 441
87 409
366 400
87 103
127 247
127 443
287 441
180 441
114 366
7 127
247 427
308 427
140 445
101 228
251 430
340 348
57 177
57 435
341 445
223 313
214 340
123 340
140 329
251 397
156 315
150 448
68 150
38 458
149 150
38 159
251 272
42 398
225 475
74 336
128 483
313 380
329 490
346 399
151 425
70 241
156 233
307 430
118 300
178 430
98 118
12 300
81 477
241 401
401 448
38 60
4 484
223 300
14 371
437 472
237 448
329 448
228 257
419 487
341 487
150 480
38 306
18 96
296 397
61 148
233 437
315 321
151 326
419 452
317 346
296 368
151 462
210 346
90 296
117 315
37 341
241 309
64 228
175 419
341 344
228 395
57 390
68 314
237 461
257 380
257 472
141 259
74 172
57 460
332 423
366 419
87 241
277 296
123 151
182 346
215 370
60 398
128 343
134 398
128 450
74 135
334 398
58 472
36 380
237 375
6 472
167 237
213 329
8 380
60 65
74 486
144 312
65 365
96 297
96 298
46 61
125 143
63 90
139 197
197 263
403 494
75 90
368 417
221 403
71 368
62 197
290 405
290 388
34 322
322 351
195 368
90 240
48 290
143 327
143 261
267 403
255 322
20 81
143 365
44 141
10 423
178 290
182 403
222 475
206 423
16 371
4 396
197 460
226 277
168 215
107 312
322 486
181 215
