23.728046
26529
69
77615
120673
98 291
110 172
129 179
90 109
103 171
132 134
21 261
7 285
140 349
166 167
164 331
33 58
61 275
41 226
39 246
3 23
46 79
13 43
210 300
189 264
252 313
31 162
162 299
162 240
69 162
205 306
205 291
205 266
205 238
114 205
81 172
11 127
106 127
85 92
63 142
142 335
142 260
65 122
142 249
234 287
80 287
92 327
5 92
122 338
86 168
86 297
92 238
257 265
138 209
138 243
138 256
19 179
202 277
202 290
96 229
226 229
229 242
229 277
229 312
175 202
19 271
19 307
47 202
19 334
9 151
52 54
118 124
18 59
52 230
333 341
99 268
95 280
7 83
91 280
157 185
5 157
83 313
83 206
82 177
78 296
39 177
231 235
78 236
78 204
49 113
76 235
317 347
133 341
146 157
163 280
166 346
24 317
135 341
135 177
201 312
26 317
186 268
131 201
129 268
128 346
113 141
201 266
116 346
86 183
255 256
199 303
145 348
89 245
50 199
51 245
207 255
170 227
170 279
310 348
264 342
255 333
125 213
70 342
1 62
185 255
225 302
136 348
225 325
117 245
225 323
200 342
132 170
15 213
1 207
1 218
1 314
40 199
44 342
40 213
30 193
60 280
115 215
178 316
228 343
148 343
149 154
154 318
154 292
154 173
195 343
287 309
276 296
60 115
30 268
126 182
73 126
12 122
138 254
122 159
222 234
186 222
67 165
17 349
17 298
108 236
33 108
184 203
216 263
130 137
167 263
130 330
101 203
95 263
24 223
18 162
139 223
183 245
12 193
142 328
41 52
53 213
247 265
205 211
59 202
241 284
51 284
106 284
19 328
43 86
154 274
309 341
274 329
221 317
177 221
57 212
53 270
48 290
48 289
215 278
32 331
32 109
32 54
187 248
23 278
13 152
32 282
112 196
102 326
111 322
111 319
196 214
102 253
102 175
111 176
96 196
152 192
74 344
77 152
74 289
74 104
278 295
248 307
248 286
230 284
34 233
34 65
159 346
199 309
94 162
2 158
2 161
254 342
38 83
235 246
81 94
86 252
118 212
143 188
153 188
22 244
111 139
258 305
150 305
219 305
3 119
98 267
9 267
287 301
243 251
6 251
309 329
61 250
250 339
6 37
37 101
181 283
71 143
71 121
4 88
4 285
221 276
131 293
197 293
171 190
14 190
119 210
142 194
169 321
26 321
58 311
232 311
107 275
68 87
107 257
68 156
68 79
107 297
180 189
57 67
151 165
272 327
25 324
20 300
191 198
198 320
10 288
272 337
144 208
217 332
158 288
233 288
93 336
75 272
84 100
84 146
84 220
28 261
124 198
36 281
36 161
36 153
123 259
93 345
97 144
105 134
105 174
105 273
110 144
31 123
120 315
27 164
25 140
25 103
45 123
55 90
55 239
42 294
20 350
63 217
42 178
66 315
27 304
27 340
28 29
42 155
35 64
160 247
46 201
38 126
224 346
64 160
194 225
16 308
162 237
16 343
113 138
127 343
72 147
147 337
8 280
35 262
8 170
52 269
181 224
8 316
190 211
93 301
130 262
237 348
56 348
229 244
269 315
28 308
56 305
