11.286206
40263
33
4155
128405
26 188
117 143
79 166
67 183
71 126
54 90
73 124
43 53
36 147
19 181
2 30
37 46
140 156
3 144
83 179
18 136
18 82
52 141
90 141
6 93
191 199
78 195
70 158
158 178
78 193
22 158
78 84
86 179
63 78
78 108
110 138
51 128
110 188
65 148
148 186
84 110
79 148
14 197
14 103
128 155
96 148
11 128
4 122
63 88
152 155
124 152
144 152
39 179
107 198
13 192
25 88
87 95
87 163
87 135
34 128
82 151
127 195
47 127
127 184
130 179
4 32
14 73
42 141
32 87
14 86
110 177
3 147
146 179
98 181
64 98
99 151
93 133
5 133
9 193
9 31
36 133
9 105
120 176
95 176
62 176
68 112
24 112
70 172
42 110
18 130
27 148
50 141
6 50
76 89
46 194
94 137
97 150
104 139
76 106
57 194
68 76
59 116
59 161
118 137
139 164
139 200
8 59
131 194
150 160
150 175
16 137
29 41
76 145
145 194
80 88
39 87
33 88
27 87
159 169
80 107
38 105
38 113
29 176
76 83
15 28
5 28
137 199
19 158
125 189
189 198
11 134
134 143
35 44
172 177
66 113
61 66
53 127
132 187
65 132
17 132
166 170
24 165
129 185
119 129
115 165
7 129
111 170
92 174
34 44
37 157
42 159
26 55
55 74
55 173
77 101
77 102
77 168
92 157
140 191
33 139
72 182
72 114
174 192
71 72
56 100
100 180
40 100
72 169
146 150
58 102
49 167
153 190
117 167
81 142
13 81
48 186
2 48
48 94
30 123
45 149
115 149
1 162
51 162
58 108
67 85
12 85
85 119
75 121
75 178
109 126
109 196
43 69
20 91
21 69
69 171
91 154
91 183
54 190
25 91
10 127
60 123
10 59
23 60
23 100
