7.451349
34445
20
2984
254843
23 62
33 73
34 72
50 70
4 20
31 73
31 65
4 31
26 63
26 54
71 75
28 74
30 69
74 87
50 74
12 69
79 100
86 100
25 100
11 69
21 92
33 92
76 92
1 98
56 78
52 77
55 58
55 96
41 99
87 99
96 99
6 37
37 72
23 37
8 57
18 57
16 85
81 85
13 57
67 85
35 62
47 90
42 53
42 46
56 91
34 97
9 97
10 82
49 64
52 64
44 66
64 84
66 71
68 91
70 91
80 88
2 35
90 94
95 97
1 66
15 20
15 24
32 42
29 88
22 82
15 83
31 100
26 40
19 75
59 75
7 26
31 36
45 46
12 45
89 100
31 77
26 27
59 92
17 51
26 78
38 40
27 69
69 98
5 92
14 38
19 39
17 39
5 43
43 60
7 37
14 61
48 74
3 75
75 93
89 90
3 85
61 82
57 93
48 88
