18.527932
96354
57
74053
117977
179 315
15 69
301 340
144 275
24 61
140 143
182 310
10 13
206 241
99 103
92 190
212 317
5 18
229 274
84 135
167 283
148 256
8 170
8 222
227 304
41 199
87 254
211 254
254 300
42 254
234 254
85 273
86 160
70 226
221 278
118 139
145 236
128 251
251 300
113 251
131 191
36 116
225 346
169 334
172 258
274 333
25 271
271 344
167 333
271 322
258 260
90 333
189 258
25 333
185 228
159 204
193 240
122 248
317 332
102 267
8 80
58 187
36 188
34 188
46 188
188 319
266 329
62 236
9 306
124 348
158 281
239 245
232 239
114 270
150 261
33 281
142 261
170 281
270 299
6 270
17 185
123 335
57 103
301 313
125 126
125 214
238 313
125 127
266 313
115 231
52 203
96 315
35 237
96 139
133 231
28 231
7 237
55 174
76 350
230 252
230 344
113 303
247 286
2 19
77 302
76 200
1 275
1 253
202 269
1 246
83 117
83 149
83 310
2 83
5 286
89 230
159 200
97 219
100 302
98 269
56 219
152 305
22 93
32 303
22 304
152 260
19 120
282 303
129 230
22 322
19 78
132 302
269 323
19 39
136 286
18 22
152 340
198 303
153 219
200 250
200 296
107 187
30 166
94 288
15 288
163 250
82 143
82 135
82 105
209 255
11 215
8 155
178 197
197 339
190 197
30 207
12 207
207 299
9 227
114 218
195 218
120 330
21 330
144 343
195 343
273 343
27 280
280 291
160 280
13 168
168 201
40 311
40 179
89 223
151 223
106 324
146 316
109 193
109 224
99 109
180 328
180 206
33 180
225 316
211 324
1 154
107 152
10 16
16 226
26 175
220 338
305 338
64 192
54 205
54 252
208 327
80 270
154 163
242 331
286 341
74 244
166 341
204 255
70 85
265 271
183 333
58 216
151 216
91 347
147 314
35 314
23 314
125 208
188 264
8 240
91 134
244 313
285 336
75 285
192 209
86 251
11 267
169 254
243 349
111 173
88 111
243 326
137 210
111 262
112 210
95 243
49 210
26 242
27 337
108 337
8 194
134 308
118 308
182 292
186 320
130 292
140 320
329 331
96 283
64 231
175 327
288 306
66 335
66 307
17 257
20 333
59 272
59 174
7 44
44 297
92 263
12 263
57 257
110 199
110 290
48 261
332 347
37 278
37 148
51 183
136 165
138 165
214 259
259 295
156 249
229 249
162 264
43 116
104 184
81 321
24 181
215 235
171 235
3 119
296 321
157 181
222 325
73 298
73 279
38 45
61 235
4 309
213 348
47 318
176 318
108 181
119 241
53 321
119 284
45 277
84 213
213 276
177 325
101 287
72 325
196 309
101 248
101 191
60 65
161 294
48 162
334 342
205 289
289 293
268 342
28 342
22 264
239 265
271 294
29 258
180 217
145 194
82 256
122 161
41 63
67 184
65 164
51 60
67 68
68 302
302 345
200 345
82 155
312 336
234 312
62 346
19 60
60 269
63 71
71 270
14 345
121 203
131 233
121 219
55 71
164 219
31 233
155 314
79 251
8 141
123 152
50 104
73 221
116 318
31 45
124 309
50 210
79 243
111 141
