49.325751
1
116
60106
76912
102 139
312 372
38 437
177 336
18 22
17 75
162 387
189 398
328 335
204 413
51 184
230 436
64 123
63 103
52 215
286 376
45 176
361 384
143 360
8 430
45 272
199 272
272 341
19 272
95 309
181 386
302 386
246 368
180 386
33 386
344 368
368 419
198 368
347 421
29 263
31 321
263 383
263 380
124 269
202 318
124 154
102 363
124 225
221 363
217 363
13 128
128 308
3 128
269 370
241 321
241 248
203 210
189 210
86 210
144 241
188 433
188 381
188 303
99 228
39 423
229 330
132 304
39 426
39 185
304 376
35 304
212 400
191 445
141 362
141 395
141 404
191 293
133 384
87 212
213 244
91 191
133 256
212 243
130 418
127 369
71 244
169 232
244 250
111 418
97 369
27 334
383 418
27 296
109 354
264 369
101 133
418 448
15 191
40 55
40 115
16 232
40 392
232 277
223 232
27 223
76 219
218 305
66 310
183 361
65 306
305 398
286 306
310 336
178 367
178 344
178 275
310 358
13 161
77 306
161 318
152 434
126 408
215 434
94 280
94 174
228 352
134 142
134 294
140 352
408 437
94 139
305 307
114 134
357 408
356 434
279 352
60 161
183 422
12 183
64 179
155 179
63 179
129 444
129 439
105 284
107 323
113 313
129 163
116 209
2 98
116 396
118 326
120 297
121 216
121 365
104 329
276 394
238 326
251 402
251 440
257 261
261 364
268 274
270 316
270 338
274 382
237 284
284 311
313 373
323 390
324 378
329 429
340 348
378 403
391 407
193 290
145 353
148 261
150 348
151 323
156 274
166 378
175 196
193 235
138 399
193 410
196 239
197 409
200 251
214 266
214 337
226 353
236 409
42 325
98 282
50 260
96 322
96 265
50 106
49 399
48 326
96 194
42 388
50 137
42 253
41 353
38 409
37 196
92 313
93 190
93 292
26 121
7 214
73 93
74 329
75 348
4 297
68 394
67 394
61 270
51 391
9 116
80 399
98 435
56 297
53 391
58 79
227 271
79 91
85 205
62 414
85 449
79 278
245 271
240 414
123 414
25 271
22 85
301 350
177 301
267 354
78 267
83 233
131 172
5 347
5 339
131 289
131 195
5 76
142 374
19 146
136 146
345 428
192 441
192 229
10 343
17 252
11 81
335 355
54 159
14 110
52 416
328 343
21 249
192 206
8 291
59 320
59 372
6 147
186 438
184 438
182 431
416 450
69 431
417 442
72 281
173 377
1 355
24 173
273 385
287 291
288 405
32 366
252 371
33 59
36 405
295 314
299 332
100 345
234 299
299 360
233 385
230 442
201 249
23 438
308 366
224 355
222 397
222 333
222 312
220 389
46 416
47 149
281 319
208 385
207 295
20 442
18 159
90 317
81 436
149 204
149 162
81 446
158 389
159 331
147 255
110 387
147 176
164 366
82 405
143 249
112 359
112 413
84 259
84 298
165 343
84 309
103 431
88 252
89 112
168 281
90 415
157 272
272 363
82 153
14 160
160 289
187 319
187 422
153 280
157 188
95 117
34 351
351 401
238 412
125 417
350 412
25 125
124 421
210 386
258 300
31 202
95 244
124 241
141 368
44 272
157 183
95 306
157 393
117 210
232 421
109 421
202 342
386 420
95 391
157 326
242 263
95 170
300 304
254 263
109 117
188 211
157 374
28 342
258 261
99 242
352 370
368 443
171 258
109 135
28 283
304 330
31 270
31 121
116 128
94 167
330 369
241 247
167 349
133 369
40 212
141 211
191 211
117 348
212 346
112 258
379 418
117 353
128 424
40 231
363 427
119 330
202 315
31 295
202 375
406 411
134 346
178 411
411 434
129 330
251 346
27 447
254 425
327 379
42 231
39 83
193 420
39 43
214 247
219 285
133 432
57 406
379 389
379 431
173 411
44 297
93 425
57 394
108 171
30 408
43 393
399 443
271 447
30 119
96 424
122 284
262 313
70 409
70 98
50 427
262 327
274 432
122 170
128 351
30 378
196 315
323 375
315 329
108 343
291 447
85 375
83 90
43 299
43 345
