4.262342
111843
12
38502
200742
22 97
72 124
3 83
73 131
5 101
9 102
60 92
22 138
7 18
75 109
61 87
28 49
84 97
89 117
29 129
37 43
2 17
33 66
34 56
34 112
51 106
51 83
46 51
34 138
52 73
52 95
27 52
52 130
70 84
25 34
105 119
52 88
16 74
16 19
37 70
14 31
114 123
102 114
59 122
24 39
64 121
30 100
30 104
49 51
12 118
116 118
118 132
46 118
19 118
27 47
38 47
47 91
8 47
15 43
53 72
62 127
26 74
20 40
40 139
17 40
8 40
71 134
20 77
99 125
48 77
6 77
60 134
92 99
99 130
44 125
76 121
26 81
14 68
44 81
82 120
25 40
11 110
11 132
51 82
18 133
7 15
63 119
12 79
87 120
68 118
2 129
39 99
6 115
104 115
54 137
100 137
63 114
23 48
76 133
55 103
103 124
31 45
45 108
28 114
96 128
3 96
61 103
38 135
36 135
40 75
36 113
113 136
9 10
10 86
42 111
58 111
98 127
41 98
94 105
1 94
4 35
24 57
50 114
34 66
34 35
50 62
78 95
78 85
23 89
69 101
69 85
107 140
21 90
33 90
13 80
13 122
93 117
67 93
65 126
32 126
109 126
53 59
57 111
4 140
