6.713435
199969
23
153931
216372
25 69
16 137
55 133
80 176
116 152
172 174
103 110
38 142
18 91
22 44
28 93
79 170
62 147
10 159
106 130
52 135
145 177
60 78
60 83
60 86
60 111
60 117
44 95
107 127
50 140
8 44
1 94
94 122
111 153
102 153
12 21
157 179
160 179
20 165
40 50
70 134
99 156
28 134
24 99
114 134
9 128
20 44
68 171
100 171
171 178
152 171
8 180
70 163
39 55
35 131
25 131
121 160
100 121
98 166
98 137
17 104
17 63
34 180
7 97
104 164
34 52
120 138
35 120
40 81
30 91
30 119
2 115
30 138
115 136
61 84
84 129
6 105
26 88
13 15
26 175
15 68
26 63
15 69
6 154
16 115
31 95
31 81
99 112
41 44
155 175
54 155
126 155
71 155
103 127
51 96
36 113
14 149
66 167
18 65
64 101
47 157
29 47
24 161
109 161
45 53
45 174
107 148
27 148
148 159
42 75
75 83
44 58
10 41
8 171
23 87
87 128
4 116
4 59
127 132
62 180
125 143
5 43
37 44
36 37
21 132
5 93
163 167
44 66
64 127
149 150
125 172
44 153
67 171
124 173
57 170
124 143
51 112
39 67
130 168
74 127
89 106
89 147
89 173
150 168
74 118
99 101
108 162
72 108
49 108
79 141
141 178
82 141
123 158
158 176
133 139
48 139
76 110
38 76
58 94
3 19
7 19
14 164
73 77
73 117
144 169
11 73
80 144
46 146
151 180
90 96
90 92
32 56
56 145
9 180
115 165
6 142
94 177
65 146
33 118
46 84
33 97
113 144
85 151
85 108
