18.343659
56842
43
5061
168729
50 153
97 143
28 59
34 132
57 105
41 47
94 150
79 124
116 124
78 102
72 150
51 65
65 156
31 41
51 85
124 137
60 150
39 41
51 147
41 58
38 70
38 153
40 47
79 82
40 96
82 89
82 160
97 107
1 40
104 126
9 38
6 115
10 126
6 59
6 29
107 129
107 144
117 126
46 69
46 121
28 46
73 103
37 113
54 111
67 123
7 111
57 113
34 48
24 157
73 133
14 24
113 132
4 123
48 118
48 128
87 92
87 102
87 142
12 77
12 110
3 12
70 145
50 95
61 95
35 99
35 143
35 76
2 8
105 109
86 109
148 154
84 130
83 135
83 122
52 90
81 114
74 112
52 101
53 80
71 119
55 63
55 155
138 154
136 149
68 74
66 109
134 149
119 131
62 119
100 130
130 141
125 146
8 64
30 158
32 114
33 125
30 108
8 13
27 154
26 127
26 106
26 45
25 149
43 53
11 74
44 52
5 114
15 30
21 53
20 83
17 55
10 36
19 21
3 42
129 159
42 94
5 159
56 145
51 150
124 156
40 93
6 93
19 56
16 18
51 91
73 78
139 150
93 140
16 75
78 152
82 120
16 98
41 98
22 156
16 22
83 93
30 156
78 119
109 124
53 78
88 107
16 36
49 140
24 120
38 151
23 126
49 152
75 123
18 149
18 125
18 114
23 111
91 154
52 91
8 120
130 139
74 88
55 151
23 26
