7.873975
184919
20
915
293970
1 120
90 111
32 109
10 49
37 117
30 82
65 102
25 54
39 54
54 111
54 139
10 26
26 122
26 119
26 78
26 51
52 108
12 72
12 85
12 28
12 110
67 70
69 70
70 125
32 96
18 60
7 60
55 96
60 64
96 135
63 89
44 83
44 87
44 89
35 86
69 86
23 86
71 136
11 33
40 72
97 124
22 102
22 51
22 41
22 138
29 133
17 121
30 75
75 84
39 75
88 121
42 103
13 42
112 127
42 130
106 127
41 127
86 114
54 113
14 46
21 91
91 137
47 91
74 118
8 73
50 117
50 65
9 82
1 9
6 9
114 127
14 70
60 62
109 134
71 134
36 59
36 52
57 105
57 81
54 60
19 96
20 70
2 116
33 80
66 80
12 26
53 92
24 92
61 126
126 133
43 123
7 43
45 93
48 100
58 119
15 140
132 140
118 140
101 115
27 93
28 115
78 93
77 128
77 95
76 100
58 120
58 68
44 116
20 63
46 107
2 3
3 96
16 67
16 105
113 129
19 121
38 40
79 86
31 62
38 98
56 121
8 54
5 124
11 60
5 98
75 131
54 99
34 104
4 104
91 131
17 94
24 94
99 108
34 91
4 74
42 136
29 129
79 100
77 107
