60.844547
1
128
9500
80791
440 441
371 424
297 381
9 325
250 258
66 207
94 285
99 178
105 398
106 406
137 437
411 443
92 302
69 302
216 222
222 427
112 302
302 383
302 401
15 222
222 422
369 439
86 444
304 431
86 185
88 213
99 418
75 418
73 86
268 418
213 343
382 418
213 363
246 360
241 323
47 259
47 354
175 269
175 337
175 394
82 249
178 360
284 323
80 352
47 366
80 185
80 126
80 85
47 406
249 322
57 323
65 350
258 350
206 249
15 144
144 400
170 360
1 100
118 144
157 350
120 144
100 135
97 100
21 100
123 249
360 363
13 48
69 165
131 212
135 344
404 448
212 440
212 306
113 344
369 376
107 425
382 448
71 138
107 180
71 262
199 341
3 71
193 341
103 104
159 397
164 173
164 237
165 179
92 164
167 397
20 424
263 448
332 376
9 107
344 356
20 197
20 411
297 397
376 381
341 442
39 165
5 181
5 114
261 285
202 207
202 321
261 282
202 416
67 209
67 324
33 261
67 325
70 192
87 441
19 139
158 233
192 339
41 314
66 192
314 409
64 87
373 428
4 43
87 89
314 322
219 230
139 357
358 437
43 276
139 371
137 230
230 447
358 417
233 304
35 36
250 358
109 233
14 35
35 94
16 373
373 398
253 421
106 421
391 426
320 355
134 419
317 346
130 318
129 415
168 247
327 402
169 355
329 355
359 370
163 166
128 429
162 410
279 300
395 402
342 429
153 300
334 362
149 379
147 433
146 374
145 291
141 227
162 238
345 436
154 415
156 379
349 408
161 264
161 310
161 340
331 349
228 426
211 290
211 351
256 335
252 318
215 289
218 414
220 305
220 365
220 435
136 190
379 423
227 274
227 330
208 362
229 232
229 338
229 430
231 384
248 318
247 312
234 267
234 316
235 390
239 243
239 412
240 289
247 292
189 211
303 370
171 188
171 224
171 255
377 419
291 446
289 364
281 335
280 426
278 313
183 419
186 326
186 386
308 436
190 336
190 375
275 368
191 436
273 450
273 353
194 390
273 319
272 429
266 390
384 392
257 415
18 51
49 434
50 370
52 186
53 313
54 79
22 311
55 111
18 125
59 174
59 203
59 299
61 239
62 121
62 182
22 315
62 286
18 28
63 414
17 348
17 242
17 81
74 184
74 195
76 402
77 346
78 291
79 142
79 372
84 300
34 214
25 56
25 438
25 45
27 313
30 140
30 251
23 146
30 443
31 132
31 177
31 367
32 91
32 201
32 298
127 346
34 254
34 445
37 117
38 74
40 234
42 68
42 378
42 413
22 387
44 146
46 147
49 119
49 124
6 368
96 414
12 152
2 236
98 166
12 187
12 296
11 335
117 223
93 362
117 151
116 166
2 388
115 368
111 333
111 225
8 384
105 147
108 349
2 176
7 162
403 427
221 403
10 200
328 361
48 361
200 366
265 403
200 295
361 405
199 347
72 138
307 396
102 396
222 323
83 302
86 260
222 389
29 439
83 86
213 432
13 244
260 360
419 439
30 439
80 420
29 260
47 103
249 287
393 431
389 418
26 100
213 309
22 431
370 431
368 431
212 245
58 107
71 287
164 277
60 350
90 245
43 245
210 244
270 323
175 309
13 436
227 260
244 294
172 244
111 260
13 42
13 171
175 288
110 144
301 397
103 301
83 449
133 373
230 399
160 192
32 245
29 293
26 35
60 344
101 287
101 432
385 420
202 301
160 204
133 204
244 347
29 198
79 160
277 300
12 420
133 318
186 399
349 420
133 384
162 277
83 291
2 432
18 58
399 415
58 429
335 432
160 229
211 287
58 150
150 399
155 341
148 165
122 283
20 271
205 277
26 414
24 217
210 217
26 205
301 393
5 380
60 90
161 283
31 283
147 283
143 217
67 155
314 407
226 449
358 380
122 196
60 426
95 385
220 270
74 407
59 95
294 362
294 313
146 196
49 172
196 346
198 402
95 355
166 294
25 198
172 239
172 190
196 390
198 379
95 273
148 247
117 288
17 380
62 271
110 289
34 271
226 234
103 396
