53.014203
48191
113
24879
82047
38 237
24 392
154 211
63 342
85 382
37 112
305 368
140 194
39 333
10 238
9 347
5 72
217 272
41 326
222 263
263 312
224 263
23 142
135 142
142 228
142 274
175 205
327 370
197 381
100 370
367 370
301 309
46 309
271 309
203 376
174 258
65 203
67 96
67 143
67 193
26 118
75 203
174 277
203 344
62 341
174 349
36 67
58 333
112 148
58 307
218 341
58 113
198 360
225 379
80 225
1 303
360 362
341 380
139 303
94 360
305 360
303 366
299 341
16 58
148 239
148 326
278 329
21 225
278 396
155 174
278 369
109 368
51 160
160 191
71 156
109 289
75 156
109 286
123 156
194 257
48 165
136 257
207 371
185 371
138 165
94 160
154 173
150 173
89 273
176 260
89 190
64 347
64 311
85 165
64 272
211 246
2 173
14 107
14 175
14 217
29 176
246 359
246 342
237 371
37 89
39 176
219 257
79 337
99 230
99 135
10 215
7 99
253 310
253 307
167 259
93 215
215 314
79 96
140 226
63 283
79 304
105 238
105 399
105 296
42 167
226 231
24 167
283 331
283 291
120 226
149 253
267 308
339 383
145 335
324 393
213 300
319 385
317 335
212 334
204 281
315 351
141 183
297 319
125 133
208 243
117 119
119 245
119 298
387 400
365 387
351 361
121 335
350 388
124 204
137 261
125 251
126 302
127 302
129 171
130 151
130 157
130 348
131 249
132 330
345 350
177 221
202 249
200 343
243 328
200 276
236 324
234 351
233 384
233 352
227 332
177 188
248 287
179 318
179 338
179 356
180 212
181 213
223 339
189 192
189 199
189 209
390 395
164 323
290 302
280 293
269 319
267 316
196 200
264 355
159 248
261 372
162 232
164 266
146 293
261 346
255 264
168 350
170 256
254 387
170 306
170 382
171 285
172 293
252 330
84 171
77 373
22 204
81 247
81 282
82 267
50 270
20 45
57 395
44 232
86 141
87 264
88 233
90 92
91 103
33 81
92 397
95 332
74 177
31 212
66 164
60 373
59 375
30 324
32 59
59 166
72 373
92 241
76 97
27 395
76 152
76 389
25 163
25 61
43 249
6 374
103 158
47 73
104 386
106 386
108 330
40 69
110 213
50 220
8 332
34 339
47 169
6 353
6 336
50 68
49 243
4 386
3 25
47 178
45 262
98 248
45 242
40 358
17 122
17 78
103 115
55 125
17 54
15 232
13 141
40 229
56 321
56 218
11 284
56 195
11 144
11 197
240 268
240 277
38 354
240 275
83 354
70 128
5 294
9 294
294 325
19 26
19 244
19 288
41 354
70 392
70 147
263 309
142 205
184 309
184 320
184 225
35 184
142 278
303 370
186 263
89 205
250 263
148 225
114 148
67 391
125 205
364 381
373 381
189 381
161 278
161 203
153 174
119 381
118 182
101 205
35 153
292 370
114 257
176 391
201 279
52 265
182 391
53 341
50 118
118 179
118 164
28 165
153 173
109 214
182 214
295 303
216 320
58 134
360 377
52 330
6 114
130 391
253 279
201 235
12 105
186 206
116 161
47 210
161 302
264 265
28 81
92 153
28 395
279 332
171 265
279 351
59 210
214 261
214 319
111 160
322 371
52 70
52 240
12 200
12 387
102 182
102 265
206 340
53 215
64 295
28 216
14 363
246 398
19 210
12 313
53 364
248 357
249 357
53 339
18 177
18 141
204 357
18 45
40 111
17 322
167 187
283 378
340 357
250 335
295 350
18 313
103 187
324 394
170 394
212 363
386 398
76 394
25 398
134 213
243 377
293 378
233 378
232 292
267 363
