8.424770
189540
24
4363
218311
127 128
32 163
93 148
86 159
24 55
2 150
5 96
108 138
124 135
29 88
140 152
39 160
19 62
73 139
97 154
67 106
38 146
72 153
34 83
31 120
70 120
120 156
88 120
16 163
16 54
15 109
61 165
10 53
10 156
10 149
10 78
84 91
14 162
26 46
26 62
121 167
57 74
4 115
98 116
60 87
13 114
22 151
22 78
81 144
58 81
9 81
120 160
111 122
2 26
84 125
162 174
39 174
63 174
101 116
26 125
91 99
26 108
96 116
64 82
15 69
33 148
7 50
33 48
3 7
7 166
55 158
77 158
33 130
29 109
109 152
6 83
5 6
6 150
34 57
85 153
85 180
25 134
65 173
140 173
20 134
134 135
56 168
56 129
49 56
47 173
44 173
85 138
119 155
170 176
164 170
104 170
75 116
68 79
66 143
60 85
6 154
95 171
171 177
127 171
69 98
18 133
18 90
11 18
18 49
51 107
40 107
30 67
30 175
14 41
8 93
8 65
14 73
43 87
14 64
115 165
113 120
113 132
169 178
105 145
105 151
128 178
16 52
38 109
14 112
102 166
25 102
10 103
68 101
100 129
51 100
81 97
16 72
28 95
28 118
36 115
13 36
61 167
117 179
45 141
17 141
89 117
112 115
18 75
27 147
122 147
124 171
41 158
42 137
114 137
59 137
99 106
21 136
35 172
19 134
23 76
80 155
12 80
131 132
118 123
123 159
121 161
142 161
70 92
92 126
71 94
86 94
110 146
37 110
23 24
115 157
43 141
52 66
111 157
10 119
74 136
35 103
81 170
1 131
1 117
