6.634023
7085
21
23
178628
1 30
82 119
53 79
47 106
40 41
9 71
9 63
9 118
21 106
21 88
13 112
13 90
13 58
54 108
60 108
23 113
23 56
23 42
17 23
14 111
34 56
32 34
25 114
26 63
67 73
15 73
100 116
69 100
31 100
70 98
7 74
50 86
45 96
16 49
89 111
25 43
44 109
44 119
16 89
20 35
20 50
7 20
4 44
43 81
2 36
43 68
38 41
38 70
38 115
39 89
2 27
39 101
19 29
29 59
29 84
1 29
80 112
80 120
66 80
6 92
17 77
46 92
33 77
65 118
94 110
48 107
79 94
19 107
52 85
8 52
47 65
95 107
12 72
12 53
11 65
55 94
52 91
45 105
82 105
51 62
5 87
3 30
3 18
5 62
22 78
22 76
42 51
76 102
84 102
10 21
21 108
13 97
83 108
21 117
13 34
21 64
13 24
24 108
14 34
34 93
9 100
9 104
34 99
28 86
74 83
44 97
9 75
61 85
61 81
28 57
38 103
64 98
37 43
20 37
2 114
49 73
29 104
92 99
93 94
