25.586979
74544
69
6010
80485
172 213
6 138
86 277
70 237
200 221
12 182
51 273
79 255
110 211
130 209
29 283
69 272
142 256
142 291
142 213
51 142
38 276
38 243
38 135
38 65
38 50
35 77
77 274
77 288
77 210
214 241
2 130
163 270
2 217
2 256
267 270
270 279
27 212
40 203
203 214
86 203
3 64
3 196
3 275
3 226
164 249
65 269
9 269
179 247
121 237
121 221
128 167
148 179
167 228
167 260
121 159
19 167
179 183
73 146
146 277
146 248
4 76
19 76
35 141
89 133
93 147
281 287
95 175
102 147
106 132
80 175
128 141
106 153
106 253
109 192
111 133
47 281
45 109
184 293
184 275
184 209
13 141
218 281
32 175
141 150
133 197
27 109
26 147
111 225
198 205
205 239
205 211
29 142
185 251
92 251
219 251
251 265
137 285
235 298
30 129
93 113
10 266
99 113
104 107
104 152
104 224
263 266
266 282
104 226
113 126
113 191
3 272
43 94
53 97
97 98
97 125
97 198
1 41
74 199
29 77
11 37
37 249
216 224
88 202
88 248
82 273
82 222
82 87
131 165
131 172
73 154
138 216
101 216
20 88
2 178
140 144
91 286
30 189
189 268
25 285
25 90
44 91
12 25
189 300
123 296
123 153
17 123
235 272
68 182
59 68
105 279
95 105
52 215
215 298
36 176
176 280
84 252
85 116
170 194
22 122
122 206
124 170
39 108
62 84
49 118
34 96
103 261
96 112
96 143
103 156
103 114
57 254
28 116
134 170
18 259
108 201
254 299
108 166
236 259
78 139
78 188
115 122
78 294
116 242
118 290
195 254
84 173
15 176
186 259
118 295
144 246
175 178
144 147
24 48
48 110
148 207
120 240
42 238
120 151
155 244
136 183
162 187
75 250
265 297
262 297
255 284
4 284
228 244
227 250
7 160
200 284
180 244
162 234
136 271
162 177
161 210
161 208
160 229
1 250
149 223
23 54
23 158
145 232
31 238
67 136
58 119
58 257
60 145
94 238
63 169
63 190
66 161
70 120
81 223
79 160
72 297
82 230
157 175
241 270
144 199
38 61
88 144
8 246
5 38
2 269
77 181
46 218
7 46
83 147
100 109
179 241
127 140
127 164
77 137
133 212
174 270
203 220
144 170
56 181
16 177
16 192
2 41
100 193
203 266
8 189
3 43
193 241
225 289
167 204
129 292
205 281
56 117
171 269
14 106
142 264
21 233
21 174
41 251
168 225
55 113
121 231
245 292
61 145
121 258
14 91
14 25
5 58
71 133
78 220
63 233
204 223
117 122
171 259
55 96
33 168
84 231
71 118
33 108
23 258
245 278
254 264
103 278
176 264
116 278
