46.492963
1
98
85238
138116
232 258
128 251
211 319
7 144
66 165
198 253
11 55
11 130
11 265
11 340
154 203
203 346
14 49
14 285
46 203
47 203
281 350
25 112
24 25
79 179
25 254
79 246
79 256
76 176
135 285
231 282
231 339
71 159
62 129
50 135
176 250
176 334
176 345
44 62
60 120
167 231
62 127
75 248
62 305
161 331
161 311
31 79
71 95
102 161
71 162
27 120
88 226
6 272
6 271
107 268
120 281
268 335
122 244
6 217
6 58
88 297
252 268
248 305
3 318
84 88
135 223
3 123
3 186
3 249
88 119
245 248
131 234
150 303
196 303
206 234
53 234
234 269
201 303
4 228
184 327
178 297
181 292
46 292
160 292
178 316
178 312
9 229
9 238
9 299
260 327
244 327
213 228
344 348
106 347
106 211
83 337
83 250
83 216
143 193
144 242
146 171
87 348
147 173
147 288
171 340
171 324
98 314
98 304
106 301
98 128
66 147
207 242
28 93
202 225
28 51
225 258
28 49
225 308
193 336
253 348
193 269
12 99
68 73
73 137
246 277
277 293
277 318
99 133
19 165
19 81
19 118
204 224
72 232
126 279
72 138
72 86
224 271
67 279
198 279
187 224
134 197
101 313
2 221
319 343
309 315
278 320
275 343
239 274
240 320
247 286
274 321
134 342
110 332
214 296
255 332
264 283
113 140
113 338
117 326
274 294
121 302
264 325
125 192
125 183
169 296
200 332
195 315
194 247
163 233
164 257
166 326
188 209
182 310
157 317
182 230
182 185
172 257
174 263
174 329
175 205
180 189
136 315
156 313
152 237
149 343
148 307
148 235
209 266
209 276
148 151
212 215
175 287
215 291
218 262
219 296
221 243
145 218
57 115
40 82
41 90
43 191
43 222
43 284
45 264
48 54
48 170
48 298
52 134
100 270
57 89
38 273
57 306
61 70
63 237
64 121
65 257
70 168
70 236
77 237
78 233
82 114
82 261
22 125
1 313
5 35
5 153
5 349
8 42
8 210
8 289
10 233
13 113
15 317
20 218
21 215
56 320
23 317
29 124
29 132
29 323
30 174
32 175
33 221
34 247
36 38
37 180
38 199
100 208
97 121
100 190
91 180
90 251
90 241
85 326
158 229
18 117
18 87
25 203
135 350
231 248
71 161
135 268
14 111
203 330
120 267
71 116
3 116
94 161
103 248
62 142
6 105
105 176
116 267
104 120
11 59
11 290
268 333
279 350
8 14
14 134
14 148
142 267
343 350
25 59
122 259
79 109
9 94
177 327
122 332
82 122
43 122
231 280
88 227
142 292
108 267
19 330
94 341
108 155
141 303
90 116
69 267
234 280
80 105
111 139
92 220
259 330
39 155
28 220
177 328
72 177
174 177
175 330
94 315
59 178
228 290
103 322
228 300
180 220
105 313
220 317
103 233
142 247
103 218
92 96
242 348
74 242
96 99
104 264
39 80
158 303
147 295
113 333
121 333
96 257
69 73
17 74
57 74
26 328
109 296
16 322
215 295
29 227
141 221
5 17
38 69
26 320
26 274
26 70
16 48
182 300
17 237
17 125
16 209
16 100
