15.139772
35604
43
56586
165503
89 131
21 160
6 54
83 86
167 179
85 91
22 115
100 230
27 134
57 213
53 158
49 76
193 194
95 124
117 150
88 250
59 169
10 41
74 142
173 200
120 207
104 129
122 229
122 141
70 122
110 122
157 168
128 140
162 213
90 162
151 162
162 227
71 162
182 220
38 155
49 155
178 230
48 178
84 238
96 117
27 209
209 225
167 209
76 199
29 199
15 199
183 199
180 199
35 199
44 181
185 232
69 232
181 195
102 232
101 181
175 232
150 238
80 122
72 97
54 97
97 126
97 184
18 211
131 211
103 137
30 189
96 163
99 149
99 113
99 152
99 236
15 99
32 158
32 246
7 32
157 178
163 181
146 197
73 146
34 249
34 201
34 195
92 146
22 34
146 149
34 165
121 146
39 75
39 84
99 231
140 155
44 105
28 226
73 105
6 105
71 226
115 226
105 243
127 202
121 127
74 96
109 111
123 198
123 201
123 204
123 224
186 233
186 240
186 249
2 53
2 228
2 223
103 168
67 237
25 237
109 250
9 36
24 36
36 193
144 171
90 143
143 200
143 154
16 171
137 162
206 212
40 212
20 218
75 87
4 87
87 210
20 222
124 212
20 119
25 98
98 100
118 245
5 165
5 217
21 196
229 235
198 235
172 239
51 178
19 88
19 95
19 24
19 214
8 59
8 56
1 8
178 182
91 188
102 188
65 188
104 159
10 32
2 111
212 231
47 166
13 159
3 116
3 126
13 199
62 232
62 181
164 187
57 187
35 94
64 94
23 94
87 245
47 220
96 135
135 209
105 138
32 169
11 108
11 141
45 162
80 211
138 234
92 190
86 190
190 247
7 66
52 66
77 129
30 166
81 83
12 81
14 241
125 216
133 241
139 216
17 26
106 132
147 170
147 194
153 191
242 244
68 244
112 130
37 107
78 191
79 130
55 147
107 248
48 216
107 161
89 191
93 106
26 114
51 196
130 202
82 221
64 82
61 161
184 192
174 192
148 226
118 207
41 106
116 219
215 219
3 172
31 205
156 205
42 177
63 177
145 205
46 177
33 52
33 176
60 236
50 60
136 208
70 208
58 239
20 148
45 171
61 142
43 58
128 241
26 173
97 203
234 244
43 205
177 203
