31.513103
1
69
155850
193120
32 247
13 157
16 117
121 134
111 198
51 248
108 201
50 242
20 119
3 63
19 45
19 89
19 95
19 139
185 243
101 243
58 250
64 223
64 175
157 250
227 228
40 65
40 143
40 177
168 250
56 64
171 250
21 179
179 182
132 179
50 244
109 232
92 207
57 91
67 207
57 118
57 147
94 196
159 192
244 248
200 232
198 232
196 210
176 244
169 228
169 217
169 187
159 202
98 232
159 180
151 242
151 190
146 151
129 196
76 207
100 123
99 151
3 7
16 159
7 93
7 114
32 38
74 110
63 237
110 121
112 180
112 229
24 110
131 237
148 237
28 112
38 218
38 130
106 120
117 161
161 189
161 211
82 106
106 247
13 33
33 164
33 119
96 152
88 138
18 208
206 236
116 203
205 222
204 240
126 173
126 239
2 225
15 214
86 235
86 156
84 135
81 152
80 245
80 104
80 85
79 214
77 133
1 152
75 83
31 43
158 225
6 10
174 222
172 212
170 194
8 241
5 126
9 170
10 26
10 154
167 214
163 219
160 212
11 170
127 208
155 191
149 241
4 86
142 188
142 184
142 144
141 204
138 153
135 238
135 162
14 206
203 216
183 191
22 103
48 212
43 145
42 241
41 133
23 204
25 219
49 222
46 203
29 138
22 213
59 75
30 208
22 115
69 133
52 199
34 206
52 137
54 75
55 71
37 225
55 107
44 219
43 249
55 215
39 52
66 191
45 220
60 124
73 150
109 186
47 150
122 181
122 201
122 234
123 231
124 125
150 168
51 78
134 231
61 220
186 233
78 97
78 111
87 99
87 195
87 230
20 124
165 220
108 231
105 186
19 166
19 179
166 243
40 197
64 169
166 169
68 227
110 243
7 196
57 207
17 244
193 197
166 224
53 197
151 226
7 178
27 207
27 68
136 243
72 250
161 166
100 209
38 53
178 224
72 197
226 237
17 102
36 64
57 90
102 193
17 140
196 221
126 227
10 227
133 227
35 209
40 62
128 244
17 246
17 70
12 232
27 138
27 43
178 222
178 212
112 113
35 206
35 55
72 214
72 152
75 90
140 170
36 142
219 221
221 225
86 128
52 70
62 80
203 246
12 204
113 208
191 246
113 241
12 135
22 70
