12.748666
149902
37
2069
151376
64 194
10 96
48 165
94 129
147 150
143 175
52 89
43 56
5 72
169 176
184 200
83 127
24 63
14 21
21 29
40 187
69 182
15 182
154 182
157 182
16 27
154 170
26 75
98 114
52 114
72 114
122 141
122 146
122 171
106 192
106 174
106 147
61 122
60 99
60 187
60 75
50 60
14 54
118 194
31 93
71 93
93 139
93 165
79 158
59 77
126 186
21 179
120 197
180 199
196 199
30 120
117 199
47 146
47 69
95 172
49 95
95 153
43 95
95 116
1 142
64 142
62 142
39 193
74 151
42 151
110 151
5 122
121 182
124 181
2 189
124 188
44 45
44 82
44 143
78 189
124 152
109 189
98 124
97 148
97 145
97 111
13 97
4 44
8 189
31 46
46 184
38 46
104 188
106 156
56 93
18 85
85 113
77 85
67 129
67 198
55 178
19 35
55 80
112 136
17 19
19 88
105 135
24 92
90 135
23 135
92 185
92 166
27 55
65 73
73 123
41 135
112 130
73 193
114 158
32 111
32 117
5 120
108 155
66 163
82 163
94 163
7 16
21 122
128 150
128 145
68 199
144 164
163 186
59 200
60 63
118 127
120 125
76 199
101 149
119 149
79 126
125 142
120 156
113 183
157 183
39 76
6 28
28 169
28 49
40 54
7 106
70 133
50 140
131 140
101 168
38 168
87 88
87 89
34 175
34 134
9 86
9 58
9 12
20 162
70 179
83 100
100 109
91 177
91 119
68 108
3 161
29 167
103 160
57 191
81 107
3 10
53 107
33 159
33 171
51 103
96 167
115 167
3 190
33 84
41 137
22 102
37 137
11 102
137 195
25 57
114 144
20 138
162 189
114 132
26 36
151 164
76 112
36 173
107 176
135 170
103 138
57 173
102 132
9 104
