46.066169
1
98
59457
82987
79 255
315 328
243 270
192 241
33 228
3 341
68 93
301 333
113 219
169 197
152 338
48 187
34 48
8 48
48 89
48 200
86 143
318 343
43 175
130 285
153 278
156 285
164 285
123 250
62 250
72 250
76 278
219 343
250 284
285 287
253 278
297 344
304 343
51 144
80 101
144 258
24 144
196 309
151 238
69 207
69 229
259 304
151 286
151 298
151 303
28 69
106 246
103 333
103 286
165 203
103 129
36 223
263 335
169 312
33 312
57 291
125 335
50 133
132 264
57 79
6 264
133 175
135 203
137 312
42 152
118 223
117 246
114 133
7 57
251 302
113 251
42 348
42 204
19 301
19 256
3 264
83 203
19 188
86 246
197 223
243 335
251 326
191 224
191 234
191 241
2 105
306 316
307 311
84 154
88 211
120 248
84 127
84 91
121 138
122 240
82 254
282 331
82 215
92 209
140 306
102 179
102 296
99 201
97 248
96 208
96 147
95 311
88 192
104 228
92 181
111 280
92 108
112 305
90 184
88 310
102 288
222 257
185 201
186 226
186 252
189 306
190 244
193 311
205 236
210 269
212 273
214 293
216 313
218 236
183 293
222 283
235 242
235 255
236 272
237 279
240 345
244 349
245 287
245 295
248 300
249 313
279 320
128 233
282 321
131 240
282 319
280 327
138 178
139 166
139 176
139 336
146 157
149 184
150 222
124 184
273 332
269 323
158 308
158 314
268 313
167 170
265 293
260 341
172 201
173 233
180 245
49 202
10 347
10 292
44 235
45 104
46 75
46 199
46 342
10 18
47 158
49 52
12 104
53 279
54 260
55 266
56 119
56 195
56 322
58 60
59 269
60 261
60 290
38 266
23 29
23 163
22 112
23 206
26 273
27 138
30 167
31 244
35 49
17 346
81 82
39 85
39 136
17 194
39 267
17 98
16 274
16 115
16 94
14 233
13 280
71 96
70 146
63 247
63 168
77 186
66 289
2 142
63 337
68 266
78 260
73 167
66 231
66 160
2 161
1 146
65 112
5 270
5 89
5 109
277 325
277 338
74 340
182 281
40 340
107 281
196 340
87 217
87 344
93 177
159 262
159 330
100 239
37 324
37 317
100 187
4 213
37 101
100 171
64 177
4 315
177 232
62 159
15 176
15 83
48 297
297 343
278 343
144 329
329 335
57 143
43 110
143 275
245 329
63 329
46 143
92 143
220 259
43 155
69 134
134 220
112 297
2 230
230 293
5 230
126 259
271 297
221 230
174 329
259 350
259 294
103 309
21 155
80 222
80 167
80 235
116 278
67 80
11 69
21 275
264 339
42 339
43 174
9 230
144 276
158 309
20 43
220 240
4 285
17 220
162 250
151 276
244 339
203 294
271 339
11 191
104 350
280 294
225 236
294 311
146 225
10 41
139 145
145 269
145 279
41 233
25 56
41 186
23 198
25 96
198 282
25 273
82 198
110 162
41 67
67 198
61 223
126 299
32 251
133 227
246 334
141 312
20 225
177 225
61 138
227 306
16 116
66 116
32 49
32 84
248 334
9 184
148 260
39 141
141 313
102 162
148 201
25 299
60 162
227 281
