56.513313
62095
75
39147
65096
171 209
177 363
175 398
70 122
175 319
174 337
174 313
174 305
173 371
172 296
171 348
171 258
73 218
66 275
170 210
167 274
165 192
76 193
76 242
76 290
164 387
77 383
78 90
78 144
78 221
162 371
189 241
223 391
215 365
203 334
200 366
50 281
50 338
196 356
52 266
55 141
56 241
58 190
190 382
161 366
188 376
62 103
62 219
63 346
64 157
64 334
185 356
65 399
184 241
183 346
66 248
115 157
139 325
101 107
136 361
136 261
135 335
106 277
135 148
132 355
127 330
110 190
127 291
113 300
100 164
116 226
116 239
125 329
116 390
124 359
117 354
124 174
118 355
123 334
122 385
122 349
122 276
146 296
160 241
160 164
158 177
157 317
83 277
85 334
146 324
87 117
88 365
89 249
89 383
91 148
1 57
94 151
94 182
94 271
95 137
144 277
95 315
144 273
143 399
142 264
98 170
140 399
254 378
21 188
23 278
24 78
263 274
224 312
257 310
28 58
28 212
28 308
29 378
30 136
20 107
252 273
251 371
246 355
33 170
34 107
35 148
36 164
37 278
38 127
39 141
39 153
274 309
302 371
6 26
332 352
4 277
9 113
333 359
9 265
9 268
10 135
336 366
278 283
46 386
273 327
273 324
14 129
14 237
267 334
14 381
15 175
16 46
17 164
19 28
266 375
44 50
229 378
46 283
230 296
235 383
46 154
42 262
365 368
42 240
42 155
42 61
345 383
41 210
225 257
367 378
39 180
2 359
270 400
319 328
47 291
53 383
241 331
287 378
163 174
318 364
126 276
195 198
170 247
245 279
119 120
32 46
135 396
280 369
148 288
28 187
84 206
187 220
144 306
28 260
62 343
244 260
42 191
220 343
69 120
69 186
69 231
69 250
116 197
107 197
197 342
73 197
95 181
118 353
62 353
177 234
228 321
50 211
211 266
299 349
7 82
82 266
149 203
9 149
51 57
45 51
51 186
245 247
211 311
126 288
97 396
175 397
157 397
22 111
26 159
111 224
211 280
159 238
111 392
97 369
156 227
156 189
40 156
13 156
298 334
148 370
182 201
18 298
107 201
46 370
298 371
39 201
53 358
259 359
259 399
299 328
188 236
50 121
121 346
303 395
68 331
84 198
68 287
163 358
131 374
236 311
54 380
99 297
8 179
9 194
76 194
179 207
55 179
194 366
128 136
128 190
44 128
394 399
93 394
234 301
166 190
166 378
206 304
139 304
34 339
339 399
3 249
3 18
72 127
72 92
60 346
208 307
13 86
278 307
60 356
86 112
188 232
177 232
253 272
43 178
214 217
142 269
217 322
152 267
152 384
217 389
43 264
43 223
279 285
5 351
7 285
290 314
284 383
108 316
108 312
284 325
284 323
282 285
114 314
108 145
269 294
133 231
19 269
133 286
5 208
5 27
195 216
216 352
92 233
233 300
166 270
12 379
135 295
75 295
159 301
131 298
138 282
138 340
47 253
159 364
11 297
109 388
40 109
147 388
147 204
100 289
213 341
96 289
256 377
256 391
14 243
75 341
81 374
81 181
31 104
27 104
71 340
71 125
164 202
117 202
11 152
32 306
122 168
168 171
66 169
169 257
176 395
176 360
95 150
150 199
150 214
320 362
192 362
79 80
79 93
74 293
74 359
49 59
49 218
205 347
77 205
326 365
296 326
292 372
318 372
134 389
66 134
145 222
222 257
329 373
350 373
262 373
117 393
67 393
130 344
31 130
255 274
102 367
42 255
102 228
102 105
48 165
48 54
48 357
191 379
119 197
12 25
321 380
111 303
25 243
