47.190734
43117
64
11903
71708
141 318
111 253
116 293
117 353
120 247
122 200
123 142
124 259
126 183
127 221
130 293
132 341
135 286
137 367
140 182
110 182
142 287
144 230
144 253
144 358
146 353
149 237
151 311
154 322
159 207
163 294
167 316
170 341
173 346
175 235
82 122
46 291
47 187
49 122
50 267
53 318
57 296
63 286
65 346
66 311
70 185
73 233
74 157
74 219
74 234
175 243
83 286
84 295
85 245
85 249
85 273
87 182
91 267
92 220
92 258
95 142
96 237
101 226
104 233
107 346
292 303
236 341
237 264
247 389
251 357
255 267
257 353
259 344
265 388
267 321
267 355
274 322
275 289
277 290
290 330
233 300
293 302
316 359
316 380
318 390
322 352
322 373
323 352
323 366
323 398
357 400
364 367
367 372
378 388
388 391
206 209
175 308
176 294
180 275
181 357
184 225
185 284
185 399
186 243
188 220
189 319
192 280
196 311
197 226
205 346
1 165
208 221
212 228
213 253
218 275
220 240
220 385
221 327
223 295
225 363
226 314
226 379
228 360
231 295
13 228
29 199
25 45
24 259
23 237
31 47
34 144
20 196
19 45
17 386
15 290
35 85
8 295
7 275
39 46
39 381
3 225
2 388
2 293
2 221
1 227
1 10
45 166
46 113
117 272
67 158
6 228
232 395
30 122
198 256
129 367
121 204
62 231
7 217
80 329
165 312
203 261
228 266
182 375
46 343
320 381
77 328
253 350
156 313
216 259
253 377
134 288
226 288
33 288
143 361
238 392
27 56
51 286
69 253
69 282
69 331
22 59
201 283
214 270
228 368
281 346
281 335
160 339
139 219
55 262
55 142
318 326
89 326
194 326
288 312
93 345
319 370
177 370
152 370
79 276
263 393
295 301
301 324
301 341
118 158
118 194
118 313
201 301
44 118
12 396
144 396
45 131
131 220
131 285
156 343
71 326
1 307
307 318
36 368
20 171
9 171
171 296
121 171
27 281
155 372
155 259
61 387
199 387
13 193
85 193
118 204
5 161
12 161
2 106
22 310
190 275
190 322
283 310
239 361
145 338
144 347
323 347
112 119
119 162
119 185
98 119
119 260
112 172
93 217
72 353
72 294
30 172
71 387
26 346
26 260
191 269
323 351
56 216
320 377
62 171
276 351
316 382
174 382
214 266
59 215
215 232
26 395
28 134
28 329
28 90
36 79
35 60
130 365
174 365
150 365
115 294
60 272
37 229
252 269
125 133
107 125
185 246
246 267
50 76
11 76
54 76
292 309
17 309
241 309
102 179
33 179
6 365
242 297
203 297
247 306
237 306
147 341
147 290
340 397
258 340
21 289
21 178
286 374
247 374
32 207
29 32
115 198
138 253
109 304
73 211
15 211
55 278
105 256
105 143
133 325
48 325
75 167
75 145
80 131
168 278
191 263
328 338
114 299
264 299
14 322
14 74
42 189
23 42
18 42
334 369
128 369
169 242
169 270
169 384
303 369
139 252
168 239
62 309
148 279
261 279
4 286
4 233
38 140
38 334
311 371
47 371
281 305
41 224
41 220
51 392
88 248
159 248
58 354
153 206
43 357
9 64
52 153
64 394
43 175
177 333
57 164
68 356
333 348
164 183
148 304
160 305
94 209
40 314
40 376
100 138
287 349
195 349
47 244
16 244
65 86
86 103
108 280
108 317
16 315
268 315
210 238
210 271
332 383
223 383
136 250
192 222
78 222
99 225
99 295
81 337
186 337
285 337
262 362
342 362
126 254
202 254
154 336
97 336
118 298
77 94
37 298
100 250
68 350
281 354
69 108
