55.271789
75408
68
3254
77468
112 138
96 180
96 345
98 309
100 305
100 345
103 117
104 249
105 270
105 343
108 152
108 216
108 231
109 319
109 328
110 242
95 325
112 151
112 260
114 317
115 340
116 135
117 234
117 235
117 240
118 263
120 302
125 133
127 278
129 150
131 189
135 214
80 175
57 263
59 206
59 243
59 316
64 343
67 94
68 76
68 178
69 220
71 131
74 145
75 113
75 213
77 306
78 270
135 294
81 278
82 241
83 220
84 154
86 171
88 208
88 211
88 236
90 135
91 239
93 262
94 237
95 194
95 197
247 255
176 241
179 291
184 257
185 263
187 201
190 330
198 229
200 346
202 343
224 245
224 321
225 268
227 229
229 338
240 278
175 226
252 341
257 303
264 278
264 350
266 272
266 348
270 279
270 315
274 346
287 296
287 310
293 309
307 340
309 332
159 201
139 257
140 171
142 201
143 241
144 247
145 304
148 242
150 283
151 155
152 346
154 177
154 199
154 254
155 171
156 287
2 145
161 181
161 246
161 301
163 183
163 195
163 323
165 229
166 249
167 302
168 280
170 340
171 286
173 220
174 265
6 330
5 45
35 98
34 346
33 108
30 270
5 182
29 68
5 217
36 242
52 146
28 287
7 255
3 111
54 56
54 132
27 330
53 305
37 302
49 255
38 109
39 78
39 103
46 96
39 215
39 219
40 207
4 150
40 277
40 289
40 339
41 88
56 141
21 257
3 97
3 102
9 75
19 338
12 249
1 239
56 106
8 318
17 337
17 250
17 209
17 93
56 156
13 224
56 193
8 169
8 164
55 163
22 175
23 266
24 305
162 334
97 342
56 123
119 195
241 322
128 182
27 101
62 350
48 62
62 292
59 62
62 99
119 123
87 186
59 87
87 121
14 177
261 262
8 14
261 275
14 117
5 51
51 323
60 175
56 261
60 174
77 261
51 271
112 244
278 331
124 331
14 284
26 60
51 311
107 244
25 295
25 218
25 114
128 322
25 342
42 143
42 246
66 188
66 303
333 336
89 300
89 175
266 336
89 144
336 340
161 336
11 89
3 149
149 168
149 220
300 313
83 313
73 299
249 299
149 311
121 210
158 210
124 256
158 281
334 336
43 229
17 43
153 343
153 346
26 281
107 256
137 285
137 280
65 162
72 255
148 232
72 249
130 232
86 232
92 232
72 135
72 95
253 320
48 320
133 320
63 341
38 258
63 346
196 309
172 295
241 276
94 258
163 196
61 63
239 258
18 172
109 276
131 196
58 108
58 88
39 335
15 193
70 179
201 267
20 96
222 279
19 70
191 222
15 47
68 282
203 212
31 75
56 282
150 335
242 267
145 297
146 212
147 314
147 239
130 290
139 290
62 101
269 317
85 269
16 209
16 204
32 263
32 270
18 136
136 205
44 302
44 257
52 349
291 349
79 349
238 344
56 238
73 327
221 327
35 308
308 324
50 223
223 294
122 228
228 271
236 326
192 326
160 312
160 329
248 252
248 288
248 289
230 298
230 314
225 230
259 273
259 306
10 231
40 251
224 251
10 347
47 134
134 312
25 233
126 233
60 157
20 89
31 126
157 297
