24.069814
75016
32
11688
154078
72 86
26 69
63 175
24 175
23 72
22 162
22 118
22 61
21 140
21 31
66 140
71 181
26 129
18 81
72 138
167 190
163 183
76 173
79 88
79 102
79 136
14 186
14 152
53 59
45 59
46 77
46 170
42 48
46 187
37 165
37 161
37 141
37 46
49 145
49 146
156 181
55 100
55 103
55 196
33 83
31 166
59 105
29 59
59 119
27 83
62 183
130 143
121 140
123 127
124 181
149 162
7 126
7 115
128 164
7 106
14 50
144 183
135 140
190 191
137 175
138 155
143 180
142 173
120 158
80 177
108 175
189 190
13 31
82 98
83 89
94 158
87 143
58 173
49 148
95 114
126 179
143 171
46 110
65 92
83 172
1 83
31 52
52 107
59 75
49 75
3 99
6 26
2 40
49 200
84 200
14 151
151 165
4 82
4 173
92 110
39 186
39 98
31 133
133 191
56 68
37 56
22 56
65 132
127 132
18 159
153 159
90 160
160 195
174 176
47 184
47 112
47 177
48 176
128 188
139 188
17 155
17 123
188 193
17 112
7 176
17 85
5 164
5 158
5 30
117 122
107 176
148 160
43 183
43 157
11 34
95 160
158 199
41 199
70 79
14 198
190 197
53 197
11 36
36 84
72 169
49 169
34 116
43 114
134 178
178 183
116 199
79 131
26 131
19 31
19 55
111 181
7 111
20 147
119 147
67 158
154 190
154 175
12 143
12 37
9 104
9 139
57 192
184 192
3 179
97 121
97 109
73 185
15 51
35 113
35 85
96 195
28 96
101 180
101 168
80 91
91 93
10 32
81 182
25 182
122 182
2 10
74 194
74 157
8 16
8 42
44 150
60 125
29 60
64 78
117 171
56 64
1 54
54 78
10 172
6 40
38 70
38 44
43 51
73 198
