5.138356
78787
14
2119
159900
133 138
16 21
22 64
31 82
34 44
47 82
48 82
64 117
67 72
78 108
80 82
2 64
86 92
95 96
22 91
9 75
64 70
5 35
82 124
62 73
60 105
17 55
38 123
116 129
41 125
82 134
28 119
49 119
51 119
14 46
77 85
8 134
6 59
6 44
24 98
8 119
101 120
10 32
26 128
82 83
18 74
74 87
50 74
6 104
17 119
58 130
111 140
42 115
101 104
74 129
109 135
135 136
10 135
74 111
96 135
3 132
1 93
93 138
28 54
76 93
54 79
54 112
11 24
42 84
127 131
87 127
77 116
37 39
39 50
85 119
30 110
29 135
91 93
126 139
30 93
80 100
100 136
7 98
7 132
6 97
73 140
27 99
6 84
53 99
13 33
13 114
70 94
41 123
63 107
89 107
9 90
89 106
34 106
57 133
49 57
19 71
18 19
61 103
27 61
46 60
29 99
25 75
25 95
94 97
5 90
81 120
11 39
72 137
105 137
20 137
36 122
62 126
36 53
65 118
12 40
12 23
12 20
23 65
65 86
52 130
114 121
1 121
38 121
69 79
4 69
31 45
14 45
52 135
78 113
15 122
15 56
55 113
92 102
43 68
66 102
26 88
21 88
83 128
43 124
