12.824393
112397
23
44321
119083
58 81
10 156
10 149
81 144
11 18
10 78
10 53
9 81
81 170
86 159
89 117
93 148
114 137
117 179
59 137
104 170
17 141
170 176
42 137
18 49
164 170
45 141
32 163
18 90
33 148
33 130
18 133
127 128
33 48
60 137
24 55
2 150
67 106
5 96
43 141
108 138
140 152
18 75
29 88
39 160
72 153
1 117
73 139
10 103
38 146
31 120
120 156
70 120
88 120
34 83
121 167
15 109
13 114
61 165
64 82
84 91
13 36
26 62
26 46
16 54
16 163
14 162
14 112
4 115
14 41
112 115
16 52
111 122
36 115
57 74
98 116
124 141
124 135
22 78
22 151
120 160
10 87
81 97
97 154
60 87
162 174
91 99
63 174
8 65
8 93
2 26
84 125
109 152
26 125
102 166
25 102
101 116
15 69
47 105
105 145
105 151
105 138
29 109
26 108
96 116
127 171
56 168
128 178
55 158
49 56
77 158
169 178
95 171
171 177
56 129
72 120
1 131
113 132
134 135
20 134
25 134
69 98
68 79
75 116
34 57
41 158
82 113
52 158
131 132
36 134
7 50
3 7
7 33
7 166
115 165
30 175
30 67
14 64
99 106
51 100
100 117
66 143
66 170
6 83
6 150
85 180
85 153
19 81
40 107
44 173
140 173
51 107
19 33
68 101
43 178
28 95
28 118
115 157
61 167
111 157
38 109
14 73
12 80
80 155
21 136
35 172
23 76
122 147
27 147
32 110
37 110
123 139
123 159
3 161
142 161
92 126
70 92
4 94
71 94
23 24
119 155
10 119
74 136
35 103
