30.545787
174
35
78
234255
42 55
58 98
57 60
56 137
56 121
55 97
55 75
54 98
53 116
53 86
51 94
46 83
45 130
44 112
44 88
43 101
59 134
41 133
41 50
41 48
1 80
36 116
35 56
34 101
33 77
32 108
30 120
30 99
28 135
28 109
28 47
82 140
128 134
126 129
113 140
110 139
108 132
107 123
107 122
103 130
94 115
94 104
87 139
87 114
85 110
83 95
39 130
77 91
77 86
76 83
74 140
71 110
70 80
69 116
68 116
66 114
64 134
63 114
61 140
61 65
60 107
20 80
5 61
16 105
23 47
23 30
16 117
22 100
22 49
21 41
4 127
6 44
17 55
7 98
17 101
8 9
18 108
17 130
13 129
27 61
26 84
12 26
13 29
26 62
2 22
3 45
4 15
13 93
16 81
10 101
4 111
8 92
8 67
96 118
14 121
68 89
46 89
89 138
25 37
22 131
83 131
13 131
72 117
72 116
72 114
26 72
38 98
38 80
38 77
30 38
79 98
8 79
89 96
73 134
17 78
24 110
24 108
24 41
4 52
28 52
14 37
22 136
115 136
25 72
119 124
118 124
3 19
31 102
11 44
54 102
40 56
19 57
40 61
11 107
19 106
11 140
90 125
73 78
89 90
