76.897599
1709
81
450
73080
115 253
119 222
118 226
117 294
117 284
117 260
117 188
116 272
116 224
120 128
114 283
113 277
112 203
111 263
111 157
111 141
108 222
105 285
133 211
142 268
139 189
138 251
138 161
137 213
135 195
134 165
133 285
104 288
132 223
126 268
125 138
122 277
121 206
120 287
120 212
84 103
92 136
91 275
89 145
88 225
87 206
85 204
85 148
85 110
92 218
82 211
79 277
79 213
78 103
77 221
75 119
74 284
96 117
104 244
104 154
102 280
100 277
99 192
99 189
97 297
97 273
143 284
96 116
96 103
94 252
94 159
93 184
92 267
92 223
197 274
208 274
208 259
208 256
207 285
206 266
203 249
201 261
199 226
210 279
196 247
196 216
195 265
193 275
192 257
191 283
189 262
226 250
292 295
281 285
245 283
240 278
239 296
239 286
238 261
237 284
186 273
223 243
221 300
215 270
215 232
213 298
213 241
211 246
158 291
167 278
167 221
166 247
165 234
163 229
163 185
162 237
162 165
168 203
155 227
148 242
148 231
146 221
145 231
145 230
145 214
177 227
185 291
184 194
183 209
181 211
180 223
180 195
179 283
179 206
94 123
175 253
174 225
172 223
171 278
170 215
170 208
169 278
31 215
36 280
35 239
34 295
33 104
32 293
32 264
32 196
32 144
38 226
30 295
29 153
29 98
29 79
28 29
25 119
24 180
24 173
43 71
47 291
46 97
45 124
45 118
45 95
45 90
44 103
43 280
24 69
42 186
42 118
41 195
40 86
39 289
39 216
39 133
39 48
10 11
15 37
14 42
13 86
12 210
12 184
11 219
11 196
11 107
15 151
9 247
8 42
7 148
6 183
5 56
4 72
3 261
2 86
21 268
24 52
23 254
23 83
23 26
22 228
22 170
22 129
22 62
72 200
20 193
20 184
19 183
18 66
17 85
16 163
15 156
56 160
54 253
55 97
55 111
66 187
61 275
56 149
58 276
65 203
65 120
64 295
55 138
64 183
66 197
56 213
57 210
58 76
64 86
67 116
58 164
68 225
53 247
65 268
73 163
72 198
72 179
60 192
140 178
152 290
65 236
131 233
55 63
50 79
50 192
63 96
50 255
63 64
51 66
51 92
51 163
51 269
213 235
170 235
182 230
182 284
182 225
182 291
148 176
104 176
23 27
27 145
80 280
80 253
119 150
150 239
70 180
70 167
59 275
59 94
85 106
58 106
165 299
261 299
205 255
202 205
81 217
108 217
33 217
1 271
1 130
178 282
71 282
190 282
167 282
179 248
133 248
101 227
101 210
15 101
109 236
13 49
49 128
127 152
109 127
233 258
147 258
140 63
101 290
220 227
133 220
50 131
