10.876333
147478
21
87443
154452
63 155
28 146
84 142
31 82
31 97
26 110
31 141
98 106
55 64
24 152
9 114
9 44
8 146
119 142
6 142
47 98
64 145
40 64
140 150
135 156
3 52
3 54
127 146
4 36
24 98
21 98
53 71
76 133
74 128
107 126
58 94
46 95
61 102
12 42
9 89
7 146
15 31
20 31
30 123
13 80
73 145
87 99
73 153
73 98
87 138
2 29
2 155
21 87
71 149
88 133
81 88
1 149
88 121
46 149
117 149
2 5
19 158
19 153
19 154
88 138
32 41
25 64
25 59
9 122
121 122
118 159
118 140
66 118
27 146
27 85
13 78
144 152
38 160
95 160
10 23
83 123
83 92
111 130
130 134
4 83
19 53
18 26
18 91
5 144
43 144
104 158
86 104
41 76
67 72
67 134
142 157
33 49
49 94
15 65
70 93
36 93
39 68
35 39
77 79
63 77
16 85
16 69
59 105
1 143
62 105
56 143
57 159
57 135
20 60
75 90
117 120
68 120
109 137
64 131
3 131
45 107
45 128
113 116
3 116
14 147
17 129
12 48
7 89
19 60
58 100
126 136
11 124
11 56
51 147
102 125
97 125
125 139
34 38
2 129
74 78
61 100
65 130
103 124
103 108
87 90
75 80
37 150
37 148
42 96
96 115
96 113
22 50
23 50
88 137
110 151
112 151
30 109
144 147
51 132
101 132
17 118
14 157
10 101
18 34
