42.460273
350
49
10
116060
72 117
115 175
59 95
95 119
95 145
63 67
63 71
63 179
45 126
45 140
45 176
18 23
18 57
18 133
18 161
8 48
15 90
8 101
8 111
8 126
144 178
89 105
89 117
89 138
5 107
14 81
14 85
14 171
4 102
100 102
53 102
5 108
5 124
5 131
54 76
54 110
14 63
45 178
29 40
40 132
40 72
61 115
61 154
3 61
39 75
33 177
32 159
38 58
142 177
37 114
34 39
32 88
36 83
42 106
84 173
44 173
80 137
46 103
47 83
49 153
50 83
51 116
77 106
69 153
65 92
56 64
58 151
58 174
60 177
1 104
106 172
17 137
16 147
103 122
16 66
16 19
103 156
104 113
13 64
12 20
31 168
112 168
9 25
114 136
7 104
116 143
116 167
118 168
129 150
129 160
20 70
30 137
91 129
92 155
92 163
26 39
25 165
25 41
135 153
24 152
24 96
98 173
24 35
23 64
22 114
21 32
20 130
64 146
146 153
146 177
90 168
90 137
90 114
102 127
2 10
2 123
27 99
27 55
120 158
10 158
107 158
11 158
82 119
20 79
92 127
16 68
32 68
39 68
79 116
79 104
58 127
27 178
93 94
8 82
146 170
14 82
45 170
146 164
35 52
2 127
139 175
78 139
87 148
97 109
141 169
43 87
109 123
120 141
74 141
93 109
15 149
86 149
6 90
28 95
24 82
18 128
89 128
40 94
102 166
134 178
129 164
7 157
94 106
61 162
73 169
73 148
54 121
25 28
2 180
103 128
121 173
83 134
68 125
79 125
54 157
6 180
162 170
62 170
62 125
