12.270062
270
21
56
183941
91 95
26 54
43 47
43 65
43 125
20 125
109 127
107 109
68 121
9 54
53 73
99 104
17 41
16 66
15 104
66 133
95 114
53 61
114 119
75 94
66 102
33 120
32 126
3 32
32 87
5 49
5 51
29 95
5 88
5 103
42 105
81 109
27 53
54 115
26 69
4 100
96 131
19 58
10 45
63 95
37 92
30 109
82 106
34 106
4 106
106 123
97 106
54 108
17 137
13 134
35 137
13 75
13 45
8 137
46 97
43 46
52 93
8 52
38 138
38 102
33 132
85 132
92 132
67 82
32 67
83 109
55 83
48 90
89 90
94 111
111 136
112 116
25 57
56 86
56 68
11 105
11 139
21 49
21 126
36 113
22 101
5 71
71 89
10 44
12 78
6 12
66 117
43 117
90 112
30 84
36 84
44 106
62 118
31 62
90 113
72 120
72 119
18 55
18 79
39 66
6 39
2 135
24 50
24 138
118 135
28 31
20 59
23 28
122 124
28 98
40 59
59 140
34 122
64 122
58 131
37 100
14 63
14 70
44 137
41 60
60 121
80 110
77 108
57 70
77 116
104 130
53 130
1 76
69 74
1 93
1 96
74 128
21 22
124 129
42 129
7 140
7 104
7 98
101 110
