8.435418
234706
13
87
245690
35 70
71 83
71 78
69 84
19 98
68 70
25 38
27 39
8 98
29 36
57 62
33 39
37 59
75 77
37 90
39 45
54 75
39 52
53 70
42 71
81 86
2 37
48 86
87 98
72 98
12 75
37 60
21 43
27 56
3 46
39 88
86 97
31 41
70 100
98 100
73 100
10 17
4 17
4 85
18 85
69 85
55 71
9 55
55 95
5 71
5 82
58 75
58 86
17 72
61 86
23 26
26 29
62 65
16 84
16 67
16 52
16 22
17 43
13 41
22 96
15 40
12 44
38 66
59 66
9 11
11 89
28 47
51 74
40 47
74 76
15 44
28 51
56 76
7 34
34 99
49 61
31 99
68 79
79 83
13 21
3 14
14 88
7 20
63 94
20 60
1 97
50 67
50 93
30 80
73 80
36 64
6 64
25 64
8 24
24 92
91 100
32 91
1 63
32 65
