5.066197
224094
7
221397
227259
57 72
11 14
65 92
66 92
11 16
71 88
8 80
8 11
7 49
29 35
7 21
29 72
43 90
43 79
4 95
87 92
43 60
34 72
43 67
7 53
26 39
61 100
11 50
89 99
72 85
40 91
10 90
33 36
11 12
72 73
37 81
7 58
45 100
22 39
17 20
6 51
76 94
78 94
95 98
64 98
67 75
46 64
7 46
53 75
23 76
5 84
43 82
2 78
4 96
35 96
18 85
48 92
31 38
38 71
1 17
23 54
42 55
55 72
11 55
32 42
31 32
1 33
88 93
6 93
58 62
13 68
68 73
18 20
51 61
44 50
44 69
22 69
54 73
25 66
25 70
41 99
2 84
30 91
26 48
13 74
10 41
12 37
30 74
19 59
28 47
56 81
15 56
70 83
3 83
5 28
52 63
62 63
9 77
9 27
43 77
27 97
19 24
24 86
59 82
