4.009983
192761
8
274
231446
13 41
43 66
43 63
43 56
70 85
40 51
38 44
29 35
2 100
2 47
11 76
17 90
2 4
77 87
67 83
53 86
89 99
50 57
52 92
7 92
12 68
43 84
52 69
89 95
82 95
70 95
75 95
35 91
31 91
61 91
46 91
2 37
34 55
36 50
42 76
24 42
29 42
1 64
6 64
40 64
5 64
42 83
49 87
11 49
66 88
15 25
25 31
82 98
58 98
14 21
7 21
20 84
16 51
3 18
46 93
6 93
5 10
59 65
16 23
73 91
37 73
36 53
57 71
10 58
28 86
2 28
27 44
26 27
23 27
69 71
48 78
78 90
18 95
34 64
9 39
30 62
39 59
9 55
72 97
14 88
62 77
3 60
32 74
12 60
20 78
8 33
1 33
79 96
38 96
45 68
22 45
13 80
80 85
54 81
41 81
8 19
19 94
65 72
74 99
