34.660921
65917
45
38
86589
38 141
50 104
101 216
101 230
48 81
46 159
108 204
111 230
114 121
44 52
43 249
120 199
41 230
40 153
121 136
121 176
50 151
121 192
36 55
35 138
125 205
32 46
129 153
28 148
28 130
28 106
27 241
136 227
137 141
138 226
25 71
25 54
98 147
78 98
1 110
81 152
73 111
71 155
81 240
71 119
70 101
69 227
81 244
84 199
85 90
89 94
64 141
96 230
30 101
62 231
98 175
60 117
59 186
59 151
100 220
56 222
56 161
56 58
55 196
55 149
55 75
53 81
101 108
50 233
7 19
165 199
178 204
15 74
180 249
183 186
186 188
187 212
193 229
196 228
9 223
9 160
9 146
207 227
8 224
8 212
143 229
6 211
6 181
208 239
6 31
209 212
224 249
227 234
229 241
231 247
238 249
2 46
1 170
1 162
1 136
20 71
24 204
144 229
150 153
22 52
21 52
157 231
20 86
20 72
18 37
19 219
19 198
18 181
18 107
18 76
22 214
51 116
55 243
19 197
136 197
101 203
150 203
56 203
14 243
20 164
169 230
14 203
98 127
127 153
101 206
195 206
29 66
157 250
54 250
189 250
115 250
4 33
56 66
89 92
66 186
92 118
16 92
33 65
33 81
92 133
33 199
12 128
189 232
171 221
47 49
49 75
145 242
28 242
99 133
77 166
80 91
91 141
42 131
174 228
144 174
52 215
106 215
215 249
13 126
34 213
213 220
161 213
118 213
124 200
200 244
105 200
85 200
50 190
185 190
9 95
95 231
60 63
67 68
57 63
63 217
67 168
67 185
66 87
245 246
124 246
134 230
19 134
88 166
37 83
83 160
17 103
87 215
138 236
204 236
23 232
136 177
39 177
123 212
71 123
88 213
23 221
173 237
12 113
112 240
113 156
5 122
73 173
11 112
172 217
27 122
100 172
4 82
82 171
93 194
93 248
132 138
132 167
3 126
3 94
97 239
3 182
97 125
61 97
20 154
46 154
26 205
10 26
131 163
102 163
74 139
139 225
139 168
45 235
29 45
116 242
179 201
51 201
158 167
80 158
79 208
79 140
20 191
191 218
90 184
109 184
202 218
142 202
194 210
135 169
99 103
128 164
79 135
13 42
203 210
