9.616762
118432
16
263
176011
73 74
24 104
25 49
1 78
41 104
42 113
50 57
50 82
50 110
56 61
8 113
7 104
77 109
78 83
78 99
81 109
103 109
78 112
102 109
92 109
89 118
104 114
4 73
89 111
113 117
87 104
11 84
54 113
38 40
52 98
26 40
104 105
37 94
3 90
44 109
44 58
44 89
73 85
115 119
50 76
8 76
35 91
35 72
35 59
35 56
39 53
39 84
39 102
27 28
23 67
23 104
23 106
61 63
63 70
63 92
47 100
39 95
55 71
34 51
34 62
15 34
13 108
91 108
5 51
5 66
5 59
2 31
2 120
10 109
10 78
93 97
20 97
97 120
97 98
32 55
18 32
27 105
95 116
43 90
54 116
28 43
30 46
21 46
33 109
21 33
30 88
31 88
26 85
20 45
45 73
52 75
16 119
23 38
80 86
86 89
3 100
16 35
63 101
6 29
29 113
17 58
17 36
96 107
67 107
12 22
12 25
71 101
9 64
9 87
75 94
48 69
69 106
6 60
60 79
19 68
49 68
65 80
14 65
68 83
