53.449286
10669
73
193
70532
216 424
203 420
99 359
99 258
99 165
247 422
98 121
204 426
213 419
216 410
91 437
203 342
47 168
47 262
47 272
89 144
47 362
88 441
219 276
84 415
49 119
194 322
118 397
118 135
280 297
276 416
275 427
115 194
114 344
114 301
275 402
111 391
84 153
199 266
203 239
270 274
269 442
266 430
259 269
41 274
105 306
103 107
66 369
227 385
227 256
62 105
63 163
63 182
74 276
63 382
73 263
225 249
65 126
227 431
72 215
68 149
71 132
68 241
70 276
225 303
70 103
70 133
70 167
79 101
49 348
49 425
83 112
82 105
80 147
79 265
52 80
79 129
239 294
114 152
221 256
54 266
55 415
58 123
77 140
75 367
75 336
75 286
230 381
143 443
170 340
170 358
148 437
172 238
373 383
172 249
172 291
14 173
15 159
144 314
11 404
142 215
340 356
173 211
17 63
18 67
173 236
140 384
18 331
18 354
140 377
386 443
401 415
159 428
159 349
3 419
4 80
5 132
159 235
158 389
158 200
157 345
120 172
157 333
8 158
8 334
9 157
156 282
156 194
154 172
151 274
11 102
11 209
125 275
285 419
25 294
287 398
325 340
323 391
121 122
31 173
123 313
180 225
128 230
181 203
310 391
300 373
294 395
295 441
126 319
132 407
118 436
23 159
21 216
23 144
328 373
173 361
134 441
173 365
427 450
76 318
176 230
380 440
49 277
214 324
37 157
191 203
19 411
11 293
320 443
96 126
140 224
222 406
47 350
57 315
26 340
90 437
110 435
183 417
51 417
252 417
106 423
2 284
108 178
90 188
203 299
412 435
57 146
20 146
227 242
203 242
49 242
242 300
242 269
194 278
13 70
13 274
13 373
112 273
273 291
273 283
206 273
13 450
237 242
225 374
157 374
144 374
187 340
220 326
108 255
222 243
5 243
243 371
243 337
146 388
223 351
351 398
10 106
400 403
99 316
281 435
195 215
281 400
173 353
6 353
326 412
146 279
246 437
205 266
70 205
243 321
13 248
195 352
187 248
237 246
255 351
191 351
172 240
63 240
42 63
42 437
316 321
204 394
298 394
252 394
24 394
96 326
37 59
46 276
299 406
59 388
44 214
24 409
41 409
39 159
39 230
188 360
215 233
233 346
46 352
146 350
132 338
166 338
158 193
193 294
123 138
80 138
47 357
140 357
68 208
126 387
387 445
22 152
124 448
206 448
158 339
253 445
35 253
30 368
253 418
253 290
51 368
207 368
93 368
202 339
10 360
374 403
81 117
117 197
117 153
132 355
64 355
2 355
16 447
16 272
78 202
178 185
45 185
104 185
31 48
48 83
264 391
136 264
310 439
173 439
6 341
341 378
205 411
33 269
60 144
60 289
33 393
78 440
85 124
85 123
155 384
334 372
76 372
244 372
161 359
161 335
196 231
80 379
189 379
150 438
150 159
289 376
36 376
130 392
35 130
232 349
232 375
163 330
19 38
38 311
12 330
1 136
1 446
28 392
28 413
309 346
309 329
332 364
183 364
87 399
247 399
177 244
196 220
162 399
162 177
44 279
312 403
296 357
22 296
169 441
121 169
78 293
257 292
257 432
155 320
69 229
27 69
127 218
127 419
53 366
53 123
34 74
34 228
304 419
304 443
132 175
18 175
160 174
81 174
212 217
213 217
271 329
271 302
93 267
317 390
97 358
97 433
29 434
211 363
141 254
66 414
50 164
184 363
61 221
61 234
40 287
327 414
261 263
261 335
40 131
73 141
75 186
251 298
251 268
26 278
79 92
92 114
245 297
171 245
94 210
94 274
100 408
20 408
107 116
56 116
190 429
190 418
190 317
43 99
43 95
216 288
7 354
7 229
7 308
288 415
288 391
32 347
32 268
139 145
145 282
421 449
366 421
27 444
370 444
250 280
86 250
369 405
182 405
260 405
137 201
95 201
198 212
121 198
68 396
105 396
179 210
179 343
109 118
250 324
208 315
242 305
126 226
226 292
192 307
284 434
186 305
113 312
50 390
109 113
267 307
