51.266388
4258
61
3737
82233
99 113
88 202
88 248
89 133
91 286
92 251
93 113
93 147
94 238
95 175
96 112
96 143
97 98
97 125
97 198
86 277
102 147
103 114
103 156
103 261
103 278
104 107
104 152
104 224
104 226
106 132
106 153
106 253
108 166
108 201
77 274
57 254
58 119
58 257
60 145
62 84
63 169
63 190
66 161
67 136
70 120
70 237
72 297
75 250
77 210
110 211
77 288
78 139
78 188
78 294
79 255
80 175
81 223
82 87
82 222
82 273
84 173
84 252
85 116
227 250
163 270
170 194
172 213
176 264
176 280
180 244
185 251
186 259
189 268
189 300
195 254
200 221
218 281
219 251
162 234
228 244
236 259
251 265
254 264
254 299
262 297
263 266
265 297
266 282
267 270
270 279
278 297
281 287
128 141
111 133
113 126
113 191
115 122
116 242
116 278
118 290
118 295
120 151
120 240
122 206
123 153
123 296
124 170
1 250
130 209
133 197
134 170
136 183
136 271
141 150
145 232
149 223
155 244
161 208
161 210
162 177
162 187
44 91
34 96
6 138
53 97
35 141
36 176
18 259
42 238
51 273
38 243
17 123
35 77
10 266
38 135
12 182
38 50
49 118
15 176
13 141
38 65
47 281
23 54
30 189
3 64
3 196
23 158
31 238
32 175
3 226
3 275
22 122
39 108
26 147
20 88
38 276
28 116
264 289
82 230
73 154
83 147
21 91
245 278
23 258
164 249
144 170
88 144
142 213
142 256
142 264
142 291
51 142
144 147
127 145
144 246
19 76
76 270
4 76
203 214
203 266
40 203
86 203
2 130
2 217
2 256
69 76
56 76
19 167
128 167
167 228
167 260
88 178
175 178
43 94
3 43
243 269
9 269
109 192
45 109
27 109
121 237
121 221
121 159
216 224
101 216
138 216
29 283
29 77
214 241
241 270
179 247
179 183
148 179
235 298
136 235
69 216
157 175
157 161
1 41
41 251
154 292
146 277
73 146
82 272
3 272
74 199
83 235
5 38
5 58
127 164
100 238
100 250
95 105
38 61
61 145
61 281
63 233
97 117
111 225
117 122
225 289
63 174
174 270
78 220
3 220
14 91
14 106
61 246
184 293
184 275
168 233
30 129
106 207
148 207
171 259
104 171
131 172
131 165
11 37
37 77
205 211
198 205
205 239
205 281
55 113
55 96
181 244
21 129
8 120
8 189
84 231
24 48
48 110
121 258
204 223
123 204
7 46
46 218
137 285
137 223
16 177
16 192
27 212
133 212
25 285
25 90
12 25
52 215
215 298
200 284
255 284
71 266
71 118
33 162
33 108
59 68
68 182
160 229
7 160
140 144
140 199
193 292
193 231
