19.168449
37569
27
108
124777
131 135
45 58
112 135
38 170
116 142
127 142
31 38
130 164
27 134
106 132
27 80
24 53
142 143
21 71
19 118
19 100
19 81
19 25
70 164
91 147
91 171
92 135
86 146
85 106
82 164
74 77
98 105
1 58
98 111
98 137
60 61
59 98
57 145
1 28
52 123
50 96
6 57
13 157
10 57
9 106
8 158
1 120
8 72
8 70
8 36
157 165
164 166
3 27
15 91
15 163
16 61
17 157
2 47
2 41
1 169
2 11
48 106
69 95
2 93
46 91
10 114
44 98
34 82
49 172
26 172
37 180
37 102
37 61
35 139
37 48
79 106
77 79
57 149
39 149
24 79
148 149
79 176
149 164
78 175
138 139
67 153
61 155
38 101
101 157
38 178
61 178
37 64
40 172
88 126
55 103
103 123
103 159
81 103
26 88
36 88
29 88
61 87
19 161
142 161
5 179
37 44
88 138
20 108
1 97
97 135
69 140
128 140
42 83
83 128
23 62
23 84
23 63
23 86
18 65
18 63
51 160
135 177
2 177
64 150
99 180
99 135
56 99
99 162
103 160
51 93
40 150
87 95
35 129
33 129
76 129
65 117
55 117
76 173
151 173
114 175
14 49
14 163
78 119
30 119
96 110
66 174
110 116
89 110
66 74
46 179
113 122
56 113
22 109
109 112
68 107
50 154
54 107
144 154
67 154
115 121
152 176
32 136
71 167
27 125
29 167
4 121
152 168
43 156
22 43
45 90
90 141
39 104
104 133
52 75
73 75
94 149
7 12
115 124
54 124
7 84
108 155
34 136
107 153
94 125
