21.776300
26995
28
21344
85043
151 240
61 238
134 219
57 63
137 151
54 222
140 223
52 205
52 196
50 228
48 77
47 63
44 197
148 222
149 243
129 174
39 103
153 249
36 219
35 63
34 217
164 195
169 228
171 195
173 195
25 220
174 189
24 222
175 237
79 143
94 143
97 223
99 104
91 242
91 123
90 224
90 198
88 151
103 174
86 106
104 145
104 177
110 143
81 91
46 200
1 86
77 201
77 144
77 126
77 95
76 91
75 98
74 91
115 197
69 86
119 135
121 228
128 195
1 213
18 200
196 214
16 217
14 196
12 86
11 119
11 51
9 219
7 197
6 200
217 246
2 151
3 11
219 222
219 226
223 243
13 164
28 184
99 208
146 194
90 183
85 158
37 236
16 67
165 239
228 248
200 225
80 122
127 210
181 209
112 241
204 223
180 233
118 191
196 203
111 203
105 202
67 209
160 187
42 57
53 75
156 217
76 156
41 156
42 130
131 161
131 215
23 90
27 244
113 139
113 132
40 206
68 191
182 212
4 33
118 141
20 92
91 212
4 11
92 153
28 212
92 196
141 222
141 228
92 171
172 242
172 227
23 30
141 180
212 215
55 233
55 204
68 202
210 225
102 187
86 117
91 117
17 41
17 219
66 174
91 125
102 156
114 149
114 221
29 219
29 63
161 178
178 201
125 127
19 91
64 221
8 64
13 64
65 77
65 104
54 185
111 231
22 70
83 166
22 231
56 120
62 73
21 139
21 205
19 234
6 138
110 218
193 218
30 141
159 234
60 196
60 197
152 200
152 176
195 211
143 211
84 151
89 156
38 249
84 184
38 188
59 66
43 230
43 143
49 192
49 223
138 146
59 159
31 230
31 237
53 248
26 98
26 135
113 239
5 61
5 112
5 160
70 85
56 183
25 78
45 78
78 132
10 100
100 197
162 186
162 194
190 220
32 190
185 236
116 165
116 170
4 27
82 176
82 108
158 179
163 179
136 175
133 136
39 247
235 247
106 232
150 232
109 120
109 245
93 240
93 250
62 89
4 122
124 168
124 192
58 155
157 229
155 213
216 227
87 182
87 199
15 71
167 216
188 229
40 241
154 206
107 154
72 166
72 142
73 101
101 207
80 147
96 147
83 244
71 141
