61.549306
67155
68
2017
81578
171 200
65 274
66 171
66 190
67 131
178 250
70 77
70 78
70 279
72 156
73 143
75 160
75 172
75 273
79 98
64 248
79 198
79 223
168 268
167 278
85 176
86 94
90 145
91 156
166 181
94 174
94 295
95 259
96 290
54 171
44 242
45 290
189 221
47 221
48 300
49 124
188 231
50 109
50 136
50 239
185 202
184 275
52 278
99 127
55 144
56 131
56 280
57 99
57 124
181 227
60 204
60 230
60 257
61 226
63 236
64 111
64 194
138 218
125 272
126 300
129 240
130 219
131 290
131 294
132 157
132 201
132 292
154 289
154 207
153 215
137 212
125 242
138 243
138 262
140 233
153 206
143 164
143 253
144 186
144 298
145 176
145 189
145 209
146 181
150 182
108 122
99 193
99 282
100 167
163 275
162 190
161 202
102 132
103 144
104 107
105 256
105 276
107 237
107 285
1 62
113 259
119 189
119 191
119 245
119 286
120 154
121 290
122 139
122 203
122 298
156 214
155 219
124 296
224 231
16 187
16 208
16 280
233 275
229 272
18 97
226 265
18 254
18 274
19 75
20 226
21 202
22 117
235 278
22 247
23 253
25 41
25 232
25 283
25 298
26 212
26 237
27 82
221 249
29 80
29 85
280 299
1 87
1 241
2 171
3 22
1 35
4 95
5 212
6 168
7 40
7 59
7 288
8 153
289 298
43 115
280 281
10 124
272 297
259 291
13 82
13 199
13 211
252 272
250 264
248 300
242 255
240 280
31 64
32 179
219 222
32 177
32 89
35 300
35 203
36 46
37 140
32 35
31 106
37 147
30 105
30 75
192 226
29 92
43 165
43 102
43 53
40 94
216 250
38 270
38 269
34 168
190 266
38 251
37 261
35 246
51 215
102 234
17 100
14 24
159 300
110 280
155 210
35 210
33 219
33 264
33 70
65 170
170 220
195 225
23 195
128 298
128 205
118 159
110 118
112 122
112 149
238 258
149 238
39 238
63 238
102 238
158 197
150 158
114 228
146 228
27 135
71 135
20 228
58 158
57 158
24 228
129 135
12 107
12 64
138 284
94 284
269 284
272 284
7 175
29 175
151 298
57 151
28 212
76 267
76 217
76 234
173 278
153 173
105 277
189 277
267 284
42 271
172 271
135 141
169 259
169 242
68 278
68 197
290 293
156 293
180 181
84 180
39 101
101 244
81 106
74 81
14 17
148 152
16 148
79 142
142 171
18 142
142 246
15 202
15 250
11 190
11 168
37 263
38 263
9 88
9 84
133 275
133 143
60 133
152 196
116 196
36 196
35 183
93 183
83 93
83 134
50 69
69 181
46 287
260 287
213 231
213 223
123 231
22 123
