118.786758
39460
130
919
70093
169 193
182 371
182 186
181 419
180 401
179 317
178 255
176 239
173 384
173 290
171 288
170 190
169 268
183 308
166 283
165 377
164 445
164 322
163 366
162 205
161 321
159 349
156 260
155 432
155 195
201 222
219 265
217 336
213 388
212 377
212 281
210 431
208 318
207 211
206 367
205 281
204 303
203 349
155 191
198 227
197 422
197 400
197 209
196 206
191 222
189 364
189 332
189 328
188 308
185 205
122 414
134 156
133 250
130 425
130 299
129 170
128 303
127 435
127 303
127 259
126 155
124 403
123 250
134 245
120 395
120 385
120 302
118 375
118 339
118 279
117 437
117 252
116 306
116 139
115 428
146 317
154 398
154 233
154 157
153 198
151 345
151 181
149 390
149 301
149 192
148 182
147 415
221 410
146 250
146 231
145 297
143 245
142 378
1 246
138 392
138 295
138 264
138 215
136 258
301 324
318 369
317 319
316 317
315 324
311 373
311 369
311 350
308 372
308 371
307 431
304 341
303 399
318 434
298 415
298 410
297 353
292 407
292 324
289 375
289 368
286 403
285 428
284 314
283 426
347 401
439 440
415 418
410 413
409 422
403 449
366 435
365 410
364 407
356 412
354 443
354 362
349 416
283 380
344 356
340 440
337 420
336 338
335 431
334 401
330 426
330 394
326 414
325 327
324 391
239 392
249 265
247 280
246 411
246 296
244 378
243 354
242 293
241 280
240 314
240 277
240 251
239 393
250 363
239 334
237 414
236 337
235 314
234 431
233 399
231 444
231 379
225 337
223 341
222 309
262 355
282 440
278 447
278 333
278 298
274 341
271 366
270 288
269 348
269 329
265 375
265 346
141 164
262 301
261 382
261 364
260 423
260 304
259 417
259 389
258 276
258 263
257 269
250 381
40 283
51 169
50 327
49 206
48 402
48 287
48 103
48 91
47 101
46 407
45 211
42 170
41 181
52 407
40 173
38 248
38 111
38 98
37 427
37 307
37 199
37 67
36 336
35 288
34 401
33 351
60 132
72 299
72 294
71 240
70 112
69 327
66 231
65 334
65 194
65 109
63 118
61 83
60 433
33 253
60 107
59 403
59 288
59 117
58 191
58 175
115 325
58 64
57 116
56 431
56 230
55 262
9 36
15 330
14 245
13 216
13 123
13 93
13 77
12 356
12 197
11 383
11 94
11 68
10 280
16 261
9 27
8 311
6 189
5 101
4 428
3 178
3 54
3 44
2 352
2 345
2 103
2 20
25 446
33 160
33 127
32 414
32 269
32 38
30 211
29 289
28 318
27 443
27 168
27 62
26 130
58 119
25 408
25 307
25 53
24 230
23 65
22 396
22 256
22 140
21 388
19 260
18 330
17 377
99 238
112 388
95 297
79 370
79 312
96 261
97 125
97 386
97 438
92 117
99 273
78 230
99 305
77 99
100 242
101 443
112 170
110 354
89 415
84 222
85 378
87 321
88 224
88 369
83 320
88 406
88 429
101 150
83 158
82 198
81 255
81 214
81 167
90 278
80 262
79 450
76 77
114 289
108 135
107 136
113 149
106 182
72 387
72 421
73 321
74 259
105 324
75 170
75 320
104 405
104 291
76 360
103 337
104 174
76 404
76 137
102 226
102 361
102 275
127 152
77 172
334 357
307 441
207 266
86 343
208 310
254 340
18 272
32 272
272 443
121 203
121 146
121 369
59 121
191 331
103 331
86 218
358 366
83 358
218 254
131 376
131 135
254 357
184 301
313 364
266 441
31 205
321 430
31 327
31 246
3 430
130 430
11 43
43 240
108 424
211 300
228 283
129 424
169 228
202 330
202 260
104 300
181 228
81 300
7 424
120 202
152 359
43 343
172 359
323 349
116 323
72 323
409 442
397 442
300 343
202 343
371 442
144 442
280 374
197 374
79 220
220 242
297 342
112 342
258 342
177 339
177 314
177 367
39 356
39 245
39 97
200 428
187 336
267 341
187 198
232 375
164 267
229 378
22 448
102 200
232 298
230 448
173 229
83 436
242 436
184 310
31 313
