36.414211
443
46
77
89547
35 53
42 153
41 156
41 134
93 247
41 77
40 228
96 221
40 109
39 205
100 104
104 231
105 205
37 58
106 232
92 125
110 232
111 121
32 236
32 186
111 131
114 151
114 178
31 115
30 176
114 214
28 34
118 143
121 205
74 242
63 220
65 130
61 218
66 222
58 124
58 72
70 143
56 129
55 58
71 93
74 97
49 207
49 112
74 190
31 60
75 130
78 93
84 153
47 172
47 160
47 94
85 227
46 209
46 187
46 50
89 218
43 232
43 174
220 249
20 44
20 43
157 176
17 174
159 187
15 20
14 49
169 206
13 49
174 215
174 217
175 222
206 216
206 243
123 230
221 245
222 238
9 220
9 204
9 102
227 232
237 247
1 230
7 131
6 220
5 32
4 230
3 34
2 185
140 164
123 158
126 143
129 221
130 191
25 184
25 147
131 165
133 153
24 34
20 142
143 153
22 104
21 230
154 185
66 223
155 176
113 148
43 146
197 239
116 138
23 172
23 205
23 222
38 198
38 80
38 56
38 143
68 145
53 145
145 164
145 218
95 145
49 101
108 131
9 189
18 135
22 99
240 246
158 240
239 240
202 240
87 219
98 218
114 161
32 161
156 241
47 59
58 59
119 163
163 176
86 179
83 86
62 230
12 62
34 193
130 193
19 127
52 127
11 212
11 198
185 208
11 36
208 218
74 208
131 229
221 229
136 224
57 213
67 200
40 200
79 132
25 144
143 144
132 196
25 139
32 139
28 82
82 222
54 141
137 141
141 225
38 196
178 226
226 233
99 155
69 162
68 171
37 168
36 152
171 181
16 168
27 51
128 183
128 202
137 152
8 234
91 104
91 153
173 225
173 185
107 201
107 159
67 107
117 185
46 117
93 150
31 150
182 244
114 244
146 192
170 237
45 170
23 138
98 113
79 240
90 206
41 90
194 203
73 148
33 73
211 235
116 211
10 180
10 12
125 210
64 250
19 210
85 248
21 248
149 195
149 224
18 188
199 248
57 149
119 122
13 250
29 188
177 250
81 122
42 188
135 194
103 192
76 197
26 153
26 179
48 103
87 167
87 88
48 167
27 223
38 101
76 189
166 176
31 166
120 240
88 210
87 213
136 241
162 203
8 120
