9.083562
61048
15
2933
174868
109 118
8 13
74 75
8 15
24 109
38 50
8 97
38 92
102 119
61 105
44 110
30 119
12 109
57 101
110 112
51 105
3 6
53 61
2 84
2 82
65 70
24 43
16 119
81 105
67 109
78 110
108 119
2 49
76 109
38 88
113 116
2 46
47 52
63 110
22 62
53 80
20 55
1 105
7 18
73 86
95 104
25 58
90 96
83 90
11 70
90 93
11 57
37 90
54 90
11 54
25 94
11 58
8 10
10 119
49 56
32 46
4 106
56 76
27 55
27 98
74 114
77 114
65 114
2 114
87 111
47 111
59 98
59 75
19 59
108 111
4 91
3 9
9 43
94 111
71 111
42 67
23 42
32 64
42 91
19 48
21 48
5 39
20 63
69 110
38 69
28 85
83 85
23 79
79 99
17 116
59 73
62 11
5 72
29 86
60 100
22 100
36 89
29 95
1 86
36 78
63 72
45 117
68 117
17 39
26 113
26 68
41 106
34 41
45 66
14 66
93 120
33 107
7 115
103 115
35 86
104 107
18 120
31 40
31 35
