13.944053
58365
17
3566
255637
16 41
56 62
51 69
50 53
49 60
42 60
41 81
14 52
14 55
14 93
41 58
38 92
56 71
37 86
37 41
17 95
30 91
29 70
28 59
26 56
24 91
23 94
22 76
7 70
2 87
1 50
3 94
4 87
89 92
82 92
78 91
76 100
76 93
6 35
70 99
69 73
64 72
64 67
64 66
62 98
60 90
10 69
11 76
57 94
94 96
47 66
18 84
34 64
25 45
13 56
27 34
68 82
68 98
27 45
21 91
21 92
13 83
5 87
5 69
85 87
64 85
29 63
63 75
12 91
12 60
70 77
11 77
14 97
92 97
65 76
16 65
31 86
19 69
19 70
46 70
46 50
50 80
3 80
20 79
79 95
59 79
18 31
43 88
60 88
40 54
54 61
9 61
9 36
44 84
40 44
39 44
8 48
8 43
8 28
17 33
6 33
32 33
35 74
15 74
