99.122643
49939
113
12361
78166
165 343
181 386
180 386
178 367
178 344
178 275
177 336
175 196
173 377
169 232
168 281
166 378
182 431
164 366
162 387
159 375
159 331
158 389
156 274
152 434
151 323
150 348
148 261
147 255
192 229
201 249
200 251
199 272
198 368
197 409
196 315
196 239
193 410
193 290
193 235
192 441
147 176
192 206
191 445
191 293
189 398
189 210
188 433
188 381
188 303
186 438
184 438
120 297
128 351
128 308
127 369
126 408
124 269
124 241
124 225
124 154
123 414
121 365
121 216
129 163
118 326
116 396
116 209
116 128
114 134
113 313
112 413
112 359
111 418
107 323
105 284
134 142
145 353
144 241
143 360
143 249
141 404
141 395
141 368
141 362
140 352
138 399
134 294
203 210
133 384
133 369
133 256
132 304
131 289
131 195
131 172
130 418
129 444
129 439
291 430
312 372
310 358
310 336
308 366
305 398
305 307
304 376
302 386
299 360
299 332
295 314
313 373
288 405
287 291
286 376
286 306
284 311
281 319
279 352
276 394
274 382
273 385
272 363
345 428
418 448
416 450
408 437
391 407
383 418
378 403
368 419
361 384
357 408
356 434
351 401
272 341
344 368
340 348
335 355
329 429
328 343
328 335
324 378
323 390
323 375
315 329
218 305
230 436
228 352
227 271
226 353
224 355
223 232
222 397
222 333
222 312
221 363
220 389
232 277
217 363
215 434
214 337
214 266
213 244
212 400
212 243
210 386
208 385
207 295
204 413
246 368
270 338
270 316
268 274
264 369
263 383
263 380
261 364
257 261
252 371
251 440
251 402
2 98
245 271
244 250
241 321
241 248
240 414
238 326
237 284
236 409
234 299
233 385
46 416
53 391
52 416
52 215
51 391
51 184
50 260
50 137
50 106
49 399
48 326
54 159
45 272
45 176
42 388
42 325
42 253
41 353
40 392
40 212
40 115
40 55
69 431
81 436
80 399
79 278
79 91
77 306
75 348
74 329
73 93
72 281
71 244
39 426
68 394
67 394
66 310
65 306
64 123
63 103
62 414
61 270
58 79
56 297
13 128
23 438
22 85
21 249
19 272
18 159
18 22
17 252
17 75
16 232
15 191
24 173
11 81
10 343
9 116
8 430
7 214
6 147
4 297
3 128
1 355
31 321
39 423
39 185
38 437
38 409
37 196
36 405
35 304
34 351
33 386
32 366
103 431
31 295
31 270
31 121
29 263
27 334
27 296
27 223
26 121
25 271
100 345
101 133
84 259
84 298
102 139
84 309
93 292
93 190
85 205
96 194
92 313
91 191
90 415
90 317
85 449
86 210
89 112
88 252
87 212
96 322
98 282
104 329
81 446
97 369
98 435
102 363
82 405
96 265
99 228
300 304
244 283
76 219
254 263
170 342
167 281
157 188
157 272
157 326
157 393
95 391
95 309
95 306
95 244
167 349
95 170
254 342
147 211
191 211
141 211
117 353
117 210
117 348
202 318
232 421
421 438
202 315
124 421
202 375
31 202
347 421
112 258
258 261
352 370
269 370
305 370
109 354
171 258
242 310
242 263
229 330
330 369
129 330
304 330
119 330
301 350
177 301
258 300
238 412
295 412
135 393
14 110
193 420
27 374
386 420
142 374
110 387
133 432
274 432
44 297
44 272
108 366
108 343
108 385
267 354
78 267
108 171
30 378
30 249
414 425
30 408
84 425
93 425
90 122
122 284
122 131
30 119
28 349
28 283
379 431
379 389
241 247
81 247
327 379
214 247
379 418
160 289
14 160
50 427
222 427
363 427
135 219
187 319
187 422
187 345
43 345
39 43
183 361
59 372
12 183
59 320
153 280
82 153
153 389
5 339
5 76
285 327
125 417
125 173
25 125
39 83
83 90
285 406
411 434
178 411
173 411
136 146
19 146
40 231
42 231
57 79
57 394
399 443
368 443
417 442
13 161
405 424
20 442
149 204
70 409
47 149
212 346
134 346
291 447
192 262
60 161
94 139
63 179
94 174
70 98
27 447
155 179
96 424
262 313
251 346
109 117
