19.538502
49818
23
64
187513
39 54
59 109
58 107
58 85
55 60
54 76
52 102
51 85
50 82
49 54
46 77
45 83
60 81
38 109
37 107
36 109
35 85
34 93
31 112
30 94
30 32
29 107
25 80
24 39
75 96
112 115
111 112
102 106
98 102
95 97
90 98
87 112
80 116
80 113
77 88
75 114
2 11
75 92
71 111
70 82
63 91
63 84
62 113
62 111
61 77
61 68
60 104
22 98
4 69
16 30
17 102
6 45
2 86
8 19
8 21
2 65
1 8
20 54
10 111
23 107
8 14
66 100
75 89
18 43
42 43
34 43
8 73
44 73
73 85
14 43
30 72
72 98
105 112
30 105
2 99
99 107
67 109
67 98
41 93
41 78
102 117
12 26
12 69
12 108
53 82
26 53
36 79
21 79
47 117
52 56
56 82
28 101
28 119
105 119
4 110
40 110
66 73
43 89
5 77
5 92
27 33
27 76
27 95
45 74
74 75
15 64
15 57
3 54
3 77
7 13
13 68
63 118
60 118
9 97
9 48
63 103
2 103
64 120
2 120
