2.453968
4078
6
1944
204549
8 94
16 94
19 48
56 71
11 51
61 63
40 56
76 98
57 80
18 76
20 98
5 88
30 41
1 30
44 94
44 60
25 60
37 94
59 87
44 54
3 4
90 91
50 86
70 99
14 97
14 91
14 89
14 85
62 67
21 65
39 86
14 39
79 100
14 54
48 57
28 50
53 100
69 94
55 69
25 74
26 94
10 55
10 19
23 30
24 53
20 49
12 30
45 96
33 93
63 93
2 24
80 93
45 49
79 14
18 28
32 61
23 90
32 40
30 58
26 66
12 62
6 31
3 11
6 71
9 58
29 95
4 95
9 43
34 35
35 51
35 67
31 99
46 52
42 52
21 43
5 44
42 75
70 75
44 59
27 64
36 88
17 36
22 97
22 68
15 46
15 92
27 74
78 85
7 72
13 47
7 17
77 82
78 83
81 83
81 84
38 73
38 66
13 96
37 82
