47.747718
5241
52
115
171804
74 166
64 157
65 109
67 171
68 128
68 143
70 154
71 138
72 125
73 75
73 174
64 119
74 200
75 100
75 116
76 95
79 149
81 126
81 131
81 141
83 114
83 186
56 127
48 57
48 93
48 110
48 185
51 68
52 146
54 98
54 164
54 175
56 69
84 106
56 151
57 83
58 74
60 115
61 142
62 112
62 122
63 81
64 111
152 162
134 192
135 137
136 196
138 176
142 158
146 170
148 161
148 191
148 194
151 162
133 142
153 196
155 189
156 167
160 162
165 174
169 174
174 193
178 196
179 195
109 113
88 154
90 179
95 129
97 109
99 155
105 123
105 131
105 184
105 188
107 134
1 96
109 162
109 183
115 165
119 174
124 138
125 140
125 168
125 171
128 135
24 75
21 139
7 33
21 177
21 182
22 179
23 162
4 171
4 118
4 92
8 62
25 198
27 135
28 154
28 194
29 64
30 115
31 83
32 108
32 121
17 120
10 53
12 167
13 79
14 135
15 166
15 198
16 18
16 43
16 59
26 134
10 40
9 95
17 144
17 190
19 146
19 155
8 79
20 68
32 126
2 12
1 151
37 91
37 73
37 49
37 42
1 102
41 56
1 89
47 198
36 46
35 62
45 146
32 128
46 180
4 11
32 181
46 171
33 94
33 131
33 132
46 130
34 167
57 187
128 173
39 77
55 73
55 144
38 159
117 197
67 197
76 197
84 197
44 148
44 122
87 115
87 148
17 145
50 145
85 179
74 85
66 97
2 66
86 128
86 95
147 151
147 171
159 187
16 101
62 101
134 172
10 172
142 199
155 199
198 199
3 38
3 104
21 80
80 109
80 154
95 163
138 163
146 163
5 167
5 134
5 54
103 196
50 78
64 103
6 78
159 173
77 159
150 171
82 150
