18.284158
48098
25
144
131102
25 112
76 104
78 85
32 92
32 52
78 159
30 112
29 139
29 41
27 66
26 32
71 128
81 98
23 29
86 145
89 125
91 125
94 102
102 106
18 155
18 88
18 73
46 66
54 81
53 112
52 129
51 127
51 100
51 62
51 60
49 88
48 128
47 125
1 36
64 72
64 78
43 125
64 108
64 136
68 137
69 78
71 124
71 126
1 74
114 158
1 28
1 147
118 137
142 153
12 81
110 137
119 138
141 158
3 119
133 158
7 51
5 79
13 63
23 67
22 25
18 34
11 117
95 157
10 24
2 125
51 146
71 143
36 93
112 120
19 87
64 149
102 149
64 156
55 121
112 121
32 121
81 121
44 122
105 122
122 151
4 45
54 57
57 66
66 131
1 131
84 160
17 102
22 149
130 158
77 130
44 130
29 130
67 156
129 160
42 123
38 143
102 116
11 109
21 132
59 61
15 39
1 134
6 134
61 157
37 39
8 134
39 86
5 61
4 10
13 134
119 150
91 150
140 152
119 144
144 148
20 127
20 107
20 42
45 149
9 55
9 153
16 97
37 97
38 149
58 137
56 108
33 56
111 154
125 154
63 83
83 148
35 159
31 35
17 117
34 109
111 115
115 140
89 90
50 123
21 50
120 146
82 104
62 82
39 45
19 93
14 105
135 142
14 70
99 135
40 76
40 96
95 116
65 87
65 103
75 101
75 79
80 113
2 80
39 58
