20.404824
66552
26
69
162595
28 57
69 143
36 91
36 80
72 110
34 58
34 49
34 47
32 118
31 46
30 66
30 37
38 89
77 159
78 82
80 159
23 34
22 104
81 110
82 84
20 62
86 111
91 108
91 120
65 134
56 76
56 60
56 119
53 65
52 110
51 82
48 103
60 84
46 151
46 128
62 86
79 121
43 146
43 138
43 137
41 96
41 83
65 143
66 113
68 150
38 152
38 117
13 29
9 33
9 115
9 153
103 126
9 25
105 159
92 103
6 104
6 87
122 157
13 150
123 138
95 159
140 150
2 118
98 104
3 62
4 66
14 15
21 65
59 154
100 150
11 130
9 27
11 27
12 135
45 93
104 139
69 99
9 99
99 141
55 160
75 160
81 160
14 160
7 141
7 38
114 147
147 150
43 88
73 88
57 88
88 148
29 88
61 94
65 94
43 145
9 145
112 142
1 21
42 61
42 47
40 142
106 131
121 131
87 131
24 131
67 74
48 74
46 74
34 74
74 110
125 139
8 123
66 155
102 155
56 155
158 160
18 103
18 62
103 109
109 159
1 125
71 106
41 71
142 158
39 41
59 142
50 93
50 136
5 97
97 159
144 157
127 144
118 132
91 132
19 156
19 33
82 90
90 118
135 136
5 124
54 124
70 129
28 70
37 85
85 101
45 155
12 116
35 116
149 154
63 149
127 149
26 122
16 26
44 79
10 44
24 107
17 107
64 67
64 133
