6.721435
100209
18
32530
127707
10 92
91 145
63 64
25 130
41 107
24 27
63 141
85 92
92 160
108 142
33 95
19 113
48 92
49 130
16 63
68 137
114 130
8 67
63 150
59 94
38 133
82 130
60 130
61 148
12 14
35 53
33 65
102 128
63 124
32 104
136 158
24 100
62 96
3 76
74 120
78 151
55 85
71 153
43 84
28 30
28 104
28 110
18 155
31 138
47 97
138 155
16 138
105 145
81 105
71 105
105 149
29 40
29 81
29 110
51 140
54 140
37 88
11 88
61 65
65 109
69 98
125 133
3 125
13 125
56 58
19 122
77 122
57 144
59 135
36 135
58 89
65 97
92 119
87 119
68 122
109 153
65 94
79 90
20 157
40 132
77 132
70 138
70 134
93 134
29 44
17 65
4 88
124 129
131 147
41 42
137 152
117 152
65 69
46 89
50 90
99 150
22 73
28 56
35 65
18 148
100 129
20 50
125 151
52 76
47 120
2 116
2 95
82 159
74 118
118 142
55 98
45 102
78 159
22 105
67 123
106 123
34 83
83 91
60 158
15 156
32 45
52 99
9 113
9 126
5 21
6 86
6 87
23 121
121 128
43 99
72 114
90 93
4 72
42 44
15 53
8 42
14 28
101 143
136 143
54 143
22 131
75 111
112 139
55 62
57 154
26 154
7 144
103 115
37 115
48 146
66 146
80 107
39 80
96 127
1 127
7 131
17 21
75 84
38 139
