17.104276
140825
25
2091
147832
29 68
44 48
103 147
41 171
104 199
37 99
35 100
34 65
106 173
32 106
106 200
44 83
112 144
113 169
114 170
26 169
114 173
114 176
114 185
23 169
118 169
19 190
59 90
78 173
80 131
81 143
81 182
70 81
64 190
63 144
59 143
59 128
59 110
106 161
56 165
95 99
56 60
54 81
100 175
101 144
49 146
47 136
44 199
44 172
124 197
166 197
4 140
5 100
146 197
9 65
9 122
141 155
11 56
12 65
13 39
169 174
190 193
65 82
6 184
168 169
86 88
15 46
99 130
92 177
133 179
100 192
69 163
25 99
105 144
74 81
18 59
76 96
8 42
35 79
56 62
41 194
108 194
50 194
69 132
21 132
68 132
145 178
122 178
111 178
86 178
102 139
181 195
61 178
33 178
18 105
25 142
23 153
108 153
136 153
72 153
74 142
63 120
120 160
89 153
130 194
125 133
87 99
125 192
59 150
33 84
84 89
10 62
27 190
27 56
118 134
56 134
28 87
6 121
57 121
36 121
79 163
98 190
148 158
158 197
121 168
126 179
126 182
55 129
10 102
59 97
93 97
20 21
20 80
44 162
162 173
82 129
14 140
14 104
194 196
43 93
43 44
151 196
31 151
15 98
31 195
66 188
66 181
149 156
156 186
46 94
73 94
131 157
56 154
141 154
7 157
157 186
52 75
75 191
38 91
40 91
39 154
96 102
55 127
49 127
123 148
92 123
8 178
75 88
90 116
116 167
53 137
53 76
51 67
51 137
30 138
138 180
77 190
58 77
3 117
3 56
16 189
2 187
36 189
2 64
71 155
71 164
42 115
115 198
85 191
85 147
91 177
13 107
107 109
103 135
24 135
83 159
159 180
159 183
17 45
17 47
22 38
22 152
30 119
1 119
