21.237029
68144
33
682
72455
142 231
152 248
80 236
152 187
15 157
36 241
89 91
33 89
17 200
90 161
96 213
100 152
20 21
103 144
21 135
21 212
154 211
104 200
106 124
141 192
137 162
132 154
130 144
129 224
129 161
106 182
106 215
116 167
116 156
109 116
112 195
110 221
195 208
157 166
169 205
172 221
42 101
56 161
55 200
54 80
192 221
62 154
196 241
207 213
53 192
221 240
46 224
224 249
49 234
40 81
158 213
80 203
12 241
80 86
161 235
78 221
76 224
164 239
74 89
64 192
168 195
33 219
2 19
89 180
199 214
157 206
128 195
60 249
189 245
97 217
50 52
22 243
95 163
150 202
82 153
38 120
9 38
213 223
190 238
118 209
31 186
38 180
167 222
237 241
16 145
99 106
161 175
13 57
70 147
7 147
6 127
29 144
18 140
147 199
113 230
28 157
2 147
79 147
55 170
148 182
148 247
177 230
83 152
83 88
59 213
95 189
161 246
152 246
60 128
165 200
106 165
22 170
21 119
150 210
175 245
105 112
50 105
108 243
29 178
18 178
1 229
65 186
30 133
30 106
24 135
94 160
30 219
52 108
118 210
11 193
176 229
30 177
30 209
4 145
4 163
4 72
4 44
67 144
67 224
30 79
138 191
138 202
138 241
73 138
3 19
1 3
10 122
120 122
122 242
26 122
131 242
81 131
5 131
136 247
16 65
181 201
116 201
85 231
85 188
85 115
37 225
137 250
225 233
43 225
197 250
24 179
140 250
85 176
32 127
13 148
59 171
125 144
43 125
28 32
136 179
119 171
75 205
61 223
217 237
61 226
82 226
26 185
77 185
8 146
8 244
7 92
92 123
232 239
71 232
62 232
49 232
69 200
69 154
184 221
160 206
183 194
23 194
188 194
146 173
23 173
25 155
25 192
68 228
115 228
101 126
111 126
159 207
159 174
116 198
80 198
45 97
45 169
34 63
63 172
87 162
6 87
39 227
39 68
73 102
98 102
102 107
193 216
99 222
58 121
114 151
117 134
134 233
47 58
94 151
66 220
66 190
27 143
143 234
14 191
14 47
40 218
149 218
35 84
35 42
35 44
48 181
48 204
51 155
51 93
41 139
139 164
57 184
216 228
75 238
