10.448845
138038
15
132108
144474
36 94
109 138
94 121
55 102
40 54
91 122
15 102
57 77
91 105
88 91
2 91
19 75
19 91
19 123
19 137
81 109
22 62
77 101
29 62
72 91
11 146
8 66
132 146
9 19
54 56
45 77
42 72
50 155
54 127
90 94
41 128
60 150
59 77
21 62
73 102
69 98
54 126
91 125
54 125
85 130
119 153
16 117
129 141
89 144
82 148
23 84
14 39
14 135
14 111
49 123
70 146
1 70
70 98
95 143
60 106
20 77
21 156
20 27
16 155
69 127
61 94
35 89
145 146
65 102
38 54
43 145
34 118
110 118
86 95
38 144
59 76
86 156
109 140
48 94
30 62
19 30
7 131
76 143
61 114
13 35
65 114
18 50
18 74
18 77
18 82
18 135
84 92
80 146
80 109
58 115
90 106
23 118
25 99
133 150
74 147
63 100
100 151
73 119
92 126
63 108
147 153
107 133
51 159
51 107
67 128
32 67
5 49
12 48
26 33
41 118
7 12
26 116
13 26
24 53
31 104
130 148
97 113
113 122
113 154
47 160
28 131
28 87
46 85
46 157
96 139
47 96
83 110
4 83
53 70
134 158
8 134
17 78
17 137
79 103
34 79
14 58
24 31
104 108
112 154
68 112
115 160
129 140
68 120
66 120
52 71
25 71
44 93
3 142
10 37
10 39
43 44
149 151
149 152
88 124
6 64
124 136
70 99
5 64
33 142
