63.448552
577
67
43
95723
112 113
94 196
96 152
98 232
99 151
101 243
105 186
106 120
106 247
108 201
109 186
109 232
110 121
110 243
111 198
92 207
112 180
112 229
113 208
113 241
116 203
117 161
121 134
122 181
122 201
122 234
124 125
126 173
126 227
126 239
77 133
63 237
64 169
64 175
64 223
66 191
67 207
69 133
72 152
72 214
72 250
73 150
74 110
75 83
76 207
127 208
79 214
80 85
80 104
80 245
81 152
82 106
84 135
86 156
86 235
87 99
87 195
87 230
88 138
186 246
168 250
169 187
169 217
169 228
170 194
171 250
172 212
174 222
178 212
178 222
179 182
183 191
185 243
186 233
167 214
191 246
196 210
196 221
198 232
200 232
203 216
203 246
204 240
205 222
206 236
219 221
221 225
227 228
150 168
129 196
131 237
132 179
133 227
135 162
135 238
138 153
141 204
142 144
142 184
142 188
146 151
148 237
149 241
2 225
151 190
151 242
155 191
157 250
158 225
159 180
159 192
159 202
160 212
161 189
161 211
163 219
165 220
40 65
23 204
22 213
22 115
10 154
22 103
37 225
22 70
38 130
38 218
39 52
10 26
24 110
40 143
21 179
40 177
20 124
20 119
41 133
42 241
9 170
43 145
19 179
32 38
27 138
13 157
14 206
12 232
27 207
28 112
27 43
29 138
30 208
31 43
19 139
12 204
32 247
12 135
11 170
10 227
34 206
25 219
35 55
35 150
35 206
57 91
54 75
1 152
5 126
4 86
55 71
55 107
18 208
55 215
56 64
61 220
6 10
57 118
60 124
15 214
57 147
3 63
57 207
3 7
16 117
58 250
59 75
50 242
16 159
8 241
43 249
44 219
45 220
46 203
47 150
7 196
48 212
49 222
7 178
19 95
7 114
51 248
19 89
52 70
52 137
52 199
19 45
7 93
35 209
178 224
100 123
17 246
17 70
244 248
50 244
176 244
161 166
166 243
19 166
166 169
72 197
40 197
53 124
38 53
36 64
36 142
136 243
136 221
122 128
86 128
57 90
75 90
100 209
100 224
108 231
123 231
106 226
151 226
226 237
62 159
62 80
33 164
13 33
70 78
78 97
51 78
87 140
140 170
68 227
27 68
102 193
100 102
