13.225459
62965
17
999
183831
47 106
69 100
67 73
66 80
60 108
55 94
54 108
53 79
52 91
52 85
48 107
1 30
13 58
13 90
46 92
13 112
44 119
44 109
15 73
31 100
19 107
80 112
94 110
95 107
4 44
100 116
82 119
80 120
6 92
79 94
8 52
2 73
2 36
2 27
40 41
10 80
37 52
73 104
92 99
93 94
70 98
39 101
26 63
9 118
9 63
9 100
9 71
83 108
83 107
34 56
32 34
13 34
17 23
21 88
21 106
21 108
23 113
23 56
23 42
50 86
21 117
13 24
24 108
57 103
9 104
45 96
96 100
14 44
14 111
26 99
28 86
7 74
74 92
61 81
61 85
64 98
25 114
2 114
49 73
16 49
64 101
1 29
19 29
29 59
29 84
17 77
33 77
28 57
10 75
37 75
82 105
45 105
97 100
13 97
39 89
16 89
43 68
43 81
38 115
38 41
38 70
38 103
20 50
20 35
34 93
3 18
3 30
22 76
22 78
51 73
51 62
12 72
12 53
5 62
5 87
65 118
11 65
84 102
76 102
