46.499223
59219
60
66358
70161
50 249
45 381
46 214
195 296
359 379
259 347
49 95
49 153
49 178
49 212
198 254
192 320
115 339
254 352
115 299
115 293
113 296
247 308
111 149
204 396
55 307
205 296
41 199
37 54
284 348
127 148
127 131
126 382
39 114
39 188
39 211
39 230
40 45
207 241
126 244
272 310
337 350
43 115
43 266
126 152
267 394
123 359
45 315
83 101
214 376
93 149
70 117
70 157
70 200
91 254
90 157
90 103
88 201
83 359
96 358
233 375
233 344
80 368
80 347
80 337
80 245
224 262
77 90
226 233
213 227
58 310
59 267
209 310
210 251
107 261
106 389
210 305
63 99
63 206
63 219
126 281
100 208
213 230
244 252
65 102
241 380
65 267
213 252
67 128
97 130
16 396
321 347
13 48
181 306
13 280
14 214
146 338
15 327
15 366
15 371
10 65
146 303
18 80
146 218
20 192
143 301
143 243
181 361
316 347
22 70
155 183
174 281
175 287
2 92
158 374
158 370
3 297
4 13
5 281
158 235
145 337
181 265
7 32
7 33
7 356
8 247
154 186
150 186
149 199
289 322
130 246
133 210
337 341
135 281
26 267
290 322
29 198
29 322
187 213
30 158
304 310
137 241
130 170
138 201
129 343
287 387
186 282
128 225
287 359
185 192
184 396
287 325
127 231
313 318
184 316
6 281
181 286
22 238
186 378
233 250
70 118
71 342
74 328
31 330
57 142
7 363
303 336
128 180
324 355
160 326
42 356
195 260
296 373
108 176
247 298
189 233
34 345
62 327
7 248
9 168
154 319
220 329
125 365
72 365
214 275
192 275
210 275
36 275
203 267
203 254
222 343
64 228
143 360
182 189
127 223
223 347
168 182
166 305
57 275
45 367
115 367
61 179
179 368
35 287
35 127
201 400
124 400
269 400
235 400
26 159
159 240
159 213
159 342
332 386
213 386
181 229
30 229
27 385
284 385
324 385
105 385
273 353
53 273
273 299
61 314
314 353
312 314
260 355
322 335
171 335
228 335
335 359
160 373
120 231
120 320
238 314
250 314
94 104
58 104
104 106
104 151
3 44
256 398
153 173
2 173
173 239
173 341
278 332
265 278
190 312
45 109
87 109
158 351
296 351
279 349
309 349
90 311
291 387
68 291
24 159
74 190
132 309
132 242
85 264
49 264
76 85
81 295
19 194
319 336
73 126
73 146
191 253
173 194
110 279
144 242
144 307
247 255
60 255
237 286
34 116
62 116
108 298
60 277
87 277
110 378
55 294
253 294
329 346
283 300
201 300
25 118
64 169
248 346
169 360
71 232
191 220
44 363
165 217
217 364
143 263
149 263
156 249
156 202
53 156
75 156
24 81
171 392
84 392
122 213
15 122
302 365
78 215
78 345
317 397
36 397
82 384
384 389
17 216
216 297
21 262
21 119
21 56
21 342
337 340
241 340
224 323
313 323
119 362
285 362
107 362
165 362
141 268
7 141
92 161
161 331
38 177
38 69
38 178
41 399
334 399
51 79
49 79
139 288
139 176
94 377
369 377
51 234
89 234
28 183
28 369
28 66
270 388
270 295
31 270
65 140
12 140
52 222
28 330
81 302
258 390
126 390
136 163
136 380
162 164
11 354
101 393
167 395
155 162
130 197
72 147
193 236
66 193
134 393
54 147
197 310
98 258
98 112
1 63
42 398
25 180
68 333
257 333
256 271
271 358
52 232
221 274
221 268
121 129
121 357
13 196
100 292
96 292
23 257
23 86
372 391
208 372
12 47
47 383
172 276
172 216
276 354
166 395
1 385
196 237
