61.039951
4986
70
747
69878
82 160
71 254
72 74
72 109
72 262
73 151
73 214
75 229
76 103
78 118
79 209
79 244
79 289
80 158
70 288
82 208
83 168
84 113
85 264
229 238
86 92
90 222
228 285
227 253
224 280
221 243
92 260
58 69
50 163
51 68
53 273
54 138
54 187
55 140
55 178
55 207
56 133
57 246
57 272
233 299
92 261
60 264
61 273
62 196
231 295
64 89
64 239
65 165
66 68
66 254
69 114
69 127
70 101
147 168
118 146
124 163
125 202
130 196
133 250
133 267
133 287
192 276
137 295
139 299
192 229
143 299
117 269
148 216
188 294
188 235
177 285
157 216
158 241
163 201
163 239
165 171
165 182
168 169
174 270
106 265
94 106
94 116
95 271
98 160
99 226
99 268
102 188
103 105
103 123
216 223
104 160
106 213
1 258
107 122
107 142
108 224
110 176
111 167
111 203
113 196
115 230
116 128
116 162
215 271
117 134
30 132
26 166
4 79
3 258
9 230
19 181
28 47
28 164
28 277
19 43
18 211
26 121
30 199
18 144
30 208
7 243
6 224
31 170
31 204
31 283
32 41
21 87
23 119
23 189
22 299
23 206
12 242
21 232
21 120
11 230
10 158
24 115
5 186
270 293
20 64
19 198
270 286
264 276
5 52
257 285
26 29
26 59
6 18
16 179
16 161
37 110
38 50
38 107
39 202
40 64
40 73
42 54
44 135
32 67
44 156
15 165
44 225
45 68
46 70
15 117
46 112
240 264
14 18
271 290
249 254
17 99
32 84
33 273
34 252
6 73
274 295
16 266
35 224
16 188
138 237
27 158
153 243
254 256
129 131
68 180
5 97
111 159
64 159
87 159
159 248
159 216
159 245
117 145
145 168
107 145
127 145
141 193
6 193
70 197
191 295
111 191
158 172
5 172
26 172
68 152
111 152
152 270
152 196
93 152
131 256
64 81
81 289
81 194
81 110
49 100
36 253
49 248
36 252
36 205
126 298
68 298
72 96
143 298
79 155
8 36
110 184
92 155
24 298
96 188
96 202
133 184
93 150
197 278
255 258
31 292
106 292
77 129
54 263
99 220
55 259
230 263
218 279
34 279
271 282
32 282
57 195
19 195
27 255
273 297
30 297
118 297
69 149
23 149
97 180
234 285
234 270
96 153
150 278
173 217
217 219
154 190
154 222
8 154
209 247
12 247
275 296
250 275
90 275
53 236
215 236
202 236
68 185
183 185
185 210
175 243
175 229
88 283
88 118
2 16
2 44
264 300
28 300
141 200
63 281
48 200
242 281
91 212
91 227
29 291
13 291
165 251
103 251
57 284
16 284
219 284
136 145
25 77
25 259
136 220
