48.885385
19588
59
2560
68685
96 248
79 173
80 94
83 86
86 236
86 259
87 230
88 203
90 92
92 117
93 252
94 223
95 279
76 277
101 235
101 287
103 150
103 191
103 197
109 150
113 144
113 220
113 250
120 202
121 279
64 193
45 282
48 279
51 176
51 261
51 274
53 193
54 86
55 94
58 128
61 140
62 159
63 245
122 151
67 253
68 233
70 92
71 193
71 293
72 105
72 199
73 246
75 115
75 157
75 263
211 243
182 229
185 282
186 273
187 256
196 200
200 224
201 246
202 226
204 272
204 299
205 273
209 282
180 237
218 289
227 248
233 263
233 291
237 238
239 294
240 241
240 285
253 255
271 289
282 300
149 182
127 223
128 167
128 198
128 275
130 204
135 230
136 226
137 277
139 182
140 204
140 234
147 288
1 40
151 161
159 289
160 279
162 179
165 245
167 211
170 256
171 251
171 297
177 279
178 230
30 46
22 49
24 33
25 78
25 85
25 231
26 41
26 52
27 74
27 128
28 239
18 26
30 118
30 254
30 262
31 277
32 72
33 132
33 138
34 248
35 296
6 286
1 7
1 82
1 242
3 66
4 49
5 42
5 172
5 283
5 295
45 189
8 256
9 151
10 252
11 91
11 100
11 107
13 257
14 216
17 226
45 248
44 79
45 114
43 75
39 211
38 101
36 240
45 182
246 264
79 284
59 168
107 156
155 295
45 146
72 126
20 276
171 267
215 252
163 171
99 102
204 292
281 292
193 278
153 169
33 169
169 283
6 169
51 112
211 225
19 225
176 280
208 280
98 280
127 280
152 273
48 152
37 144
37 252
102 276
26 232
140 232
232 256
215 267
126 163
189 298
242 298
15 101
15 273
79 174
174 178
20 169
166 207
207 265
207 289
203 207
111 289
111 171
192 252
49 192
112 156
129 273
125 129
128 212
79 212
212 246
38 143
105 143
143 253
99 212
113 184
184 237
60 286
60 121
148 240
103 148
89 230
75 89
208 213
171 213
147 181
125 181
142 260
190 233
244 299
195 244
151 188
14 21
5 188
109 244
21 214
21 116
1 188
94 247
133 177
133 206
23 237
47 247
158 282
86 158
29 226
29 30
146 232
164 216
258 275
25 217
217 256
257 258
164 266
98 219
56 219
175 278
155 260
131 154
134 154
45 154
3 154
221 259
16 221
26 194
183 194
110 245
110 279
56 104
104 124
112 175
77 200
77 92
228 239
131 228
65 69
65 293
12 140
12 226
162 222
222 268
84 239
84 277
183 270
2 270
114 145
141 145
35 290
108 119
97 290
59 249
41 57
106 249
249 269
108 179
108 296
57 81
50 90
50 245
200 210
116 210
123 166
123 269
168 290
