57.067428
27974
79
26829
38269
112 379
121 171
120 401
120 380
120 370
45 285
46 73
119 464
360 441
117 216
113 338
122 212
294 336
48 464
48 479
356 394
354 390
353 439
294 454
295 390
52 73
300 319
133 481
277 499
136 224
285 403
33 307
33 396
33 428
375 477
35 133
36 83
36 136
53 337
133 452
38 459
285 493
40 90
41 338
286 476
130 342
129 186
127 444
126 333
81 90
313 482
96 350
96 291
95 356
92 464
91 213
89 194
87 485
85 469
315 385
310 459
315 488
80 115
316 435
76 405
316 470
317 435
74 96
318 364
73 218
320 404
103 162
107 398
107 337
55 87
55 290
345 439
107 229
301 431
104 165
343 477
104 155
32 206
341 392
305 319
101 104
333 483
333 446
333 405
306 409
332 390
61 435
306 449
14 139
424 444
9 206
201 498
421 493
11 87
12 136
13 137
417 476
197 463
194 338
252 255
14 373
15 459
192 367
255 354
255 408
258 464
274 379
186 362
186 281
183 430
435 494
246 359
248 482
242 379
463 474
234 492
233 364
444 451
230 341
227 480
221 388
187 479
5 477
6 112
216 482
213 315
429 469
210 447
210 302
210 288
208 232
206 217
156 363
166 447
164 430
271 480
162 335
148 246
162 208
390 478
159 239
157 459
167 479
29 372
156 282
154 402
153 463
152 499
151 486
151 289
151 374
20 181
20 235
182 236
181 364
22 439
179 430
179 315
20 184
177 210
176 294
173 319
182 369
182 377
18 341
399 499
144 463
146 195
254 378
266 487
220 371
206 272
333 400
62 162
51 464
352 412
279 284
66 145
190 222
24 454
285 491
59 72
163 443
63 90
1 210
283 439
185 206
448 468
411 413
314 497
78 250
250 499
165 250
250 467
250 459
102 193
162 170
329 386
124 433
23 245
116 295
7 88
186 397
225 260
364 384
156 237
65 481
65 312
151 251
251 479
161 461
26 37
241 356
294 393
293 297
431 475
390 475
290 475
212 475
28 391
64 293
427 469
427 464
28 210
28 195
376 474
28 154
156 427
293 425
63 406
90 93
93 174
210 365
365 438
1 406
47 351
47 390
205 303
262 303
325 465
160 328
270 326
72 270
17 276
17 264
204 270
328 422
144 328
328 387
234 270
17 331
17 92
270 367
314 465
151 349
333 349
17 146
272 427
203 269
30 262
30 402
376 400
319 456
104 456
62 358
134 246
134 338
8 279
125 204
78 125
125 445
86 241
10 319
10 246
185 250
51 358
20 275
249 446
249 261
123 489
14 44
121 244
372 457
44 355
193 323
284 323
244 267
392 489
3 323
360 457
159 457
97 489
160 323
67 231
457 492
231 414
44 477
88 244
231 378
86 293
39 356
20 39
75 82
75 172
87 287
287 444
260 325
191 345
172 191
128 275
247 346
163 346
105 138
125 371
42 77
32 77
8 225
439 442
391 442
357 458
357 388
327 357
306 423
104 423
31 102
98 426
98 361
64 98
215 346
328 412
202 246
198 466
116 443
54 322
89 322
263 339
25 355
268 339
25 136
25 422
25 440
339 352
339 472
43 453
43 309
43 413
98 215
200 404
200 334
200 247
200 207
140 425
133 140
73 140
91 495
440 495
99 463
99 255
114 312
114 130
253 430
253 341
117 209
42 209
16 239
219 389
199 480
199 451
246 436
341 418
79 482
79 476
263 292
292 415
237 460
395 441
171 395
84 245
135 174
106 135
298 497
108 435
108 480
96 108
223 298
94 108
196 494
196 259
321 410
321 334
106 150
254 418
14 68
31 84
257 490
111 118
7 496
161 357
397 496
384 411
376 491
170 329
37 283
137 273
129 240
214 240
433 461
393 448
308 434
265 462
243 288
70 168
56 471
243 419
416 469
57 340
366 416
57 301
56 264
19 50
110 120
138 348
115 348
149 348
189 266
189 468
189 311
228 407
228 471
379 500
109 330
330 351
178 304
198 304
327 484
306 484
24 105
201 280
132 175
175 309
180 280
53 175
94 280
147 382
382 421
182 432
136 432
71 214
71 347
2 169
2 211
346 490
4 33
49 299
145 226
226 296
68 222
80 324
122 324
21 324
131 455
6 131
76 344
344 381
60 124
60 238
190 450
437 450
27 69
27 142
278 386
256 278
58 141
26 188
158 188
83 368
143 368
310 383
219 383
13 368
34 383
364 473
142 473
58 487
73 420
169 420
111 257
100 250
200 269
66 273
23 265
203 466
59 168
299 460
118 308
110 376
100 500
50 389
4 202
