7.536545
109266
15
160
141630
1 41
18 47
54 94
46 103
45 103
34 94
11 103
31 119
83 94
31 112
30 108
28 108
1 104
105 108
1 66
20 23
26 108
64 94
84 108
61 98
1 116
7 111
65 96
72 76
59 87
92 106
79 106
51 106
23 106
42 94
42 108
62 116
2 106
65 88
83 88
88 92
4 59
29 70
94 97
63 97
26 70
58 96
10 12
33 101
33 50
24 77
20 74
113 115
17 39
39 67
39 93
39 114
57 115
78 115
1 14
14 79
53 118
33 38
66 118
2 33
97 98
58 60
36 56
10 84
19 73
53 73
13 80
1 52
31 52
19 75
75 93
60 111
13 29
4 74
62 115
48 89
80 89
89 102
9 31
51 68
68 95
68 69
68 99
9 72
6 101
6 120
6 18
35 91
47 91
8 100
16 86
61 86
21 107
21 113
22 102
22 110
3 33
15 76
3 25
7 100
15 81
55 67
55 117
37 55
71 90
71 99
82 105
49 103
40 82
5 27
27 77
43 85
43 117
88 109
36 109
32 56
32 44
24 25
49 81
