15.726381
75092
23
5950
118703
13 92
53 71
49 137
49 53
48 114
47 146
47 131
47 122
46 161
45 47
12 131
2 100
39 131
38 160
38 101
38 78
36 80
33 92
31 170
28 137
25 131
22 83
53 139
161 171
149 170
140 176
136 176
130 137
124 161
105 113
4 48
103 138
91 92
6 83
84 174
83 169
82 102
79 174
75 137
59 102
53 99
19 162
35 48
88 159
163 176
128 165
69 176
47 73
15 110
26 57
118 170
137 168
53 166
67 174
41 83
70 106
65 81
37 85
92 179
38 117
16 24
92 147
5 90
50 155
50 174
50 148
42 50
50 88
120 132
19 107
107 153
54 174
54 176
54 131
106 179
92 144
144 161
50 57
63 146
48 63
111 147
15 54
55 123
55 175
55 153
35 55
14 162
118 132
67 135
109 170
109 176
109 161
40 109
32 96
73 96
70 151
68 74
89 151
68 126
80 151
10 171
10 60
37 117
27 151
68 159
14 65
76 111
29 168
47 157
17 78
17 74
58 157
29 81
127 166
104 161
104 115
51 152
2 104
51 60
3 99
3 145
41 50
97 165
86 97
32 97
26 52
52 105
6 134
98 134
90 135
103 172
43 172
77 172
145 172
16 50
56 150
95 150
11 119
11 56
95 178
123 178
44 178
21 178
102 164
47 164
24 64
64 94
113 156
108 156
133 180
129 173
87 108
87 116
18 102
18 20
58 129
20 66
66 125
62 141
48 141
34 43
34 93
72 143
21 72
112 154
143 154
42 61
61 158
8 180
8 142
100 177
30 177
9 167
36 167
23 121
121 170
7 23
1 7
76 133
