95.520356
37532
111
34638
47593
149 366
163 331
162 433
161 358
159 410
158 350
157 395
155 241
153 462
153 189
152 272
150 158
163 340
149 184
148 251
148 196
146 466
146 413
146 404
144 393
142 218
142 171
140 348
135 405
178 445
191 382
191 314
190 409
190 310
189 298
188 435
187 315
185 381
179 440
179 370
179 267
134 305
177 405
177 351
175 339
168 238
166 469
166 453
165 447
165 326
164 262
163 474
163 372
90 343
101 477
101 438
97 324
97 254
97 123
96 153
95 165
93 392
93 266
92 134
91 307
102 428
90 138
88 240
87 168
87 121
86 158
85 451
85 391
85 107
84 236
84 154
83 393
118 241
133 284
133 147
133 144
130 421
129 494
126 475
125 132
124 389
124 226
124 128
122 211
192 219
115 479
115 311
115 223
115 209
114 421
113 410
112 191
111 149
110 445
106 460
313 355
339 464
339 387
335 427
334 456
328 428
327 410
323 463
317 423
317 413
315 484
315 338
341 360
304 379
303 385
302 475
301 419
301 306
298 460
297 429
295 379
294 303
289 425
279 495
386 463
481 500
461 498
457 475
446 460
445 472
444 461
426 494
425 434
408 428
405 450
388 421
278 340
381 401
380 482
380 400
379 492
374 425
358 402
355 496
351 499
351 490
345 405
222 318
240 290
239 500
234 381
233 495
228 453
227 456
225 374
224 315
223 495
222 493
222 433
241 276
219 478
218 393
217 360
216 381
214 428
211 467
202 297
200 437
195 211
194 459
194 312
257 357
277 435
272 403
272 292
270 500
265 291
265 283
264 380
261 393
258 489
258 361
258 260
2 187
255 460
253 441
253 417
251 415
251 275
250 348
249 425
246 262
243 494
242 296
38 84
41 98
66 442
66 485
41 93
68 194
40 84
69 194
39 469
70 127
39 439
39 235
38 364
38 286
70 160
42 253
37 240
36 134
35 396
35 362
70 322
71 91
72 345
73 198
73 207
73 320
34 97
73 471
33 38
61 365
59 271
58 90
59 282
57 383
55 91
53 410
53 360
59 382
59 470
52 301
60 190
51 463
61 298
61 325
35 197
61 367
50 410
50 262
47 350
47 344
47 139
46 336
46 321
46 100
45 132
82 87
44 263
43 158
13 257
80 274
18 288
18 204
16 452
16 436
16 271
15 461
79 358
78 431
78 181
16 491
11 348
10 25
78 141
8 419
8 320
6 486
8 232
8 206
7 152
6 488
26 65
1 340
3 18
4 317
5 383
30 101
29 460
28 132
26 352
6 67
26 172
20 142
25 397
25 319
21 435
22 453
25 298
23 142
80 287
24 66
97 137
298 394
63 251
183 290
18 145
67 245
116 295
49 116
116 143
87 273
176 497
359 448
191 448
134 448
32 131
190 407
193 317
15 443
31 463
31 78
31 35
443 500
209 443
90 443
31 363
170 193
24 483
431 483
197 342
146 342
120 327
332 443
194 384
153 384
394 448
120 151
89 268
252 268
268 316
160 259
259 265
142 377
240 377
285 378
285 437
293 411
27 76
76 335
105 257
108 167
14 285
399 414
72 76
411 436
208 427
208 220
194 285
136 208
105 253
167 359
167 430
56 414
99 255
99 395
137 411
375 411
94 482
94 340
414 473
201 456
39 201
201 331
201 211
381 432
297 432
170 412
332 412
145 245
47 346
179 346
38 346
265 346
93 119
7 119
119 337
119 390
49 62
54 149
54 425
62 115
62 97
62 80
54 70
346 363
210 221
179 455
272 455
210 354
199 380
158 199
109 146
230 465
213 299
60 109
173 244
2 299
173 401
173 495
89 308
93 308
333 465
330 465
309 465
186 308
173 224
17 18
17 360
6 300
300 435
54 354
103 378
398 435
398 425
31 229
375 418
116 183
105 229
63 105
219 420
124 420
280 421
369 453
301 349
26 369
258 349
156 303
156 230
273 458
74 333
69 74
176 458
175 269
269 383
12 337
12 219
19 59
19 339
251 480
405 480
222 371
240 371
212 237
157 212
9 162
44 212
9 215
48 191
48 118
56 356
356 500
371 497
165 406
379 406
248 383
28 248
174 203
174 238
46 182
182 355
91 422
85 422
75 487
75 456
180 348
180 257
117 132
101 117
64 225
64 242
64 416
81 133
8 81
241 424
424 494
93 231
231 445
73 368
368 428
84 104
104 475
353 468
430 468
296 476
329 476
449 454
220 454
77 247
77 328
281 340
281 358
309 376
355 376
91 373
324 373
169 205
169 407
131 256
205 256
347 418
280 347
