5.381103
29997
8
662
235065
94 97
22 44
18 73
31 62
39 62
42 44
44 84
48 68
56 70
6 54
6 41
6 38
6 33
4 7
3 77
3 28
3 48
3 52
2 89
19 49
44 72
67 80
3 55
30 90
62 85
1 44
59 82
50 96
12 100
12 45
26 49
25 26
26 68
26 61
26 100
55 85
88 95
42 88
80 88
46 88
64 88
20 45
20 69
8 61
32 46
32 62
35 83
50 59
3 58
58 98
16 40
3 40
23 60
23 66
21 65
60 65
71 91
16 91
17 66
17 27
17 81
8 96
14 35
14 34
17 64
82 83
34 43
5 43
6 93
24 89
24 71
51 81
2 93
73 79
21 36
36 53
67 79
51 90
10 76
10 33
47 76
4 47
9 52
9 56
7 86
86 99
11 74
74 99
63 75
41 63
15 57
57 70
13 94
13 29
37 87
13 30
78 97
78 92
1 37
