77.090492
35069
94
377
76563
124 318
136 247
135 427
133 177
1 68
131 159
130 350
130 244
130 206
128 376
136 282
122 319
122 150
122 144
121 446
118 190
117 269
328 374
332 351
333 414
317 355
165 251
163 168
159 405
157 339
156 184
155 335
315 440
316 317
151 431
335 411
147 448
147 377
147 160
145 253
322 379
142 187
140 430
138 339
74 228
91 184
86 286
86 267
85 285
81 117
80 446
78 207
77 402
74 380
92 329
73 195
71 408
70 167
68 346
67 213
66 326
65 370
65 306
101 446
339 401
343 448
112 190
111 351
111 211
110 268
347 351
351 415
104 124
167 384
101 440
99 243
99 119
98 427
96 238
95 289
94 191
93 117
225 325
235 432
235 413
234 431
233 235
232 317
231 281
230 374
229 427
227 389
237 281
222 268
293 335
294 376
218 330
216 409
216 406
215 253
213 331
258 299
273 330
279 437
281 336
270 317
270 275
281 428
260 369
260 311
259 340
213 280
255 336
255 304
253 443
283 297
292 389
239 382
238 378
238 366
174 289
191 223
191 194
190 241
184 322
181 371
180 333
177 300
176 187
175 365
195 220
172 374
172 268
171 216
314 341
314 397
168 420
168 186
167 393
207 234
212 398
212 249
211 435
211 364
211 217
209 297
208 365
207 287
207 242
2 379
205 418
205 305
205 217
203 303
201 238
301 376
199 402
195 284
28 395
32 325
31 35
42 422
51 210
30 295
30 89
30 76
43 339
399 431
28 449
379 387
28 101
28 90
51 78
50 259
44 330
45 68
27 334
27 224
49 309
25 255
53 325
42 140
51 438
41 112
51 407
52 115
52 166
52 352
41 86
40 365
38 408
45 193
42 262
37 411
54 382
383 431
35 403
42 394
35 244
35 239
385 389
7 408
11 237
48 204
61 268
10 205
9 388
62 303
9 64
63 69
63 141
436 446
12 259
6 27
63 434
6 13
5 177
64 83
64 106
3 75
3 35
46 212
65 84
18 309
400 427
23 382
402 426
21 333
20 356
20 314
19 303
18 327
58 115
58 289
18 264
17 372
17 123
17 89
17 33
16 187
60 99
424 440
433 440
126 296
359 389
52 103
24 374
116 288
196 255
153 168
26 143
61 143
313 333
313 385
178 276
136 313
197 296
197 371
165 276
276 445
276 361
107 197
86 313
82 201
238 240
82 261
82 335
179 240
240 273
65 353
63 353
289 353
302 357
14 398
14 101
353 410
290 340
42 290
35 290
159 290
182 412
37 148
149 412
15 412
65 148
13 148
120 148
248 412
108 261
108 219
183 362
307 404
64 338
66 79
263 383
263 280
263 275
30 338
102 450
101 307
260 338
181 450
250 443
417 450
302 450
250 354
193 307
26 250
88 263
362 404
362 430
79 226
79 288
79 386
338 419
48 250
129 307
57 205
57 163
130 423
74 423
103 153
357 359
105 190
105 168
39 185
39 122
39 281
39 330
55 382
17 36
36 205
36 212
178 360
109 257
159 416
216 416
257 344
56 442
56 366
56 314
257 320
132 213
248 277
260 277
55 278
139 251
11 139
116 196
109 310
74 310
142 324
324 344
35 59
59 124
211 323
323 339
97 147
97 187
24 197
260 272
272 342
373 390
52 390
365 447
47 314
47 117
114 195
252 445
63 447
4 252
170 298
125 345
125 204
321 358
170 417
189 297
99 367
100 321
189 427
192 437
192 388
202 444
188 425
188 356
188 329
71 349
297 349
127 408
18 127
127 376
299 337
185 337
92 198
164 198
154 233
154 308
191 236
236 379
68 87
87 207
8 421
8 415
29 216
29 235
34 262
34 285
34 169
51 291
167 291
113 177
113 431
127 410
134 212
134 256
134 303
265 401
265 381
271 402
184 271
152 325
152 303
72 161
161 308
179 368
137 368
158 232
158 245
22 441
22 358
22 256
157 439
162 439
279 312
146 258
254 312
49 429
146 396
214 429
375 391
200 246
353 375
15 266
184 266
132 200
221 246
221 363
391 392
274 348
85 274
173 363
367 392
114 173
362 444
