27.055974
42488
33
379
150871
32 91
39 154
113 185
38 75
38 52
37 91
36 94
128 193
69 115
130 174
69 144
34 92
34 89
70 174
41 105
135 189
112 160
110 154
108 179
135 195
29 86
28 55
139 179
26 69
25 111
139 185
106 125
61 136
121 171
55 116
54 86
53 149
53 143
53 119
53 93
51 132
51 96
51 65
57 137
57 138
117 162
27 183
61 191
123 135
127 160
128 134
45 102
62 162
63 188
64 91
66 67
128 170
66 101
66 126
6 145
18 57
5 94
84 86
6 103
85 89
160 183
15 154
6 124
102 176
6 177
105 163
9 160
87 179
171 187
12 103
11 86
174 175
89 110
142 171
90 94
21 174
155 198
94 159
175 179
144 180
89 168
82 105
103 129
5 80
103 127
153 185
102 157
174 197
10 42
14 20
105 172
50 164
86 192
169 174
69 72
6 72
72 94
72 185
59 195
69 71
24 71
72 100
51 181
23 55
23 69
79 118
79 197
24 83
122 192
122 169
14 23
68 142
33 179
33 162
47 119
47 55
22 162
22 66
82 120
120 156
13 91
13 53
106 194
7 194
40 158
158 200
84 158
83 172
1 61
90 133
2 133
61 97
2 97
77 111
77 93
44 77
1 10
86 104
104 188
40 140
4 140
48 166
182 186
56 167
152 186
43 174
99 150
135 150
48 154
48 103
4 167
43 81
43 193
35 98
35 184
91 161
7 161
30 114
30 67
49 125
49 148
100 150
74 89
38 74
99 173
151 173
38 107
107 184
17 128
17 171
58 68
141 165
98 141
158 164
31 59
76 146
76 166
196 199
18 196
3 16
3 27
31 181
58 186
16 60
60 78
131 199
50 131
95 102
57 95
92 109
8 109
19 37
19 147
73 132
73 190
178 198
178 190
46 88
88 155
