62.049154
47599
72
1670
83474
80 187
74 224
74 247
75 81
75 239
75 275
191 288
77 85
78 147
78 185
78 224
79 202
79 215
80 172
74 182
80 251
84 201
86 176
86 189
87 118
88 295
89 240
90 145
91 101
1 72
91 225
96 243
63 140
55 227
56 288
57 109
57 116
57 250
58 141
59 106
60 161
60 276
61 77
206 289
204 219
97 130
63 270
64 220
194 217
66 243
67 289
68 77
69 97
70 220
71 183
192 236
72 277
74 95
134 274
169 201
123 289
125 210
125 275
126 281
164 237
164 233
129 197
129 249
129 268
129 293
132 239
118 275
134 296
161 228
160 272
142 164
143 223
143 266
160 264
145 257
149 280
151 180
155 243
157 217
108 209
97 166
181 197
99 218
180 248
177 269
103 218
105 209
106 216
106 278
107 188
108 174
108 179
72 265
110 164
111 172
111 273
175 294
170 188
114 276
115 196
115 238
115 262
117 177
118 230
118 253
33 91
260 281
27 214
27 268
28 175
28 220
258 286
29 134
29 280
30 79
238 275
32 143
27 121
34 288
35 75
36 286
234 236
38 229
38 233
38 292
226 276
221 281
219 297
16 161
4 80
280 300
6 102
6 279
7 236
276 285
9 86
12 220
13 51
14 218
15 180
53 177
17 190
18 89
19 122
19 173
19 199
21 125
22 141
24 111
25 219
26 111
42 138
212 217
44 73
208 227
44 252
42 259
45 78
46 134
47 280
48 63
49 175
42 244
50 132
50 146
50 148
54 175
50 172
207 227
219 281
52 88
167 270
100 234
28 127
201 283
163 224
76 123
227 299
144 156
39 89
188 271
41 183
41 120
41 261
168 172
137 227
137 219
137 165
77 137
289 290
134 290
39 235
43 86
43 201
43 219
65 97
65 217
65 106
61 263
137 205
177 242
242 259
71 213
83 213
213 287
38 242
186 236
42 186
128 168
94 193
133 256
133 296
283 290
43 163
131 218
76 213
100 267
127 267
149 203
160 203
180 298
275 298
135 288
135 286
135 141
159 222
63 245
161 245
235 242
89 150
11 150
119 177
6 119
5 8
8 157
17 255
40 255
271 299
135 205
113 211
184 246
13 211
165 246
23 211
10 145
10 256
88 104
44 104
104 120
98 104
153 222
156 200
198 200
93 241
93 190
20 200
93 105
153 254
128 263
108 139
139 276
88 139
82 89
82 287
6 231
129 231
44 284
57 284
19 112
112 243
91 178
97 178
27 178
154 188
72 154
2 232
44 232
31 164
31 79
62 160
62 143
2 162
92 162
171 286
113 171
5 195
136 181
136 152
195 282
51 291
3 291
158 207
20 158
37 141
37 243
144 153
65 124
124 131
159 193
