48.621694
47692
57
81896
92258
103 164
84 147
84 148
84 195
85 215
87 211
90 98
93 114
94 127
96 216
97 191
100 151
80 137
104 118
104 133
104 180
105 245
106 127
106 243
107 145
111 119
111 207
114 225
121 191
66 76
51 175
52 167
54 212
56 216
57 126
57 144
57 209
60 203
62 247
64 74
65 198
122 250
66 216
67 161
68 200
69 106
70 241
74 182
74 239
75 90
76 87
80 86
196 248
163 197
163 230
167 199
170 212
171 205
172 223
174 200
186 250
187 218
190 226
191 194
161 188
198 214
200 202
208 236
210 228
219 247
226 238
234 245
236 240
236 248
237 248
146 215
123 138
123 205
124 136
124 173
126 132
127 201
127 227
129 164
140 247
142 241
143 245
2 3
151 169
151 179
151 249
152 161
153 228
154 241
156 215
158 163
160 187
160 235
24 123
17 246
18 213
18 236
19 87
21 88
21 128
21 223
22 175
23 160
17 120
25 248
29 228
31 161
32 107
33 151
34 112
36 248
37 192
38 111
8 175
1 164
3 109
3 172
4 16
4 68
4 116
4 222
5 9
5 30
26 114
10 200
11 17
11 127
12 91
12 110
12 229
13 226
14 106
15 60
45 71
45 180
45 92
44 157
48 250
45 206
49 60
41 90
55 64
111 204
77 83
83 231
83 195
83 185
83 113
39 160
59 229
188 217
47 125
217 233
106 217
36 125
125 134
37 125
102 249
57 150
150 247
150 164
150 191
127 221
123 221
79 183
79 107
149 162
149 169
189 212
104 189
124 189
161 165
74 165
149 219
44 149
165 198
165 185
59 168
39 78
61 245
61 114
217 242
28 87
28 236
102 141
68 166
35 45
35 250
178 215
55 232
204 232
111 115
8 115
130 193
130 192
130 218
155 220
42 155
150 242
141 189
101 241
101 216
101 167
73 75
5 73
27 68
27 119
27 72
27 47
84 131
21 131
108 124
105 108
168 224
78 224
53 68
53 107
58 80
58 163
40 58
181 184
181 212
181 244
3 89
6 43
60 89
6 112
6 132
99 167
95 99
7 40
7 179
82 177
177 213
135 157
117 135
50 164
50 226
163 176
5 176
80 81
81 228
34 63
63 159
20 244
20 139
46 159
46 220
166 178
