28.294048
126763
34
123
171010
45 141
69 149
69 118
68 86
66 81
64 133
64 110
60 64
59 152
58 95
56 125
55 131
49 132
47 77
47 67
70 113
44 120
41 128
41 122
37 151
37 122
37 52
36 81
34 130
34 117
34 95
34 48
31 131
28 131
99 123
158 160
144 148
140 141
134 141
129 131
128 138
128 129
118 127
114 120
113 156
103 130
102 120
101 123
1 23
94 152
94 115
93 123
91 113
90 120
86 136
86 124
82 160
81 155
76 103
74 125
72 125
71 103
10 122
19 80
19 61
17 131
17 112
17 105
17 18
15 148
15 35
14 123
12 152
11 22
15 38
9 64
7 160
7 154
6 34
5 132
4 36
3 84
3 39
3 29
1 62
1 13
24 128
20 85
22 98
22 26
20 107
25 122
21 118
57 134
11 109
43 139
2 121
2 149
2 100
2 73
15 89
89 132
89 146
153 160
47 153
42 108
50 54
58 142
142 154
79 142
65 83
65 146
4 65
32 65
40 137
88 137
135 137
33 150
22 150
121 150
150 157
63 97
63 110
63 114
104 122
34 104
32 63
64 111
37 111
51 120
119 135
47 119
144 145
106 145
152 159
131 159
90 126
96 126
87 117
104 108
50 109
20 116
116 141
122 143
19 143
42 139
51 54
37 53
3 53
75 81
75 125
57 87
30 123
30 37
16 115
16 46
20 92
86 92
17 147
1 147
27 113
27 118
8 99
8 78
