5.404173
87862
11
20477
225647
48 53
7 97
13 68
22 93
7 21
58 77
4 16
16 27
53 94
53 63
41 88
72 84
17 62
5 44
25 57
15 23
16 69
5 62
16 85
1 89
49 95
49 64
35 66
35 44
2 35
49 66
10 80
10 50
10 79
10 17
35 60
87 89
70 82
45 51
24 45
7 96
23 75
20 96
12 45
47 80
7 47
75 87
8 13
8 28
8 54
8 92
26 60
7 78
6 78
10 15
71 79
30 71
32 71
1 45
26 41
54 99
14 99
36 53
43 45
32 36
14 18
18 29
52 83
55 61
48 61
6 40
40 92
19 74
69 82
57 85
16 73
38 90
38 84
38 81
38 55
33 88
25 33
34 73
37 46
46 64
19 70
43 52
65 98
58 98
34 98
3 95
11 86
3 100
11 30
24 42
22 91
42 93
56 91
39 53
31 39
9 67
59 76
59 77
67 72
