12.852483
27430
22
78462
145671
61 181
106 125
97 98
87 119
86 158
15 135
82 143
78 143
18 97
19 102
74 172
65 119
62 166
84 148
22 93
22 150
22 199
42 122
42 43
24 33
24 113
24 115
24 186
35 106
29 97
119 145
6 119
109 135
106 194
116 149
146 172
135 181
129 172
7 137
7 156
36 180
172 200
75 112
1 57
106 154
77 165
56 97
163 165
30 89
14 103
7 196
19 167
25 144
99 152
20 188
126 134
27 171
72 135
39 117
104 160
1 49
95 139
5 104
106 128
100 128
47 128
39 77
52 175
54 121
106 192
53 119
6 176
85 192
49 147
10 53
5 128
168 170
79 108
147 198
100 162
22 44
101 179
158 179
40 179
3 34
3 120
3 148
196 198
8 70
24 71
89 179
60 86
60 160
119 182
117 182
136 146
111 136
46 172
7 46
48 97
48 115
85 182
99 169
12 38
144 198
180 191
95 140
44 200
67 143
67 199
132 172
132 145
163 169
33 58
57 157
130 187
81 130
111 161
37 161
102 123
123 193
98 127
16 127
139 161
56 157
21 168
21 84
22 173
154 191
12 28
80 121
81 114
96 114
167 170
152 183
118 149
75 76
63 118
76 88
34 76
4 76
22 118
96 124
124 174
23 58
76 188
153 189
121 134
131 140
11 126
11 64
23 123
112 130
55 153
38 159
45 50
41 50
42 195
110 151
25 110
90 110
2 141
2 40
94 189
94 190
142 164
80 131
69 90
69 73
103 130
20 159
63 184
55 184
59 97
59 108
54 195
72 121
9 128
52 164
142 176
171 183
66 193
66 91
13 32
31 185
31 70
27 178
62 178
105 166
51 105
41 197
42 197
26 83
83 194
8 9
68 138
14 17
17 133
92 177
61 177
107 155
32 198
71 138
107 162
