18.830446
1667
23
82
160540
37 91
13 118
15 20
49 74
15 84
47 110
47 96
47 78
45 70
18 19
19 63
19 77
44 75
43 75
37 102
14 120
22 48
22 58
37 86
22 113
37 71
31 54
31 51
30 120
30 47
29 89
25 105
29 47
29 39
29 34
7 18
107 118
105 116
2 62
103 120
92 94
85 116
4 16
75 88
5 30
5 32
5 46
5 99
6 31
12 83
73 83
52 70
68 83
67 70
66 94
62 117
56 94
10 118
62 111
59 75
60 73
61 116
21 37
26 66
81 112
70 98
30 115
62 115
115 116
11 91
11 29
11 19
15 109
79 109
23 30
15 64
1 64
26 115
41 89
41 75
50 107
50 90
24 87
82 87
87 101
1 87
69 94
69 83
93 111
15 93
55 60
33 55
95 118
75 95
22 95
90 97
65 97
98 115
102 119
42 119
38 74
38 72
9 35
40 70
100 108
79 108
4 108
23 81
80 106
80 88
36 114
36 110
49 57
7 57
57 104
3 53
3 112
8 31
17 76
16 76
28 115
27 28
8 27
9 40
