134.235680
2137
142
479
50528
195 387
207 407
207 244
206 334
205 455
203 391
202 490
202 301
202 279
201 351
200 376
199 459
198 466
197 259
196 437
207 497
194 408
194 348
193 485
192 413
191 306
190 352
189 199
188 230
187 271
186 206
185 314
184 186
182 200
181 323
225 300
241 342
240 278
237 433
237 357
237 355
232 387
232 374
231 352
230 489
230 445
230 405
228 229
227 273
226 428
180 473
223 477
222 271
221 410
220 466
219 380
219 356
218 226
215 479
215 265
215 256
214 282
211 424
208 450
141 415
150 175
149 456
149 373
149 296
147 295
146 453
146 400
146 382
145 448
145 389
145 265
144 442
143 366
142 329
1 32
140 199
139 370
139 288
139 238
138 484
138 434
138 321
137 178
137 164
135 138
134 260
133 324
129 230
165 432
179 462
179 330
177 382
177 234
175 390
175 380
173 323
172 404
172 217
172 174
171 322
170 359
167 341
166 466
241 393
165 259
163 242
161 449
159 459
159 212
159 168
158 473
157 310
156 476
154 326
153 375
152 254
151 251
329 419
352 483
352 392
349 420
345 368
344 406
343 444
338 452
337 438
336 494
336 416
336 350
336 347
332 363
331 450
361 438
328 363
324 499
324 426
323 470
322 463
322 412
321 485
320 478
319 461
319 326
315 395
314 470
311 313
409 452
480 500
477 486
465 476
462 464
460 485
444 467
442 479
440 446
430 440
429 449
421 437
414 468
413 464
412 430
310 474
387 388
386 440
383 485
375 429
372 495
372 476
372 401
369 442
368 403
368 378
363 427
363 382
362 473
251 381
260 308
259 447
258 420
258 405
258 333
257 311
255 439
255 278
254 284
253 429
253 411
253 396
253 276
251 435
260 365
250 449
249 444
248 394
248 392
247 364
247 309
246 450
245 492
245 292
244 433
243 476
242 402
242 316
283 310
303 438
302 449
300 417
295 445
293 468
288 300
287 377
287 325
287 308
287 299
286 354
286 335
286 290
285 375
150 218
282 360
282 321
281 329
278 491
277 424
273 433
273 397
272 273
271 469
270 415
263 459
263 298
260 441
61 487
69 112
68 247
67 479
67 121
28 237
66 334
66 266
29 372
66 106
64 442
62 413
27 203
30 241
61 346
61 148
60 199
59 399
59 160
59 114
31 477
33 410
34 169
20 476
74 488
19 155
74 406
74 99
19 165
19 471
20 61
20 274
72 242
20 351
71 205
59 102
21 314
22 468
23 478
71 170
24 205
70 177
69 308
69 291
69 176
26 263
45 307
37 452
49 344
49 289
49 275
48 175
47 413
47 366
47 286
46 375
38 167
39 368
50 189
45 264
44 170
40 326
41 300
43 424
43 241
43 167
43 104
42 418
42 146
54 410
58 479
58 475
34 371
34 379
58 280
58 101
34 405
56 496
56 294
56 133
55 424
71 300
53 452
53 410
35 315
53 271
52 56
51 170
50 482
50 432
50 297
36 480
105 137
113 200
111 439
111 262
110 254
110 113
109 228
108 194
107 179
105 444
5 305
105 203
115 186
104 429
104 133
103 478
102 368
6 177
8 137
8 222
9 163
9 268
102 311
98 219
123 202
1 87
3 353
3 378
3 436
127 263
126 258
125 215
124 259
123 310
123 248
5 132
75 183
122 282
121 443
120 245
119 366
118 473
118 466
5 133
5 269
118 219
117 351
116 228
16 226
90 411
90 136
90 131
12 323
88 306
86 295
97 167
84 347
84 304
84 89
13 324
15 205
85 248
17 366
18 203
19 65
81 84
80 480
79 111
78 159
77 351
76 311
75 384
75 358
75 165
10 437
96 145
95 315
94 121
93 306
92 314
91 470
91 374
90 451
9 318
91 100
91 327
165 216
204 347
4 82
130 433
236 459
252 472
57 121
57 373
50 57
57 468
213 492
1 213
213 372
235 245
235 278
261 461
261 425
261 422
261 347
235 415
235 450
172 213
209 340
104 210
312 382
47 312
224 470
224 321
236 472
233 415
233 451
204 210
82 261
209 252
130 235
457 480
322 457
3 457
454 478
242 454
74 454
102 367
118 367
216 457
145 385
440 481
228 385
251 481
49 385
274 385
2 53
2 479
105 398
308 398
1 267
267 352
339 405
274 339
7 200
7 149
7 438
73 431
41 431
45 431
90 493
247 493
179 498
66 498
162 194
162 387
162 352
123 239
71 239
14 433
14 418
14 63
11 477
11 139
25 437
25 274
128 295
45 423
128 329
306 423
83 315
317 425
83 245
317 458
