18.176275
265
21
52
161967
19 90
42 114
27 55
25 42
23 109
47 69
22 46
49 110
20 83
42 84
18 114
18 70
18 67
17 77
54 61
15 18
54 85
31 100
36 56
35 111
39 79
34 56
33 49
32 71
41 49
31 106
16 69
31 88
30 68
42 60
30 55
30 45
29 89
29 77
87 113
69 76
71 75
54 86
77 118
6 54
83 101
5 110
84 87
74 87
90 109
92 105
93 96
95 105
96 119
109 120
65 79
10 96
59 73
59 83
11 99
11 78
63 71
48 79
24 50
3 30
11 103
43 107
58 107
50 107
27 107
26 115
46 115
80 115
2 53
2 52
2 26
56 82
57 108
21 58
14 21
18 94
77 94
1 7
1 52
5 44
4 44
48 103
51 79
51 76
69 102
42 116
79 116
22 64
64 89
64 111
31 112
4 38
11 38
12 19
6 12
30 62
15 62
66 109
66 96
9 105
9 96
71 97
56 97
54 117
87 117
8 49
8 83
73 81
81 91
3 13
57 72
37 115
37 104
40 82
13 28
98 102
98 112
28 72
40 104
