16.570511
73741
22
106
121164
19 173
77 82
75 161
75 82
28 172
27 169
27 117
67 132
65 164
17 18
65 85
62 169
61 166
17 117
19 25
19 133
82 126
26 179
57 151
55 79
54 151
50 162
43 110
43 90
22 156
43 72
24 30
24 68
39 162
38 162
24 148
93 151
2 162
144 166
140 177
137 177
149 178
151 154
104 176
103 176
94 156
91 156
86 166
82 130
34 71
159 169
9 17
33 175
86 171
11 132
10 24
37 99
4 8
125 156
13 141
119 151
83 147
31 153
87 169
160 177
14 19
23 131
118 145
127 162
70 150
59 107
107 153
74 176
12 115
59 160
69 77
31 69
174 177
80 101
94 101
17 101
101 132
101 154
42 101
17 109
48 100
30 138
93 138
8 109
46 102
46 161
17 46
41 46
46 55
138 139
15 28
120 149
4 120
15 98
15 122
146 155
134 146
60 120
2 146
45 120
111 152
16 152
152 178
7 152
35 146
64 119
147 174
24 81
81 124
14 131
106 169
106 162
73 142
135 162
105 135
42 73
78 83
78 129
63 79
63 175
44 65
44 132
40 102
23 40
66 74
108 129
108 168
84 88
84 142
46 141
5 133
5 92
47 88
47 112
13 52
15 125
24 113
113 158
87 115
64 66
170 176
21 43
21 123
21 151
36 123
36 96
99 170
6 177
6 167
29 145
76 172
32 76
56 180
26 56
29 127
163 166
156 163
118 128
128 180
89 111
89 136
116 179
116 165
49 150
20 70
20 38
58 90
58 95
95 143
34 143
51 53
121 157
124 157
51 122
48 49
1 114
1 71
3 97
68 97
