89.539138
42940
97
26336
83130
103 233
220 317
107 268
106 347
106 301
221 243
106 211
224 271
103 248
219 296
103 218
102 161
101 313
100 270
100 208
100 190
225 258
99 133
212 215
125 192
125 183
122 332
122 244
121 333
121 302
120 281
117 326
98 314
113 338
113 333
113 140
213 228
110 332
214 296
215 291
218 262
79 246
84 88
83 337
83 250
83 216
240 320
82 261
82 122
82 114
85 326
79 179
244 327
78 233
77 237
76 176
75 248
74 242
245 248
91 180
98 304
225 308
98 128
97 121
231 248
231 282
231 339
232 258
126 279
90 251
90 241
88 297
234 269
88 226
88 119
239 274
196 303
175 287
175 205
174 329
174 263
195 315
172 257
171 340
171 324
194 247
169 296
167 231
166 326
164 257
163 233
161 331
161 311
160 292
180 189
187 224
184 327
182 310
188 209
182 230
182 185
181 292
180 220
198 253
178 316
178 312
178 297
193 269
193 336
176 345
176 334
176 250
211 319
201 303
202 225
203 346
204 224
206 234
207 242
209 266
209 276
143 193
136 315
135 285
135 268
135 223
134 342
134 197
131 234
128 251
148 235
198 279
157 317
156 313
154 203
152 237
150 303
149 343
148 307
79 256
148 151
200 332
147 288
147 173
146 171
145 218
144 242
19 165
25 254
25 203
25 112
278 320
24 25
23 317
22 125
21 215
20 218
26 70
19 118
19 81
309 315
319 343
17 237
17 125
17 74
16 209
29 132
37 180
36 38
34 247
33 221
73 137
31 79
30 174
29 323
275 343
16 100
29 124
28 220
28 93
28 51
28 49
27 120
26 320
26 274
5 153
8 210
8 42
8 14
7 144
6 272
6 271
6 217
6 58
5 349
8 289
5 35
5 17
4 228
3 318
3 249
3 186
3 123
2 221
11 340
16 48
15 317
14 285
14 148
14 134
14 49
13 113
12 99
32 175
11 265
11 130
11 55
10 233
9 299
9 238
9 229
1 313
66 165
47 203
48 54
48 170
48 298
50 135
252 268
52 134
53 234
56 320
68 73
57 74
57 89
57 115
67 279
46 292
66 147
65 257
64 121
57 306
264 283
63 237
260 327
62 305
255 332
60 120
61 70
62 127
62 129
43 122
72 232
274 321
38 199
247 286
38 273
274 294
72 138
268 335
268 333
264 325
40 82
72 86
41 90
43 191
43 222
71 162
71 161
43 284
71 159
71 95
70 236
70 168
248 305
44 62
45 264
46 203
111 333
92 220
122 259
120 267
90 116
343 350
3 116
71 116
135 350
279 350
281 350
103 322
16 322
104 120
104 264
116 267
11 290
228 290
26 328
6 105
105 176
105 313
96 99
96 193
96 257
80 105
344 348
242 348
253 348
38 69
109 224
109 296
79 109
69 326
87 348
69 73
139 341
98 227
29 227
227 341
203 330
19 330
88 227
175 330
142 247
142 292
62 142
92 96
25 59
59 178
11 59
139 155
74 108
228 300
182 300
225 280
231 280
59 80
106 295
215 295
246 277
277 293
39 155
259 330
158 229
158 303
99 158
9 94
83 141
94 315
177 327
141 221
174 177
18 87
18 73
109 328
