98.623006
57779
111
129
80525
97 278
229 271
229 347
99 403
99 375
99 195
99 174
229 390
98 420
98 228
230 358
227 394
232 258
232 292
237 244
95 206
94 320
93 307
93 194
92 417
92 119
212 432
114 152
113 386
112 244
206 281
207 310
110 408
110 404
209 419
110 223
91 316
213 270
105 314
103 248
224 293
103 179
102 229
102 148
224 325
224 326
76 89
256 433
78 396
78 107
77 445
77 401
259 386
77 86
76 357
76 168
255 328
75 180
72 166
72 155
72 73
71 124
70 322
70 88
68 346
67 423
253 354
238 320
240 358
243 365
244 262
88 328
88 218
87 414
85 88
251 342
115 299
82 365
82 355
253 380
82 144
81 106
80 372
80 357
254 358
80 249
148 225
154 291
154 259
154 226
152 294
152 182
151 426
151 276
185 379
149 383
156 345
148 173
148 171
146 244
145 411
144 446
144 257
144 208
143 285
186 299
163 419
172 351
174 185
174 338
174 399
169 234
169 214
169 181
175 365
176 438
142 320
163 328
178 430
180 363
180 418
161 239
160 206
159 161
158 194
157 300
205 273
198 272
200 245
124 335
200 288
200 443
202 213
203 269
122 318
205 252
193 323
118 437
118 391
118 368
118 293
205 305
118 199
116 388
116 124
115 383
131 204
142 213
141 247
139 287
138 287
136 307
134 310
133 385
132 194
131 398
74 151
131 163
130 299
129 322
129 261
189 253
129 222
128 386
127 247
190 342
25 57
30 153
30 42
29 78
28 425
27 192
368 421
369 386
26 152
373 393
30 214
24 406
24 336
24 220
24 163
23 385
23 283
23 76
23 72
373 422
35 215
342 430
345 388
346 378
349 414
36 106
67 332
35 352
361 421
35 264
21 76
34 43
33 232
32 233
32 196
32 104
362 394
365 371
30 434
367 383
6 98
14 26
13 92
410 425
412 425
11 448
10 332
9 213
8 172
7 421
14 165
5 172
4 341
4 286
4 150
3 387
3 379
418 436
3 135
1 433
394 421
373 436
378 410
381 438
382 433
383 413
385 415
18 164
18 69
389 414
35 444
394 450
402 432
409 435
16 131
15 411
15 77
14 427
14 267
296 346
57 246
286 414
287 423
289 316
55 407
55 263
54 143
53 55
290 314
295 409
57 442
51 321
51 183
51 142
38 247
298 434
300 364
300 395
303 411
304 432
62 308
67 309
67 140
67 105
66 310
259 433
64 385
63 448
63 160
62 355
51 117
62 231
268 314
61 143
274 440
277 419
278 306
278 377
59 161
58 154
43 241
46 302
46 266
318 449
45 374
45 370
328 343
45 65
44 109
305 417
43 137
328 360
41 345
40 147
40 83
40 44
330 419
38 260
46 420
46 376
318 359
317 448
307 344
312 320
307 323
316 397
235 424
18 56
102 279
82 313
161 311
131 311
244 311
23 167
22 392
26 216
163 216
211 247
169 211
211 373
211 416
211 432
34 340
142 340
12 26
12 259
329 386
103 329
205 405
20 405
414 431
224 431
4 324
39 324
92 324
55 324
421 441
314 441
17 188
17 203
17 250
17 297
201 316
20 201
201 448
80 280
129 242
46 50
50 366
280 402
50 287
106 280
227 242
151 242
32 60
35 284
284 411
66 284
284 300
60 432
60 408
60 67
52 307
52 299
43 108
108 124
265 339
110 356
172 384
318 356
27 47
187 346
19 78
19 174
143 187
47 331
49 194
49 253
101 167
311 424
162 310
162 200
246 333
174 333
178 350
260 350
217 350
101 111
123 279
123 313
170 383
88 170
262 327
215 327
56 392
282 428
106 428
90 274
90 269
90 210
90 102
283 353
353 439
278 315
206 315
37 193
37 198
37 221
315 345
192 353
98 121
99 121
62 121
18 337
337 358
77 337
400 438
400 447
188 400
184 235
2 184
96 429
96 297
109 348
298 348
39 334
120 334
26 126
126 409
45 177
177 180
31 84
57 79
3 319
232 319
10 84
79 425
197 301
211 301
197 219
100 275
272 275
48 125
191 219
125 191
236 311
48 265
236 384
