109.566988
20183
123
34828
46953
174 296
191 444
187 341
184 315
184 211
183 187
180 258
179 310
178 456
178 302
178 199
178 181
177 247
177 222
193 252
173 493
172 356
170 203
168 177
166 416
164 328
163 404
162 493
161 455
161 190
160 434
158 433
212 442
224 267
223 414
223 275
220 443
220 413
220 347
220 272
218 482
218 456
218 331
214 461
213 440
158 258
212 288
209 404
208 415
207 446
204 487
204 459
203 384
203 212
202 433
201 475
197 223
195 377
117 370
130 407
130 326
130 243
129 430
128 203
127 177
126 446
126 274
124 247
123 436
121 286
118 264
131 159
116 348
116 342
115 235
113 244
112 286
111 283
111 116
109 111
106 429
106 314
106 216
104 146
145 175
157 447
157 262
155 496
154 231
149 496
148 481
148 393
147 148
146 354
146 259
145 248
145 205
225 244
1 204
143 176
138 412
138 192
138 165
137 403
137 369
136 225
134 444
133 258
131 410
131 276
342 375
368 441
367 499
360 440
357 459
352 478
351 500
350 472
350 401
350 383
349 498
349 451
348 457
348 428
368 483
342 355
338 356
336 450
336 354
335 499
333 438
330 448
329 416
327 478
323 493
309 368
305 454
401 444
491 499
452 475
440 462
438 445
434 466
434 465
427 441
421 475
420 477
408 473
408 437
406 408
305 306
398 444
395 456
395 422
394 480
392 430
388 436
380 405
379 416
378 449
378 417
374 380
373 499
237 477
249 400
247 495
247 488
246 460
246 340
245 348
244 439
244 345
242 324
241 356
240 386
238 299
249 432
235 419
235 307
234 377
234 297
232 395
231 431
231 266
230 286
228 336
226 251
225 359
225 312
274 299
304 477
296 412
296 394
294 395
292 473
292 313
291 430
289 368
286 479
284 342
282 377
280 427
143 201
273 370
271 308
270 436
267 425
265 378
263 408
261 308
260 370
251 492
251 346
250 427
249 497
28 75
71 272
71 221
70 137
28 45
69 76
68 437
67 471
67 319
67 201
71 362
67 107
66 318
66 257
28 423
29 267
66 142
66 121
31 114
65 91
78 337
23 475
26 295
81 426
81 411
81 206
80 148
79 404
78 361
78 353
64 468
26 377
27 351
77 252
76 354
76 242
73 91
72 111
28 40
71 453
46 464
36 57
36 74
48 467
48 371
48 364
48 330
36 396
47 234
37 292
36 45
46 363
46 344
46 279
38 187
39 299
41 143
43 296
42 208
41 277
56 380
64 217
64 200
31 188
31 364
32 307
62 97
61 349
33 394
59 438
76 269
56 378
55 373
55 258
54 252
35 212
52 417
51 264
50 233
9 394
3 219
4 233
20 153
20 58
93 227
5 32
6 305
93 376
96 184
8 477
18 32
12 157
15 435
17 146
84 214
90 187
88 433
85 106
16 138
95 218
94 446
87 478
10 308
96 434
91 290
3 89
103 153
102 184
101 458
21 143
20 268
93 108
3 167
101 293
101 156
100 336
99 161
14 233
98 235
15 150
97 246
96 436
15 303
173 486
201 278
116 139
215 456
272 320
378 382
169 457
83 233
83 231
78 83
83 446
83 498
171 448
171 386
171 385
110 171
298 354
96 366
24 45
224 381
210 381
217 358
66 135
68 381
135 408
141 311
135 239
81 135
179 381
141 341
141 494
141 430
286 463
350 463
295 317
317 470
156 463
189 317
358 409
332 387
252 321
391 491
210 321
357 391
391 489
93 476
377 391
64 321
336 476
476 477
19 254
45 254
208 316
11 171
86 322
253 332
152 433
34 351
48 152
53 416
53 204
34 404
278 358
198 399
212 397
296 397
164 198
139 358
11 321
86 253
83 320
150 256
256 363
169 382
60 496
60 494
101 390
186 225
148 186
186 368
390 496
203 390
316 486
186 387
322 390
215 298
277 490
20 194
194 246
22 490
464 490
130 194
129 151
151 264
209 469
189 469
105 239
7 105
132 438
132 197
144 234
144 208
301 328
110 301
119 301
177 281
281 427
161 285
91 285
178 285
120 351
120 327
63 389
63 314
63 304
343 394
299 343
249 343
255 334
82 214
82 247
236 474
214 236
372 499
356 372
13 240
13 196
15 185
185 235
30 106
30 231
229 402
234 402
92 187
92 251
125 474
125 325
49 292
49 440
25 349
25 137
140 493
140 308
300 430
157 300
122 485
287 418
138 484
32 339
91 182
131 339
267 365
257 418
62 122
122 272
3 182
44 424
2 438
2 370
44 181
2 46
145 365
305 484
255 343
366 476
24 334
