38.649515
61693
48
159
87302
83 97
61 168
67 133
67 202
73 107
73 193
74 181
76 84
76 111
76 129
60 207
83 164
85 131
89 193
89 222
89 236
89 247
91 203
95 162
96 140
48 67
35 221
36 50
38 67
40 179
42 131
43 44
44 98
46 105
47 224
96 192
53 55
55 72
55 141
55 193
56 178
57 176
57 179
59 73
181 201
144 241
147 185
153 162
154 234
155 162
156 228
163 190
163 227
178 224
144 239
185 204
185 216
185 223
188 246
190 233
199 216
203 244
212 237
237 242
121 133
96 200
100 163
105 108
105 157
106 207
109 181
112 162
115 203
120 224
2 77
122 207
123 228
125 165
126 199
130 219
130 243
131 170
135 228
21 61
28 73
6 99
27 36
26 130
6 134
6 214
25 248
25 231
6 249
25 64
9 177
9 198
23 199
22 228
7 35
20 57
10 234
11 199
12 83
13 36
19 44
13 70
13 175
14 188
15 237
16 195
16 189
16 142
15 249
35 110
2 159
33 36
35 67
2 143
3 18
2 115
2 78
130 167
25 102
35 94
16 86
61 172
64 218
51 127
128 229
52 207
130 245
151 211
185 250
67 182
124 153
39 124
124 188
104 232
32 104
66 104
103 250
45 182
150 206
144 158
32 158
61 206
68 206
102 206
63 144
63 207
68 139
139 163
211 245
18 81
81 151
83 152
82 92
85 152
99 197
92 137
152 228
31 81
145 197
6 81
61 92
166 197
148 152
45 206
94 158
37 148
124 127
51 92
218 235
5 37
79 86
2 240
181 240
8 107
8 188
24 25
96 117
117 189
79 172
12 230
41 230
230 233
173 196
196 232
196 220
103 235
35 101
57 101
34 36
34 203
17 118
87 118
183 217
56 183
88 162
2 88
71 205
193 205
39 215
119 215
4 13
4 6
161 173
84 161
184 224
76 184
138 209
83 209
229 230
136 225
136 144
3 65
65 191
145 149
149 187
125 132
87 132
75 132
62 131
62 105
9 62
40 180
171 180
49 130
49 234
30 194
69 194
80 95
80 113
90 174
137 174
186 238
237 238
29 169
165 169
54 116
116 138
213 225
213 226
44 160
58 146
160 234
58 187
48 210
1 210
93 208
109 208
52 118
30 114
9 114
