32.739609
69026
48
57034
73480
282 303
178 197
45 277
46 188
47 318
177 325
176 318
49 210
239 245
179 315
172 258
56 219
269 323
153 219
72 325
150 261
73 279
73 298
36 188
196 309
28 231
232 239
190 197
301 340
32 303
34 188
35 314
147 314
296 321
189 258
188 319
38 45
234 254
42 254
182 310
243 349
125 214
95 243
97 219
98 269
99 103
100 302
125 127
125 126
92 190
254 300
119 284
119 241
115 231
111 173
111 262
112 210
113 303
83 149
77 302
144 275
142 261
243 326
81 321
140 143
137 210
83 117
53 321
83 310
84 135
133 231
132 302
258 260
87 254
88 111
2 19
202 269
5 18
19 120
4 309
19 78
19 39
229 274
3 119
2 83
206 241
10 13
23 314
222 325
24 61
1 275
198 303
1 253
212 317
211 254
1 246
197 339
15 69
85 273
167 283
148 256
155 314
80 321
74 244
76 350
1 154
64 231
45 192
48 261
29 258
227 304
188 264
121 219
183 303
163 250
125 208
118 139
41 199
266 329
317 332
20 188
68 302
8 170
8 222
43 194
31 45
175 231
9 306
125 209
159 204
62 236
302 345
193 240
240 258
83 240
113 251
271 322
271 344
25 271
128 251
251 300
225 346
167 333
90 333
25 333
274 333
17 185
151 216
58 216
96 258
96 315
96 139
65 96
58 187
107 187
52 203
26 242
8 155
57 103
8 80
64 192
329 331
35 237
7 237
164 219
119 164
65 164
31 233
26 175
63 71
242 331
122 248
154 163
12 207
207 299
30 207
159 200
180 206
33 180
200 250
180 328
76 200
200 296
30 166
161 194
180 217
17 257
123 335
123 309
92 263
12 263
96 283
209 255
161 294
204 255
89 230
129 230
152 340
230 344
152 305
152 260
107 152
230 252
166 341
233 240
19 60
60 269
230 244
265 325
239 265
10 16
16 226
50 210
136 286
247 286
131 197
131 191
1 131
73 131
5 286
9 227
57 257
51 183
208 327
195 218
114 218
40 179
40 311
286 341
116 318
36 116
18 22
22 322
22 304
22 93
82 105
82 135
82 143
48 162
151 223
223 254
225 316
146 316
168 201
13 168
162 264
33 281
158 281
106 324
211 324
294 327
114 270
270 299
6 270
79 243
301 313
238 313
20 327
70 239
70 226
120 330
21 330
169 254
169 334
228 318
185 228
15 288
99 109
280 291
94 288
27 280
109 224
160 280
273 343
144 343
37 278
37 148
73 221
221 278
74 122
91 347
86 160
86 269
91 134
7 44
44 297
134 308
82 256
102 239
118 308
332 347
11 215
11 231
102 267
59 272
59 174
108 337
27 337
54 205
54 252
14 121
305 338
220 338
55 174
55 197
41 63
84 213
213 276
213 348
141 188
182 292
285 336
111 141
130 292
140 320
75 285
186 320
289 293
205 289
101 287
101 248
28 342
268 342
108 181
157 181
24 181
136 165
138 165
259 295
214 259
66 335
66 307
71 270
61 235
171 235
110 290
110 199
288 306
69 249
156 249
29 203
145 236
145 261
79 350
14 345
67 68
124 309
124 348
104 184
67 184
62 346
312 336
234 312
50 104
