19.311554
6429
26
49
221461
50 75
69 90
12 108
13 106
68 125
63 136
63 123
62 98
61 63
60 98
17 24
52 78
51 134
51 127
51 54
50 128
14 85
21 50
49 119
48 81
40 125
24 41
24 105
36 43
34 111
34 56
33 84
26 104
27 34
31 119
30 85
30 59
11 63
1 78
126 132
122 125
107 126
103 126
98 118
5 9
91 126
90 109
87 106
7 44
85 88
84 102
84 86
11 106
70 119
9 18
9 26
81 94
74 78
9 121
77 127
78 98
81 110
72 84
55 98
38 64
19 90
65 124
23 113
93 113
45 113
99 137
104 137
7 137
84 137
48 139
138 139
115 139
2 139
29 139
100 130
15 85
10 29
10 42
10 89
15 24
15 80
25 66
25 59
25 120
8 50
8 125
8 78
8 97
22 34
22 107
28 126
9 28
121 133
66 133
36 133
77 133
101 112
72 124
96 124
44 53
53 76
130 137
6 113
38 124
19 100
80 95
81 82
95 131
12 20
67 114
83 92
63 82
16 83
37 114
47 58
47 65
20 57
46 125
46 79
6 112
101 133
96 117
35 89
35 98
90 116
55 117
64 129
129 140
3 106
3 119
23 32
32 135
4 108
4 118
4 73
39 67
39 140
16 71
71 115
