32.023196
14537
48
3962
61213
99 167
76 80
76 141
76 152
76 289
81 194
85 197
87 111
94 132
97 329
70 182
101 168
102 113
106 113
110 332
111 216
113 301
114 292
114 297
114 347
51 111
34 44
34 158
34 174
39 302
42 309
45 71
46 171
50 189
50 217
117 333
51 118
52 294
55 332
57 305
63 177
64 337
67 337
68 305
69 292
246 305
195 199
202 299
202 310
206 237
206 284
207 262
209 280
223 262
227 294
194 214
251 324
253 316
257 282
260 273
287 324
290 317
298 333
304 332
309 333
168 281
127 232
128 132
131 285
139 206
144 171
151 166
151 204
167 186
167 348
2 132
169 202
170 324
171 291
175 290
182 203
182 329
185 267
194 211
30 337
4 50
10 232
6 114
19 292
11 349
11 79
1 168
11 47
20 27
26 35
21 215
23 290
14 154
34 191
286 337
17 29
115 167
13 83
54 167
112 138
90 171
75 221
143 333
187 229
50 312
50 313
62 335
250 310
39 153
61 73
111 234
123 224
171 296
95 265
114 334
108 291
85 303
95 303
236 292
22 178
137 262
105 111
105 112
21 105
105 233
105 241
161 248
92 202
92 168
6 92
198 325
194 315
66 340
36 184
187 303
303 312
276 294
173 276
76 103
276 305
103 120
12 76
84 180
78 155
40 155
311 333
160 255
60 200
200 327
32 179
200 288
200 252
32 148
32 126
71 343
201 292
77 136
136 219
107 136
136 278
38 343
163 271
13 36
261 305
111 261
116 266
116 173
5 210
84 136
196 344
56 344
176 290
176 332
41 218
41 251
108 334
18 236
76 162
162 273
133 232
133 281
137 210
225 330
232 330
5 18
245 324
245 332
100 337
100 182
76 259
259 262
41 184
83 277
277 280
277 331
258 277
36 250
134 295
40 134
230 288
189 230
239 308
164 239
242 311
34 321
126 321
25 107
25 322
17 140
62 140
153 180
164 183
159 183
118 183
88 341
145 318
146 267
135 146
26 145
145 222
35 88
120 146
90 155
201 242
66 249
38 134
220 308
220 322
150 161
272 279
154 272
12 313
115 116
149 150
268 327
233 268
28 325
28 260
254 336
56 254
45 254
48 254
175 243
237 243
49 328
225 328
8 148
8 109
172 248
16 98
54 172
206 338
182 338
125 318
125 193
339 340
228 339
209 256
253 256
191 274
138 244
92 231
160 234
116 335
244 249
274 286
188 270
188 257
123 274
149 315
122 258
122 270
63 165
97 165
183 221
88 143
59 285
59 316
22 198
15 73
212 264
264 300
11 269
320 350
37 65
119 196
37 121
7 104
124 192
42 307
93 326
74 119
152 192
72 147
89 307
64 320
240 346
252 346
163 231
157 263
157 283
53 294
53 205
185 319
20 319
86 235
86 121
58 226
58 215
271 323
96 323
31 190
190 247
43 156
43 295
24 129
129 131
130 199
130 255
14 130
15 265
65 208
205 208
33 208
142 331
142 342
177 238
9 238
132 275
151 275
113 293
82 181
82 195
213 263
111 213
31 314
278 314
29 72
3 61
3 151
93 224
91 300
91 232
32 306
7 296
16 103
306 345
105 293
269 345
