36.098710
119271
39
88
147629
72 79
59 107
62 108
63 105
63 140
64 118
65 157
66 146
67 157
56 144
72 119
73 78
73 151
74 138
75 133
77 140
79 135
48 138
37 100
37 146
38 39
38 147
40 118
41 79
42 159
43 122
80 126
51 141
52 96
52 113
53 93
53 117
54 102
55 144
122 128
109 145
109 154
112 117
115 119
117 130
118 152
119 121
119 141
108 155
123 126
125 140
126 132
133 160
136 157
139 146
154 157
95 144
81 133
84 142
85 159
86 92
86 99
86 110
89 108
94 159
2 50
98 138
100 114
100 153
104 107
106 154
107 116
107 123
17 23
12 53
13 107
13 159
14 73
16 47
36 52
16 65
16 131
11 142
17 37
17 134
18 26
18 44
18 61
18 150
19 54
7 17
1 122
2 71
2 105
4 100
5 70
5 103
5 148
6 154
16 58
8 79
9 21
9 27
10 13
10 28
10 143
10 156
35 145
34 38
31 146
30 126
30 90
29 54
25 154
24 145
22 102
22 108
22 53
13 22
69 122
69 140
37 91
68 127
20 68
60 150
60 101
60 87
26 149
78 149
87 97
40 97
97 117
73 76
76 145
79 137
5 137
16 137
52 158
18 158
45 83
45 154
45 133
88 144
88 138
32 116
32 33
86 111
111 142
2 129
119 129
3 54
3 38
46 124
90 124
96 120
56 120
57 142
57 127
57 144
15 49
49 83
15 137
22 82
82 91
