51.138124
49655
64
2855
62017
121 297
102 149
103 149
104 288
105 394
106 115
106 302
106 354
109 137
109 146
110 203
112 367
113 346
114 122
114 371
120 178
100 240
124 323
126 292
128 288
133 203
137 279
138 285
141 156
142 364
146 382
147 287
148 326
149 181
150 254
152 394
155 242
78 190
59 344
59 398
60 300
62 199
62 214
62 352
64 74
65 202
65 323
70 167
73 212
74 131
74 332
74 370
78 111
156 164
78 272
78 340
80 281
81 170
82 114
84 126
85 291
86 144
86 246
86 335
88 167
90 245
91 239
92 290
93 382
300 325
253 362
255 398
259 275
263 364
267 331
269 305
269 317
273 378
281 326
283 362
285 291
286 291
288 320
290 337
290 374
250 371
300 371
303 339
307 385
311 353
311 397
313 323
324 362
328 350
331 370
331 378
339 356
344 371
355 385
369 371
396 398
206 271
157 198
157 264
159 217
167 373
168 331
170 210
170 261
175 269
178 359
186 217
187 254
189 212
193 367
202 206
203 308
2 126
206 395
208 244
208 301
216 391
222 326
225 394
229 285
231 238
231 358
233 328
241 382
245 249
245 268
247 269
31 367
53 217
52 212
27 75
27 245
27 299
27 368
28 137
29 285
26 137
32 156
32 343
33 328
40 331
45 311
47 391
48 133
48 339
20 25
1 323
7 362
8 167
12 385
15 208
17 300
19 61
19 83
23 391
25 130
25 200
25 364
54 254
21 333
157 197
166 204
57 174
75 169
58 285
269 315
371 393
125 375
118 134
22 285
304 351
326 357
295 314
154 231
188 190
192 277
176 297
227 317
227 380
125 227
37 42
127 243
140 321
290 306
180 221
55 117
56 217
56 62
56 326
56 261
30 289
195 254
38 316
316 385
185 316
256 362
262 291
71 123
105 298
361 398
5 302
156 184
43 205
361 386
132 257
132 167
116 132
10 208
10 25
227 314
132 162
22 357
221 330
96 229
96 342
177 183
177 270
177 287
177 246
145 177
161 366
55 277
157 349
349 391
13 248
127 163
163 239
119 163
49 149
49 342
49 331
300 372
177 386
331 399
180 351
114 182
106 182
171 258
49 117
5 174
268 276
86 276
58 195
154 188
262 295
78 191
27 191
176 375
43 304
205 372
114 334
156 334
76 212
76 254
300 384
353 384
243 393
306 315
179 391
179 398
219 294
219 293
166 330
18 310
46 310
298 322
3 290
3 231
51 73
51 224
204 223
97 172
242 319
94 223
194 319
121 172
36 172
223 234
136 245
136 382
186 235
235 364
80 379
207 379
256 329
208 360
309 350
19 309
162 360
192 56
203 388
46 388
293 388
153 196
153 347
201 367
201 257
12 107
107 151
68 107
107 207
57 278
89 278
161 278
137 387
328 387
167 383
383 394
282 400
294 400
338 400
275 400
135 185
135 206
68 392
18 392
232 392
385 389
108 389
41 339
39 224
41 67
39 346
213 318
140 318
169 258
11 28
11 226
19 376
6 376
9 129
9 282
21 139
139 209
158 211
173 341
91 173
171 211
97 99
62 79
79 362
16 178
16 323
72 178
72 333
165 366
248 329
143 227
4 199
4 266
285 381
347 381
24 71
69 274
98 252
14 251
17 87
50 87
35 44
63 126
35 67
220 266
220 260
118 372
230 237
230 253
269 363
288 363
318 322
101 296
101 237
160 365
305 365
236 312
273 312
234 345
345 348
95 145
95 240
95 215
143 289
100 377
377 390
327 336
113 327
34 37
34 66
265 284
30 77
77 280
184 228
98 165
218 399
228 319
42 99
24 63
274 321
14 218
49 265
