19.889160
116
26
7
232977
80 95
76 79
41 93
35 98
62 81
15 27
27 65
27 60
25 59
37 89
37 95
37 75
20 37
35 69
25 88
66 69
7 25
69 86
4 25
69 90
67 87
75 87
45 87
18 99
41 99
51 99
22 46
46 62
46 57
8 78
5 64
5 74
5 88
54 80
54 91
31 54
23 94
94 97
11 94
42 85
43 61
36 58
49 53
52 85
53 73
58 63
34 56
61 72
33 61
68 71
68 82
2 53
28 68
16 56
13 56
24 85
6 58
3 44
3 9
1 3
32 65
11 40
12 70
12 47
17 83
25 32
58 78
93 96
38 96
26 47
10 50
10 76
10 83
84 98
29 84
79 84
55 100
81 100
86 100
32 68
27 92
14 37
17 27
5 21
14 99
48 78
39 69
21 53
32 40
48 94
78 96
14 61
30 46
12 32
3 92
30 85
21 77
39 56
19 77
