4.610953
63130
9
15691
144295
15 38
8 11
38 62
38 60
36 37
33 71
27 87
24 44
60 97
20 120
81 87
83 87
87 106
90 120
94 120
70 103
79 107
19 72
89 120
38 64
112 120
12 95
53 77
7 54
10 47
52 68
39 120
10 46
43 96
112 5
4 96
17 18
54 95
34 39
25 34
46 66
56 116
1 23
5 77
14 30
5 55
5 33
30 72
30 102
30 107
32 67
53 104
82 120
43 82
82 113
7 45
42 89
2 108
12 42
26 98
9 82
9 119
29 119
14 118
65 118
86 111
25 104
4 86
18 66
92 99
108 114
8 73
65 73
85 111
85 87
24 109
93 109
105 109
2 109
21 57
55 57
26 114
52 99
13 51
51 78
17 30
4 109
44 63
58 67
58 78
11 84
74 84
40 93
40 88
13 100
19 100
23 41
71 80
80 101
32 41
5 75
49 61
49 50
63 64
110 116
61 110
48 68
48 91
48 70
4 48
31 103
31 50
76 105
37 76
1 22
22 28
16 115
101 115
35 59
16 35
3 69
69 88
6 117
75 117
