44.400674
8120
58
7581
64936
97 171
76 202
80 233
82 327
83 85
85 136
85 198
85 309
86 247
90 245
90 255
94 230
95 274
76 116
98 291
100 233
108 278
110 285
112 289
118 171
124 215
126 155
128 260
130 176
133 215
61 233
47 289
48 148
52 332
53 87
53 131
53 347
55 62
59 104
59 191
59 196
59 277
137 220
61 265
62 116
62 257
62 312
64 254
66 76
67 300
68 234
68 325
73 220
75 220
254 314
226 237
234 271
235 238
235 339
236 249
236 340
238 297
238 301
244 258
251 304
252 335
253 318
220 293
256 291
260 287
264 322
266 270
266 283
282 332
283 306
284 300
305 318
307 327
327 341
179 300
138 245
144 304
149 225
150 225
156 319
156 336
158 171
163 216
167 318
171 185
176 259
1 70
180 266
182 234
187 241
198 258
199 236
209 274
215 290
216 291
216 339
216 344
220 245
33 156
10 215
29 143
41 332
29 151
29 249
2 231
3 260
29 292
4 94
30 225
12 194
12 262
38 108
15 254
5 241
15 179
6 18
6 242
13 14
7 258
8 245
23 298
1 9
11 32
44 304
2 84
2 22
28 274
34 285
43 115
21 108
1 97
12 86
35 229
29 96
143 217
93 157
37 278
173 176
29 74
275 291
65 69
171 213
72 326
24 276
12 56
31 295
159 313
58 131
170 233
36 247
81 216
26 205
42 215
46 253
71 121
197 286
1 286
40 286
6 286
228 236
78 228
228 260
132 228
129 172
103 172
172 266
172 250
144 160
166 346
173 228
111 288
142 294
296 346
59 174
168 330
45 183
154 193
53 330
120 200
183 210
183 212
285 330
185 193
193 214
148 193
13 200
10 200
258 330
132 200
239 302
176 302
145 166
145 255
107 208
184 225
184 336
107 239
54 203
54 298
107 155
54 322
96 190
183 296
238 338
220 338
127 342
127 212
183 205
115 181
181 250
121 313
56 172
95 175
137 175
25 147
139 303
303 327
69 184
26 170
111 308
294 308
74 105
193 326
36 58
142 350
135 350
48 350
188 348
109 348
23 348
268 316
17 316
55 123
123 243
285 331
22 331
25 275
304 343
234 343
332 343
232 345
324 335
210 345
263 324
264 324
119 345
17 324
323 345
147 316
105 213
135 299
216 299
240 311
240 289
102 245
102 289
72 221
162 221
57 243
57 306
140 232
157 218
11 140
140 164
89 311
129 218
88 218
89 169
50 89
42 333
57 217
216 334
327 334
63 342
63 65
57 159
139 248
206 248
146 349
51 177
20 333
93 146
16 274
16 241
2 60
108 310
300 310
192 254
62 192
37 51
160 315
20 211
122 201
125 201
276 348
46 81
94 153
153 318
31 343
190 315
171 227
227 320
27 186
237 281
134 219
43 328
224 328
280 321
114 317
226 280
154 186
114 197
104 219
106 222
222 323
50 77
77 152
195 223
12 223
109 329
267 329
14 261
229 261
117 195
92 117
174 211
52 99
99 204
79 252
79 91
35 165
165 178
204 246
246 273
19 269
19 325
207 272
6 272
39 40
39 161
113 337
126 337
101 279
207 279
122 141
141 274
49 189
172 281
189 350
