84.334953
34489
99
9022
46184
138 334
155 198
155 170
154 493
153 337
152 163
148 467
147 467
146 357
140 253
140 144
138 414
155 291
138 150
135 234
134 366
133 371
131 396
129 421
128 383
128 382
125 132
121 315
120 436
169 173
197 485
192 483
182 458
181 424
179 295
178 394
178 374
175 492
171 412
171 266
171 260
120 407
168 229
168 221
167 386
167 189
164 287
163 476
163 328
163 260
158 481
157 315
156 335
89 251
96 156
94 282
94 216
93 337
91 134
90 401
90 325
90 292
90 151
89 445
89 431
96 174
89 177
89 131
86 481
86 333
82 462
82 185
81 451
80 354
79 265
78 459
77 379
111 320
120 345
118 134
115 499
115 430
115 379
115 256
113 392
113 305
112 391
112 210
112 124
198 417
111 258
111 237
107 155
105 337
104 276
102 337
101 169
100 341
97 333
96 263
322 371
372 378
371 490
361 427
354 440
352 446
351 405
350 464
349 424
331 333
329 354
325 487
372 421
321 458
321 336
319 477
316 420
309 493
309 325
308 320
306 339
302 417
299 456
299 442
427 437
485 496
484 497
484 486
483 498
470 477
458 474
453 483
451 468
434 477
428 471
427 494
299 389
425 481
416 432
413 492
409 433
405 448
405 419
403 493
390 477
387 467
376 428
372 463
217 338
246 315
242 421
240 481
234 340
234 262
231 321
228 278
224 352
222 295
217 379
217 355
249 459
214 492
214 447
214 243
214 215
209 436
208 428
206 493
203 417
202 226
202 217
199 333
278 342
298 350
295 492
294 300
287 381
287 299
287 294
286 451
284 372
283 358
281 492
280 433
140 317
278 308
276 475
276 402
275 417
273 341
272 374
271 295
270 287
268 451
267 422
43 269
13 433
14 86
67 309
67 408
67 491
14 325
15 325
43 478
45 416
6 127
43 248
41 377
41 358
41 184
17 458
69 159
17 500
51 350
62 94
61 361
59 67
8 465
57 471
8 239
56 416
53 278
69 194
7 167
51 314
51 313
51 274
50 459
48 259
6 264
28 232
38 353
3 161
3 149
30 57
27 396
3 12
2 183
74 396
30 388
75 459
28 347
1 411
1 193
28 324
77 360
77 106
77 145
73 428
38 344
3 472
20 113
38 130
37 357
71 96
35 374
72 82
33 323
22 69
31 352
24 321
30 395
26 90
309 326
235 393
65 126
254 482
172 293
95 375
18 484
250 406
85 287
114 285
341 423
135 444
86 304
362 375
39 318
1 44
198 449
378 449
449 483
32 163
141 354
29 60
99 310
251 310
141 257
88 99
30 469
116 469
214 343
140 343
343 354
111 343
64 421
64 410
64 162
64 165
166 421
6 166
85 304
124 190
190 341
423 444
23 326
365 371
365 428
23 370
6 19
19 321
19 341
325 489
295 489
22 460
364 460
116 460
289 350
234 289
118 191
89 415
415 421
245 321
140 245
255 303
4 9
5 9
315 398
40 398
61 303
9 322
303 394
339 398
8 398
218 303
137 398
9 279
9 283
168 438
372 438
330 396
41 330
42 198
393 460
335 488
454 488
18 88
70 467
195 454
26 195
180 374
180 484
214 380
380 385
261 371
219 261
114 449
98 346
98 234
98 137
86 495
167 495
213 426
213 233
399 420
65 399
63 399
209 399
303 482
142 357
142 205
42 126
236 254
205 236
47 96
47 169
169 247
28 247
139 290
86 290
16 136
16 353
191 293
271 466
161 332
367 466
288 416
230 435
230 300
94 327
276 288
225 332
128 332
201 466
3 288
327 427
46 230
82 439
169 439
120 301
38 301
123 138
123 171
5 123
111 450
79 450
443 445
172 443
218 418
119 443
55 188
11 36
48 55
297 443
55 422
36 492
211 418
55 66
10 379
113 348
8 348
241 367
241 477
143 477
143 485
66 122
122 485
10 200
346 473
186 318
44 186
68 219
68 441
1 87
56 87
196 296
296 435
306 369
458 461
405 461
311 369
119 384
54 384
252 337
51 252
128 356
309 356
76 86
76 312
227 350
227 249
188 223
33 223
200 473
363 500
363 397
58 103
58 105
373 424
253 373
11 187
187 480
235 404
404 455
250 290
29 362
95 327
125 176
176 226
176 400
21 492
21 52
69 368
43 368
25 352
25 459
6 244
244 429
207 267
204 207
83 92
73 92
52 212
117 212
198 238
220 238
39 160
81 160
160 183
2 109
108 109
49 451
49 433
84 323
34 84
364 479
110 479
233 277
8 277
32 307
359 457
19 452
70 307
359 452
