21.752571
85456
28
80
153755
34 79
57 64
55 140
55 136
55 112
55 109
55 56
49 88
49 62
45 49
37 104
36 115
35 156
35 122
34 123
57 133
34 69
33 139
33 106
33 90
33 84
33 43
30 131
26 159
26 147
26 138
24 57
21 131
20 28
86 92
145 151
131 141
124 142
124 134
104 149
103 152
102 145
100 117
93 131
92 126
91 144
91 101
88 115
40 124
82 137
82 124
80 93
77 152
75 92
73 115
69 153
69 146
69 73
68 130
61 115
60 91
58 69
8 12
13 34
17 86
12 105
2 82
15 152
12 71
12 48
9 93
10 68
10 111
66 70
59 93
81 92
39 106
48 121
14 110
42 115
6 33
46 47
4 23
71 72
72 134
53 72
85 100
85 139
85 128
18 109
18 129
18 76
46 72
22 50
42 59
7 58
7 31
7 120
29 69
29 157
16 65
16 117
74 131
85 110
31 127
57 127
96 119
119 121
27 47
6 27
91 118
34 118
5 52
5 11
33 113
112 113
26 158
93 158
22 74
50 132
4 132
116 157
11 116
38 54
54 67
51 55
51 104
51 147
1 129
1 67
1 78
1 70
3 154
3 52
32 104
32 98
63 152
63 82
7 81
76 148
20 148
124 135
135 145
10 95
35 95
82 87
87 94
25 145
19 25
25 107
12 160
108 160
41 44
28 41
107 114
89 143
140 143
143 150
83 125
99 125
15 155
99 155
53 97
35 97
