16.044213
120725
22
64666
143667
72 138
31 176
51 145
112 200
31 54
72 192
89 146
72 182
27 117
51 128
51 69
89 171
116 143
25 129
101 116
23 31
72 76
20 143
90 112
91 143
46 72
15 120
95 152
96 129
126 132
81 144
143 169
82 172
79 161
78 181
61 149
61 150
4 181
87 126
126 135
32 34
57 93
61 183
32 119
120 147
120 121
43 57
32 70
116 158
57 74
30 115
23 108
61 142
31 168
75 88
80 188
13 181
21 42
19 166
68 130
55 116
28 58
60 174
37 77
11 120
11 149
32 170
26 123
162 190
57 194
97 102
100 102
71 102
116 159
88 159
17 199
32 184
16 33
10 46
29 151
14 116
14 120
21 151
11 92
89 104
64 169
64 67
64 193
134 191
42 55
48 167
9 35
29 197
110 197
49 168
118 173
16 50
50 82
50 95
106 137
9 174
108 186
102 157
73 109
142 186
49 157
141 143
141 181
41 187
85 179
85 138
32 107
107 112
64 115
17 140
123 164
26 148
11 35
56 102
140 188
7 56
5 156
5 144
60 148
7 80
41 199
75 198
89 154
129 154
22 39
39 84
2 24
8 24
83 84
83 119
92 106
53 117
53 97
72 122
51 122
22 99
79 99
74 109
13 184
18 185
137 185
104 164
40 129
40 103
102 130
59 66
66 126
52 105
32 105
47 133
67 133
124 177
31 177
50 157
28 194
52 62
58 62
163 198
10 163
8 45
45 69
86 113
86 103
89 114
111 114
175 179
81 175
136 195
37 136
6 180
11 77
6 110
12 139
27 127
125 127
44 170
19 106
59 160
160 192
3 87
3 131
44 191
1 196
1 131
1 190
65 98
98 172
94 178
155 189
12 189
36 134
36 165
38 173
48 162
63 153
118 153
153 167
38 139
178 187
