70.408210
15263
85
219
60536
83 298
205 368
202 294
196 274
195 389
71 280
72 229
74 239
78 285
80 192
193 382
193 333
192 376
192 299
189 193
83 276
207 213
83 332
84 315
85 325
85 397
180 230
179 241
88 130
88 334
175 250
175 231
91 377
175 226
175 198
173 348
59 313
50 364
51 389
52 63
52 210
52 253
52 348
53 240
224 388
55 125
221 338
57 195
220 381
218 237
59 75
169 310
59 363
212 301
209 252
208 381
62 99
62 156
208 280
62 302
63 85
64 165
65 237
207 286
207 271
67 171
132 154
122 356
123 197
123 275
123 288
153 189
151 328
151 203
125 400
151 186
150 195
127 223
149 239
128 319
131 169
132 138
120 252
148 370
133 392
134 296
134 366
134 373
135 201
135 293
135 384
148 185
147 381
146 280
141 392
144 388
143 148
106 165
93 246
93 255
169 199
93 304
167 362
96 103
166 338
101 173
102 129
102 227
102 241
103 105
103 140
165 372
60 153
107 169
165 338
161 371
110 162
111 371
112 356
159 202
158 341
154 321
153 342
116 285
117 300
118 240
153 308
31 222
15 255
15 121
29 79
29 170
29 250
30 251
310 346
315 387
244 280
11 371
31 211
256 338
31 340
31 364
32 40
32 334
321 377
324 356
329 381
33 88
244 274
345 394
23 336
269 274
270 351
271 341
20 392
22 175
19 300
22 237
278 315
281 394
23 164
23 261
240 351
283 377
24 372
25 285
26 230
257 351
257 306
17 202
257 259
16 173
15 337
230 301
359 394
6 288
6 252
5 310
44 132
4 379
45 93
4 189
4 157
4 98
3 365
233 257
3 361
364 392
229 258
3 254
47 376
2 173
48 207
49 67
49 318
49 344
50 292
353 388
237 375
346 354
237 245
235 341
346 383
36 167
37 125
38 50
39 168
346 391
39 327
39 352
40 73
40 396
41 127
42 167
240 307
248 254
127 178
40 386
81 239
305 351
378 394
50 194
49 238
181 219
188 217
338 360
193 393
212 317
77 317
263 317
68 189
177 287
232 399
228 320
294 358
1 136
156 326
203 273
28 360
335 347
113 163
194 317
309 322
309 364
123 282
282 381
46 335
46 163
8 15
8 371
127 247
201 225
39 247
8 200
56 247
43 51
43 260
303 367
43 349
110 303
109 239
109 198
165 247
225 251
23 109
145 303
100 225
320 378
58 105
58 339
70 137
58 104
137 229
137 237
192 249
249 352
178 234
13 160
160 310
126 322
126 256
126 228
1 28
83 264
264 359
5 95
151 265
119 330
119 315
148 265
119 310
175 265
104 119
94 95
95 290
95 316
265 316
385 388
88 214
132 214
338 369
52 369
12 102
12 230
92 274
92 113
92 377
85 92
142 394
142 315
136 279
279 341
155 202
155 252
183 386
70 86
86 289
247 399
65 242
162 242
311 358
137 305
188 232
311 326
7 134
13 61
62 268
69 277
207 357
61 176
35 69
34 215
167 357
93 268
14 323
323 343
139 314
229 314
195 272
3 272
206 290
206 374
27 300
27 285
27 252
205 206
172 217
89 172
128 172
23 114
90 267
66 267
238 303
114 248
108 184
103 184
9 204
9 245
9 66
10 262
171 262
262 295
21 90
21 291
30 284
277 284
174 270
174 297
182 319
182 190
179 284
355 380
216 380
181 234
47 54
29 115
54 236
59 115
312 390
312 367
87 187
35 187
77 191
76 191
280 398
356 398
219 350
243 350
18 103
18 125
124 343
14 331
124 287
124 351
152 331
124 266
82 97
97 393
68 177
295 395
216 395
82 385
34 273
7 43
