43.298413
105103
46
5396
116412
55 165
52 100
104 118
52 175
53 89
53 94
53 105
53 114
55 82
51 99
102 140
102 118
57 120
57 137
57 150
101 145
58 133
58 172
110 123
40 48
41 173
42 55
43 65
117 168
45 89
45 107
110 141
59 102
48 157
48 160
49 68
49 85
106 118
49 146
50 128
95 176
75 178
78 134
79 86
96 126
79 96
79 134
79 156
80 97
74 143
80 146
80 159
95 134
95 113
83 173
86 154
86 171
91 169
96 161
61 99
101 121
99 162
98 112
63 122
63 149
64 135
65 163
167 168
67 74
69 130
70 112
72 112
72 128
73 128
74 87
19 76
14 134
138 155
16 144
17 49
138 139
18 111
18 180
19 22
13 168
19 84
19 177
20 64
132 144
21 45
22 57
22 101
8 28
165 173
2 131
3 18
151 169
4 28
5 112
6 134
7 64
38 173
147 169
9 36
9 102
145 170
144 148
11 101
12 55
129 153
37 96
36 52
118 166
39 95
119 128
125 178
127 138
129 152
33 58
32 109
32 108
32 71
31 130
30 131
30 61
23 26
24 178
28 54
131 142
25 129
27 130
26 116
26 158
26 165
29 65
10 47
165 179
93 174
77 148
77 138
77 128
77 99
53 90
74 90
65 90
46 169
46 131
15 47
15 119
44 170
44 124
22 56
23 60
5 60
60 110
25 60
174 179
10 90
1 63
110 115
58 115
96 115
1 130
1 64
118 66
18 81
32 81
1 93
52 164
45 164
63 66
3 35
8 35
136 178
80 136
88 168
88 144
28 34
92 129
34 48
49 92
62 103
103 115
56 62
