66.134125
33020
81
58082
76355
63 103
171 346
166 396
162 286
158 317
156 300
155 289
151 331
150 317
148 275
148 261
148 159
63 73
172 338
63 208
147 374
147 326
147 280
66 279
147 265
145 326
144 286
141 341
68 166
69 205
138 236
179 225
41 125
198 289
42 315
196 212
195 399
194 354
183 322
44 166
181 236
180 249
46 212
180 218
73 157
178 322
177 302
48 151
177 287
50 269
51 272
52 292
54 247
54 300
175 341
174 270
114 227
88 243
121 241
120 284
120 198
91 126
120 191
1 210
117 307
116 131
114 357
114 325
114 248
88 90
112 215
95 346
96 272
111 180
110 326
109 136
106 236
106 185
104 132
104 108
102 172
101 151
80 319
73 222
73 272
136 339
136 277
133 364
75 112
75 222
76 260
131 379
128 364
78 207
80 289
41 129
125 267
81 305
124 355
123 361
123 311
122 148
83 314
84 131
85 193
85 219
86 104
16 242
11 13
296 342
286 301
285 307
13 55
13 127
282 292
13 255
279 345
279 291
274 322
271 364
296 353
269 335
17 72
17 92
17 160
268 296
267 321
267 276
260 266
257 360
256 267
250 398
202 311
336 360
1 260
367 380
364 368
360 384
359 378
358 360
3 341
351 380
5 49
5 270
6 289
346 354
250 397
330 378
319 326
315 392
315 371
315 316
312 380
9 378
310 355
307 386
306 335
303 366
300 395
211 399
28 85
250 391
29 177
216 222
30 87
31 317
32 79
32 99
32 213
32 400
214 222
212 340
28 277
210 355
207 262
206 272
205 305
205 223
37 131
37 278
38 112
39 270
40 63
41 53
41 57
24 35
250 387
20 204
20 241
245 352
21 375
22 91
241 294
23 154
240 245
23 304
238 311
24 73
24 377
24 390
235 269
225 288
225 264
27 257
27 273
27 348
217 399
222 372
58 225
118 293
34 73
77 227
119 289
25 254
237 350
224 290
10 228
10 161
10 130
10 87
88 394
105 394
55 142
378 394
394 398
142 143
71 142
77 119
197 247
197 276
197 361
34 254
58 197
91 393
23 393
199 299
167 217
8 260
8 172
27 381
142 293
100 226
100 236
100 355
100 296
100 309
7 32
7 172
7 374
7 279
253 311
114 253
229 253
303 332
61 332
65 332
140 399
25 140
164 168
105 140
168 187
168 375
56 140
332 400
168 232
221 269
60 165
147 200
97 313
97 204
60 362
17 221
97 336
136 221
74 120
74 346
207 324
112 324
289 324
151 152
113 143
113 207
283 346
91 283
19 127
23 139
248 329
94 161
94 267
329 331
139 307
89 329
200 300
260 263
205 263
363 372
36 363
81 203
203 232
10 224
347 376
166 349
42 192
192 308
134 322
137 234
234 387
299 376
115 286
115 241
67 177
67 85
18 317
316 334
334 344
170 270
151 170
290 350
15 297
15 128
98 292
98 231
298 370
4 298
186 212
131 186
43 236
43 184
45 245
45 362
26 220
117 220
163 226
163 306
93 116
93 135
173 239
259 360
259 326
149 292
239 297
149 364
93 209
239 246
104 149
148 259
149 237
23 252
233 252
47 70
337 341
250 337
185 373
295 373
184 258
258 343
33 356
62 356
16 356
380 389
245 389
176 333
176 261
153 385
233 385
182 244
157 244
180 328
315 328
201 323
201 314
49 201
328 399
36 356
82 194
30 59
59 251
82 146
107 320
278 320
12 14
12 62
242 383
365 383
189 190
190 231
14 169
169 281
209 230
187 230
246 318
318 370
327 381
327 382
188 382
188 369
7 64
199 382
2 369
167 388
18 64
2 134
152 349
47 388
