15.028891
135268
18
37150
185263
35 86
47 91
45 93
44 89
44 87
44 83
42 130
42 103
41 127
39 54
37 117
48 100
32 109
32 96
30 82
27 93
25 54
23 86
21 91
18 60
15 140
77 128
132 140
118 140
112 127
106 127
96 135
91 137
90 111
86 125
78 93
1 120
77 95
76 100
69 86
65 102
60 64
55 96
54 139
54 111
54 60
12 110
13 42
2 96
12 85
12 72
12 28
7 60
10 49
54 113
60 62
3 96
91 131
19 96
38 98
14 46
52 108
4 104
74 118
12 40
40 98
10 26
12 26
26 78
26 122
26 119
26 51
114 127
86 114
70 125
44 70
67 70
20 70
22 138
22 102
22 51
22 41
5 127
63 89
14 70
97 124
113 129
46 129
79 93
79 100
4 74
2 3
44 116
116 140
31 62
34 100
34 91
42 136
71 136
6 9
88 121
9 82
17 121
1 9
56 121
9 131
19 121
54 99
109 134
71 134
42 107
77 107
8 54
8 73
50 117
50 65
30 75
75 84
43 90
37 115
43 123
101 115
29 133
29 77
53 92
24 92
104 126
61 126
99 108
11 33
11 44
66 80
33 80
16 67
16 105
58 119
58 68
36 59
36 52
57 81
57 105
17 94
24 94
5 124
