107.364867
173
115
133
84023
146 215
154 155
153 234
152 197
152 172
151 365
151 328
151 244
150 348
149 255
149 231
149 164
146 228
155 206
145 289
145 285
145 284
144 215
144 167
143 191
141 355
141 327
141 291
136 337
135 155
170 207
181 196
180 379
177 228
176 294
175 355
173 237
173 189
172 370
172 359
171 324
170 278
134 288
169 338
167 236
166 369
166 349
166 217
164 275
163 334
161 190
160 396
158 160
156 224
102 147
114 314
113 227
112 331
111 260
110 342
110 248
110 165
110 164
109 374
104 149
103 116
115 138
102 129
102 127
101 293
100 330
100 257
100 196
100 162
99 131
98 361
98 295
98 239
125 355
134 274
134 232
132 181
131 394
131 265
131 241
130 388
130 281
130 233
128 260
126 314
182 218
124 163
123 222
122 393
120 163
119 283
118 145
117 331
116 289
116 270
116 133
115 308
267 323
283 361
283 319
280 324
276 393
275 362
275 323
273 379
269 303
268 380
268 337
267 333
287 360
265 379
263 291
261 304
260 375
259 380
254 331
250 327
247 310
246 395
245 304
243 327
314 397
379 386
375 380
372 385
358 385
356 365
346 357
345 395
336 337
333 389
331 334
315 341
240 390
313 324
312 338
312 335
310 332
310 321
304 331
298 304
294 382
290 387
289 385
289 360
193 242
203 393
201 393
200 266
200 234
197 305
197 277
197 249
194 385
193 398
193 334
193 302
205 209
192 395
191 354
191 320
191 203
190 322
187 355
185 363
185 272
184 283
183 293
182 253
219 227
240 377
238 388
238 384
238 364
230 374
229 383
227 266
226 327
225 333
222 343
220 309
2 314
215 392
215 391
215 329
214 293
212 357
212 301
209 212
208 229
205 367
205 316
205 292
35 293
41 178
41 58
38 361
38 339
38 216
38 213
37 388
37 157
37 105
37 55
36 172
41 286
35 89
35 41
34 228
33 268
33 258
33 199
33 195
32 73
30 310
30 173
47 89
67 115
65 287
64 145
63 380
61 341
54 341
52 181
51 167
50 173
48 312
30 167
46 344
46 251
46 179
45 325
45 204
45 77
45 62
44 212
43 89
42 229
8 115
15 73
15 31
14 222
13 348
12 182
11 262
10 397
10 210
10 49
9 240
15 94
7 170
6 399
6 152
6 84
5 6
4 181
3 312
3 170
3 46
1 374
21 234
29 300
29 174
29 57
28 160
27 156
26 356
25 262
24 115
23 238
22 287
97 326
20 156
19 130
19 93
18 151
17 163
16 306
16 274
16 137
16 108
15 202
74 139
69 134
86 222
71 215
71 324
86 155
71 341
81 294
80 400
80 376
80 221
79 340
73 121
73 169
73 265
67 166
74 209
79 317
79 82
78 371
78 366
78 318
78 203
77 190
74 256
77 185
74 296
75 291
76 337
97 282
93 347
93 345
93 274
93 264
92 356
95 260
96 275
68 70
68 72
97 196
90 190
89 159
88 348
97 284
67 229
68 223
68 235
98 142
86 333
87 95
87 289
106 196
148 209
148 395
352 388
10 381
290 381
252 381
67 307
10 351
234 351
346 368
269 368
182 188
188 260
353 374
102 353
29 40
40 304
83 265
83 268
186 350
86 311
152 311
59 356
59 79
87 271
60 294
60 262
334 373
53 156
8 140
309 378
60 348
140 220
30 198
71 373
140 211
72 378
164 198
53 287
53 160
141 198
299 378
35 373
68 279
151 279
80 279
77 297
203 297
186 271
350 352
39 361
3 39
107 395
107 240
107 227
66 314
66 228
91 291
91 230
12 56
56 262
168 185
150 168
85 106
85 307
