16.339935
77023
24
13233
103721
27 45
88 112
32 89
89 112
30 90
30 87
29 30
89 138
27 75
34 93
21 100
100 135
100 172
104 158
107 127
15 106
14 141
51 141
66 76
66 109
63 89
61 78
66 175
59 158
58 95
68 95
27 113
50 70
47 156
80 138
80 165
80 174
41 101
40 90
8 119
8 162
13 70
146 151
8 73
157 158
120 127
121 175
127 136
158 171
11 34
5 141
100 114
80 180
27 82
42 178
12 66
89 123
125 108
37 159
70 115
30 115
20 34
103 173
70 111
27 111
26 40
28 155
110 145
81 86
95 149
108 154
80 108
108 134
8 108
49 108
64 135
71 127
80 161
35 131
114 131
102 177
66 148
70 148
4 131
122 130
47 130
92 130
130 151
130 167
22 84
22 55
22 57
57 140
121 153
4 22
60 64
60 161
153 180
69 140
10 129
53 84
53 67
22 23
117 179
106 179
86 131
65 123
66 160
158 160
26 56
28 56
159 179
125 149
23 179
15 163
44 163
62 101
59 62
48 62
20 37
117 168
36 152
99 152
39 124
39 89
38 167
38 147
38 99
38 91
19 129
19 49
17 19
38 82
98 154
1 6
52 150
74 150
33 164
61 164
42 164
33 77
8 77
43 141
118 170
88 169
116 170
169 173
133 170
3 74
3 36
31 94
126 146
9 126
54 77
142 145
16 142
2 124
2 25
34 83
83 107
72 97
85 144
85 91
71 110
7 46
7 116
132 143
79 128
79 162
65 177
18 139
18 94
156 176
118 176
24 134
24 96
105 137
67 137
1 81
19 166
97 103
43 130
132 166
10 31
