27.059466
3277
34
71
167066
28 123
35 108
35 104
90 140
35 80
62 95
34 73
32 123
64 122
31 142
30 45
29 111
94 96
27 158
111 151
86 149
25 148
25 38
68 94
68 144
70 93
23 158
23 35
56 141
53 142
52 149
51 130
54 125
51 76
95 134
49 150
98 116
106 158
45 46
43 103
142 147
107 109
107 122
41 51
57 68
58 132
39 139
39 112
39 102
37 96
59 123
85 111
15 71
71 143
84 101
118 160
122 131
72 123
73 99
73 114
78 140
70 141
11 71
6 141
125 153
128 141
7 68
135 150
136 140
75 125
70 138
70 121
20 84
20 66
19 114
116 149
2 84
83 142
17 127
4 95
17 119
17 66
16 96
15 111
15 95
8 25
51 126
18 102
19 47
60 71
40 140
25 146
73 146
3 146
1 17
1 145
12 42
55 103
55 92
26 145
55 79
26 133
26 53
42 132
42 44
110 149
45 110
110 150
39 110
8 55
22 48
36 154
36 156
74 158
74 122
15 81
100 108
100 117
124 157
115 150
117 137
32 61
118 124
61 91
61 78
124 156
137 159
43 61
82 115
51 124
96 155
70 155
87 141
87 123
50 65
110 113
88 142
35 67
67 125
68 88
5 69
5 97
5 130
63 133
12 63
81 113
60 146
24 92
24 97
58 129
129 152
48 126
10 154
10 120
33 105
105 160
9 89
21 89
77 89
14 40
14 50
65 74
9 13
13 150
