25.415360
25796
39
9556
71862
37 40
134 192
98 201
75 243
19 98
18 91
98 194
36 95
17 191
17 119
103 120
17 48
16 145
16 82
74 172
137 249
37 161
14 16
13 207
111 219
30 37
116 117
116 166
76 175
28 192
30 51
63 243
26 103
97 122
24 166
79 147
127 199
129 232
130 239
76 155
103 231
21 153
91 228
173 202
95 141
13 124
45 172
47 91
69 153
48 205
93 214
85 127
91 118
3 239
55 147
2 192
214 240
58 153
88 150
169 174
138 239
39 214
144 243
97 114
147 229
97 99
10 123
162 218
163 219
96 249
82 231
166 178
167 239
172 238
86 91
91 245
61 219
41 143
72 203
23 105
53 239
71 142
52 127
17 221
64 185
67 126
13 196
53 67
56 76
13 56
4 164
65 236
95 250
38 244
34 214
12 234
25 139
213 239
76 213
97 157
108 184
54 171
133 176
186 219
15 97
7 83
7 127
7 146
7 164
69 233
18 32
27 32
32 37
17 66
73 89
73 134
50 101
27 208
44 97
44 148
44 83
104 208
52 196
4 71
5 91
5 230
9 123
49 224
79 224
92 95
92 125
42 220
211 226
65 186
73 236
102 166
37 102
62 107
107 225
57 246
115 149
218 235
216 223
182 230
179 182
165 247
151 223
146 165
136 193
136 187
136 177
132 173
132 160
125 132
121 235
57 217
112 223
109 182
107 148
95 165
94 235
94 149
86 132
77 151
77 232
77 237
241 242
9 126
84 99
35 181
131 168
131 162
72 77
61 78
170 212
150 170
10 195
181 195
197 198
51 197
88 140
117 140
35 41
54 152
22 212
22 192
209 211
34 250
190 214
147 190
78 106
84 203
149 209
106 152
177 180
112 180
64 66
105 136
68 95
16 68
12 15
57 183
109 204
135 204
108 171
87 206
169 206
49 206
174 210
205 210
33 210
29 193
29 159
183 242
156 184
156 226
80 156
233 244
46 154
3 154
90 249
90 98
38 222
23 222
6 128
127 128
1 70
1 228
158 188
25 188
43 135
43 200
8 241
8 50
8 81
110 215
133 215
101 139
7 176
60 159
60 100
31 103
31 243
20 189
20 42
185 248
11 248
153 227
172 227
13 59
59 217
157 220
113 246
113 249
