8.749371
90351
13
1979
173048
36 120
73 120
63 107
10 57
58 112
10 32
56 114
53 107
24 109
80 114
82 107
47 109
26 109
86 112
27 107
43 96
112 115
91 120
92 107
93 96
40 109
40 101
110 114
10 97
64 69
69 98
60 99
51 94
88 117
90 111
13 51
17 87
21 112
95 118
6 107
10 66
2 71
49 104
14 54
66 88
2 6
65 109
1 65
52 107
52 102
52 103
52 97
52 64
12 62
12 18
8 84
9 75
30 35
98 108
8 99
77 83
60 83
53 83
45 83
84 94
31 36
20 29
23 63
23 90
15 101
15 68
29 71
11 117
70 87
85 106
4 105
11 21
10 37
37 114
25 107
79 120
79 96
17 25
76 79
25 33
12 85
34 55
34 107
34 68
3 34
78 104
78 106
9 20
59 105
19 59
4 14
12 108
28 75
19 28
41 50
31 111
74 89
74 76
5 48
48 77
83 118
7 16
22 42
39 42
61 103
39 61
12 30
44 119
7 119
67 82
47 113
67 72
46 113
81 100
35 81
38 116
55 116
41 54
16 70
