75.630669
29583
92
2681
45548
216 257
231 360
69 209
231 359
229 440
227 356
71 239
227 236
226 395
224 303
223 401
222 449
222 322
220 406
74 230
216 414
67 162
158 192
77 166
77 373
77 381
158 265
127 299
79 421
80 187
212 270
211 443
82 224
82 321
83 405
84 305
85 438
61 148
273 481
270 283
52 335
270 277
268 329
157 248
56 74
266 404
56 427
264 465
262 312
260 362
256 419
58 113
255 489
162 324
253 308
249 299
248 330
245 310
243 299
63 197
63 261
239 459
63 463
235 471
235 424
234 491
65 231
234 409
233 363
111 418
101 491
177 409
177 325
177 252
123 274
105 438
164 403
123 139
122 278
109 293
171 209
121 270
120 405
111 237
111 249
100 415
165 457
112 239
113 145
113 334
113 340
171 192
170 489
169 422
168 384
168 331
116 222
168 181
167 401
118 162
119 419
91 115
211 344
209 420
208 500
208 479
207 488
207 246
125 371
125 300
205 443
125 272
163 225
124 164
203 267
163 492
198 216
54 293
196 235
92 220
93 318
192 275
192 264
96 187
97 347
189 305
188 353
187 480
187 470
185 335
184 465
180 283
178 489
20 155
354 401
16 276
16 285
461 488
16 307
16 321
17 314
353 444
352 440
348 455
348 399
347 423
338 457
335 375
361 404
137 412
137 251
22 289
335 358
328 348
23 372
23 495
137 172
149 329
318 487
318 415
315 329
151 278
26 186
142 363
445 457
443 480
145 308
441 457
145 163
431 464
8 347
9 131
9 154
9 254
397 500
395 400
144 306
143 310
318 392
448 489
147 180
147 250
12 192
385 404
382 433
379 419
378 488
367 453
363 394
362 465
362 458
147 494
45 82
287 438
38 59
26 317
38 245
38 313
39 168
39 273
286 407
41 163
133 203
132 395
285 305
282 491
43 56
44 443
38 104
47 464
48 107
48 221
468 500
48 472
48 476
49 362
279 405
4 227
278 377
3 363
278 337
2 464
273 497
129 310
299 456
31 351
152 203
31 211
309 314
308 311
33 440
34 211
306 426
301 465
36 46
36 97
36 241
293 439
29 82
310 373
312 367
312 484
314 346
26 351
326 395
467 490
357 429
134 147
232 278
110 489
140 192
32 376
218 353
138 217
6 322
75 270
94 339
38 106
213 305
160 177
148 319
145 454
153 228
108 280
280 399
53 280
130 280
292 348
194 242
146 363
146 432
146 217
111 175
107 175
175 388
175 438
1 146
11 298
11 451
11 312
11 422
140 160
134 228
89 239
89 222
89 366
89 457
110 319
42 75
51 248
51 293
21 215
215 384
293 370
104 370
138 218
213 376
55 118
55 112
42 106
211 393
393 500
77 435
16 435
21 442
135 442
111 442
15 182
15 36
15 27
89 327
82 434
434 489
162 434
90 178
26 90
443 447
447 465
320 491
320 353
388 474
1 474
248 288
288 300
327 389
141 500
232 454
161 387
161 338
377 483
467 483
73 475
19 244
244 308
271 490
258 389
258 271
126 308
117 126
6 94
22 413
339 413
117 190
175 429
284 369
28 396
366 369
396 416
247 396
212 396
76 369
273 332
56 332
14 132
14 496
169 408
200 408
150 336
66 150
281 336
265 281
201 357
201 453
156 201
201 402
78 462
462 486
50 86
50 289
13 404
35 446
192 206
68 206
222 478
7 108
195 417
7 203
7 363
437 482
437 450
407 478
102 437
164 417
115 417
350 478
190 326
247 460
299 425
23 425
147 473
164 473
66 499
486 499
87 187
87 440
32 446
15 429
72 498
99 347
99 227
72 78
72 382
18 439
18 30
114 183
114 425
73 316
316 369
176 211
64 176
290 451
290 493
263 488
209 263
216 477
231 477
81 216
36 81
204 304
37 219
63 323
136 286
235 452
20 70
93 103
37 100
295 297
24 457
304 472
345 436
103 199
95 136
70 240
57 464
159 365
380 485
165 380
120 365
312 452
27 297
168 323
57 362
24 137
260 436
214 402
214 469
61 341
25 341
62 414
62 220
306 428
220 428
128 482
128 343
128 185
98 470
98 238
292 391
242 391
164 342
193 342
335 383
329 383
296 306
199 296
53 430
155 430
159 430
79 349
294 349
349 475
173 179
173 194
238 302
10 302
48 398
40 355
145 355
9 398
123 333
333 450
88 411
60 88
210 401
5 182
5 191
210 419
291 433
202 291
390 493
259 390
364 394
364 410
151 174
174 466
269 318
269 314
123 269
354 386
362 386
368 489
368 411
13 374
183 374
