12.480521
114232
19
119
179034
16 43
73 76
72 101
60 72
56 77
53 118
52 73
11 120
47 113
46 57
43 97
43 66
42 89
51 54
42 61
42 57
38 105
18 51
36 101
34 53
33 101
29 53
27 51
26 107
26 32
75 113
108 113
99 105
91 120
73 86
43 69
19 120
2 74
40 109
21 101
94 120
26 65
48 103
17 43
5 46
5 49
70 111
105 114
42 114
86 114
13 106
78 100
78 83
78 118
78 112
115 119
8 15
1 8
5 106
1 90
53 90
5 94
23 30
23 40
23 58
35 111
35 83
35 102
101 117
6 117
7 41
116 117
48 110
47 110
80 110
5 103
77 92
62 92
44 55
44 95
44 98
44 112
14 79
14 60
12 73
12 84
28 71
64 70
4 95
17 71
59 98
59 120
13 28
58 67
3 67
25 105
21 85
25 116
81 113
51 81
8 109
65 85
20 23
7 20
4 74
64 119
39 96
9 96
18 82
62 82
30 45
37 45
10 88
10 84
37 63
63 87
24 53
24 68
22 50
50 68
31 115
31 104
9 93
93 113
