18.970782
54153
28
98970
138193
21 33
117 119
80 197
26 170
26 150
26 115
80 164
24 40
78 144
116 129
123 186
50 110
126 178
131 178
71 99
140 145
70 144
17 35
41 183
35 149
39 95
35 65
39 156
93 198
33 151
33 88
33 59
61 200
98 145
101 129
42 106
106 162
106 167
83 102
30 80
29 172
11 172
178 181
2 160
3 10
144 171
4 172
145 148
5 90
63 168
16 166
66 90
10 158
10 92
10 77
9 106
160 179
160 189
62 144
144 162
16 127
16 122
15 129
64 143
37 106
13 44
113 137
107 130
22 134
120 184
92 135
32 90
57 74
136 178
46 65
136 182
125 197
125 178
125 144
8 125
46 135
31 144
35 121
121 144
16 111
111 145
87 98
73 87
37 87
39 173
75 87
10 69
69 172
69 153
80 169
118 169
56 171
56 157
56 84
79 133
55 56
59 96
13 96
34 79
96 139
69 113
79 118
6 69
22 87
86 154
14 194
123 154
26 194
82 154
153 194
124 187
33 187
76 180
142 180
43 119
43 83
40 43
43 44
68 182
67 173
43 75
85 101
35 85
85 195
85 175
85 89
68 107
117 176
109 176
48 91
192 193
172 192
102 152
29 191
183 191
16 155
36 155
12 150
12 39
45 62
27 45
54 200
53 90
53 160
54 137
55 188
141 188
32 96
97 190
97 110
36 97
138 160
76 138
47 114
31 57
105 154
163 198
74 163
105 187
18 91
18 63
18 193
141 196
143 196
48 184
165 199
139 199
99 159
120 159
58 146
58 133
20 72
20 186
94 112
94 168
7 81
50 81
125 132
47 67
34 38
38 103
1 41
1 174
52 161
28 104
8 128
25 128
52 124
23 60
49 129
49 108
51 177
108 177
73 185
100 185
6 23
19 93
19 147
28 132
