61.047850
21592
72
100
74970
1 386
123 132
121 382
120 180
115 296
114 129
112 371
112 365
112 338
109 256
123 310
107 141
105 398
101 123
100 386
97 127
95 204
93 368
93 181
134 356
143 324
141 374
141 241
140 249
138 356
136 384
136 344
135 212
91 312
133 210
129 165
127 367
127 233
126 311
126 243
126 207
125 234
70 149
73 348
73 270
73 137
71 328
70 321
70 288
70 205
70 179
74 180
67 331
66 383
64 372
62 372
59 323
59 277
59 111
58 256
80 101
88 393
88 364
88 226
87 123
86 227
85 272
84 331
82 372
147 159
78 387
77 306
77 248
77 122
77 108
76 324
74 350
74 259
265 394
293 356
292 299
287 320
287 309
281 375
278 340
272 286
271 373
270 279
294 360
265 328
265 302
265 282
264 363
264 283
253 340
249 361
249 313
343 360
382 395
381 384
379 383
375 383
354 390
353 354
351 387
344 387
248 356
340 397
330 343
327 331
326 333
316 354
312 360
304 374
297 362
174 227
192 333
188 231
184 231
182 232
180 298
177 398
176 367
175 227
197 228
171 216
171 199
169 328
164 232
160 386
155 333
147 341
147 176
221 234
247 400
242 247
240 370
237 312
235 287
223 389
223 332
223 285
109 236
214 324
212 318
208 212
203 227
201 256
198 337
197 346
197 239
7 287
5 329
5 335
17 116
16 166
54 93
53 222
53 154
6 247
47 149
53 113
5 300
26 101
14 231
10 47
46 268
45 360
12 146
12 289
28 271
46 220
3 391
57 147
57 129
25 54
39 272
38 46
48 312
37 303
49 101
3 172
3 183
36 384
4 180
18 234
5 162
18 73
17 328
47 295
5 257
43 398
53 142
144 278
81 345
20 385
102 248
31 150
56 328
256 366
90 275
3 44
96 342
42 113
8 382
318 352
156 265
359 387
287 380
189 389
24 189
189 325
63 189
189 209
170 358
126 358
312 358
358 384
15 118
299 305
376 393
170 376
103 354
13 274
256 274
274 357
308 372
308 313
43 308
129 308
232 308
119 193
2 52
92 370
92 219
70 92
40 92
104 158
104 254
104 267
104 281
127 128
128 231
128 251
128 264
30 104
96 130
128 360
130 339
130 173
94 130
106 337
106 174
106 276
150 206
198 238
206 396
238 307
98 106
238 320
30 206
59 72
72 247
35 130
171 218
218 325
52 157
336 398
171 336
157 376
345 376
376 385
21 232
5 21
60 267
60 392
191 194
223 258
70 258
131 272
131 234
275 366
47 301
46 301
219 290
12 290
42 44
194 399
266 380
263 359
212 244
168 244
317 327
80 317
106 142
88 167
167 331
191 229
102 319
229 263
151 249
2 106
119 144
95 314
50 314
16 314
151 193
74 195
73 195
352 399
23 271
23 180
266 319
3 185
185 383
250 329
94 250
212 334
334 386
27 81
27 297
234 349
340 349
260 386
242 260
255 262
74 255
213 279
90 213
9 38
9 187
13 388
75 392
75 112
254 261
117 261
65 291
271 291
79 256
79 93
235 284
211 284
115 152
33 175
33 133
152 269
37 152
33 89
148 262
148 190
224 357
224 369
178 245
65 178
166 322
322 377
69 141
69 227
15 31
15 56
305 342
355 378
41 156
8 15
89 347
29 210
145 197
51 147
139 347
55 333
51 324
68 205
5 55
68 230
29 34
103 110
41 217
124 390
32 124
110 308
22 63
22 153
83 292
83 215
276 315
163 315
163 186
186 280
252 296
161 252
240 252
99 225
99 303
11 378
11 200
19 246
204 246
61 118
61 202
273 396
196 273
274 314
189 355
145 217
