19.408179
81853
29
1173
149936
19 120
26 111
26 68
26 47
95 126
23 99
96 200
21 178
20 145
91 106
102 173
17 76
16 74
103 134
12 161
12 108
106 142
102 129
86 195
82 193
82 174
82 90
81 197
30 196
31 65
77 116
76 115
74 159
65 190
59 112
34 126
49 106
41 87
165 192
135 151
135 149
126 152
4 93
150 153
4 147
156 178
123 156
121 135
165 172
120 128
7 74
119 145
116 194
116 167
166 187
12 14
109 186
169 178
10 65
10 26
9 106
113 181
35 135
65 73
51 102
79 106
48 178
67 182
56 145
85 126
29 170
106 127
36 60
36 123
36 165
45 116
141 154
1 141
104 166
25 104
104 145
22 36
112 141
13 56
120 160
45 132
26 185
95 185
102 185
79 104
64 106
13 85
107 145
107 135
4 107
124 163
45 191
52 124
185 191
104 131
131 141
106 180
130 180
62 145
43 62
45 182
165 199
106 199
54 170
33 73
32 132
43 117
117 171
33 80
32 52
40 146
163 168
35 63
22 140
15 194
15 122
97 197
97 144
37 143
92 178
74 92
29 168
144 155
4 155
133 183
133 179
118 127
118 160
12 27
27 120
5 76
5 12
113 158
84 114
158 189
158 183
2 200
3 61
2 58
3 103
3 195
3 122
41 114
74 114
114 179
44 150
44 157
82 100
76 100
105 136
12 105
28 164
18 28
8 81
8 39
98 162
30 110
110 181
75 110
24 177
177 196
70 104
78 136
78 198
1 57
57 66
38 94
94 186
134 148
148 153
38 71
71 138
72 146
83 138
53 83
83 87
42 184
46 99
11 109
11 137
50 142
69 139
37 69
50 125
46 126
72 140
70 143
88 89
40 88
49 176
176 188
55 96
6 55
98 124
63 101
111 175
18 175
2 101
162 184
