12.798003
149623
20
319
177664
11 17
42 77
8 38
8 74
8 88
82 94
9 46
22 106
10 70
43 88
54 81
36 120
82 110
32 140
22 57
32 135
102 130
70 101
70 79
46 60
22 125
87 129
17 86
46 107
87 97
32 73
87 128
26 84
3 122
3 111
3 49
19 24
56 137
32 121
51 105
32 91
17 133
21 39
4 79
69 118
14 71
123 131
9 138
18 134
20 58
58 113
58 100
58 70
58 122
83 116
87 116
28 95
28 78
28 66
28 36
116 131
50 113
50 51
50 61
50 63
12 80
5 105
28 91
58 67
99 133
3 136
22 136
20 27
27 139
5 21
4 14
69 123
26 52
52 72
52 109
39 99
52 121
71 108
33 108
82 108
104 124
104 130
43 80
70 80
13 80
127 140
78 85
85 139
85 96
85 137
6 62
15 62
61 103
103 124
56 59
59 118
31 68
65 102
25 65
7 23
17 23
57 89
89 117
72 75
75 112
37 90
42 47
32 47
134 138
82 98
46 98
35 119
76 119
2 92
84 126
83 92
53 126
62 64
54 93
93 115
29 35
15 29
62 67
44 66
44 48
30 37
30 132
18 114
19 114
16 114
64 90
24 34
34 40
45 95
45 55
1 41
41 81
41 120
31 127
