25.059120
68
30
40
205178
55 75
1 58
34 100
52 92
53 91
53 118
32 47
30 43
29 72
28 48
55 60
36 75
25 81
25 80
25 77
24 60
22 111
21 111
60 85
60 96
18 47
42 58
49 105
48 107
48 59
47 117
50 92
47 82
51 65
43 70
43 66
43 63
58 105
41 95
41 69
41 45
40 79
39 53
38 115
38 97
38 61
51 116
7 55
11 41
11 38
10 98
78 106
17 101
84 92
9 21
8 10
7 83
7 73
10 40
6 112
4 7
3 114
3 89
3 54
99 100
100 104
102 112
109 111
72 110
17 26
17 23
16 75
72 108
14 100
14 72
62 75
13 25
12 51
12 13
76 112
10 15
14 57
37 78
37 53
53 120
37 68
37 47
67 120
3 120
33 35
33 92
33 58
43 93
93 112
5 51
5 111
48 71
17 71
55 88
11 88
35 119
46 119
2 30
2 31
2 49
9 44
14 44
19 44
23 119
67 103
80 103
11 103
74 103
15 120
32 94
20 94
25 90
27 87
27 57
64 86
86 113
33 87
55 56
56 64
