51.778661
64418
63
19323
74218
87 128
70 281
70 289
71 250
73 252
73 348
76 262
77 299
79 129
82 346
83 98
83 226
83 320
83 342
70 258
87 181
89 130
89 288
94 336
100 120
101 250
103 290
106 311
116 284
116 350
118 311
121 244
122 304
59 277
48 139
48 347
50 107
50 192
50 307
52 73
54 57
57 182
57 237
58 129
59 86
59 195
59 242
125 290
60 120
62 130
63 263
65 171
66 140
67 205
67 216
67 321
68 239
69 115
69 289
70 234
70 244
253 273
193 319
197 213
204 321
210 325
211 261
211 266
211 305
212 346
235 315
240 263
245 315
246 343
247 315
193 203
262 301
262 344
267 345
271 294
272 327
272 328
288 332
290 344
292 346
294 312
304 326
304 331
310 347
155 250
127 218
127 333
129 183
130 219
132 323
133 153
135 296
136 296
139 300
143 235
152 288
153 311
155 243
1 134
156 290
162 267
164 169
164 347
165 167
165 220
168 343
169 177
171 287
174 197
186 273
190 321
33 255
41 267
15 123
15 254
1 146
1 197
39 116
37 130
19 69
20 244
1 201
47 347
33 316
24 127
33 309
2 77
36 169
6 302
6 293
26 68
27 90
27 243
3 67
32 264
27 282
28 139
6 187
32 184
32 104
4 27
30 193
42 287
11 343
13 272
8 68
43 263
45 287
14 68
15 102
55 127
147 161
176 321
173 270
99 343
5 17
170 325
170 238
170 195
67 170
72 274
151 248
46 116
46 313
46 270
14 46
31 74
148 209
80 283
80 340
80 158
117 227
117 291
327 337
59 117
124 337
65 117
320 337
228 337
149 209
197 251
160 188
66 160
160 267
251 291
251 262
93 256
93 147
93 113
93 111
163 321
117 149
151 322
200 337
103 229
12 120
46 322
99 170
33 189
87 189
116 223
223 345
163 173
222 258
87 222
200 251
50 56
56 77
339 347
70 339
339 346
207 230
230 307
161 339
35 94
35 239
105 272
69 105
297 321
51 297
159 256
43 159
275 295
15 275
244 275
236 311
236 294
44 236
6 10
10 54
75 275
64 288
59 64
75 286
185 262
78 290
78 250
241 334
68 241
5 170
187 279
77 279
109 130
57 109
105 158
236 276
276 286
87 259
73 259
175 287
303 334
191 303
88 249
3 88
25 27
137 154
154 340
23 154
215 249
126 207
126 323
95 126
97 202
33 97
34 165
27 178
178 269
191 298
298 324
225 263
127 225
11 314
157 172
113 318
148 172
22 318
315 318
172 232
40 193
139 306
29 53
165 231
120 179
179 315
37 91
91 317
96 202
96 278
221 285
9 112
85 197
85 145
31 330
32 199
165 199
72 170
133 349
7 210
242 329
196 349
92 295
18 92
38 329
7 198
108 211
119 273
15 119
138 139
138 194
44 84
84 257
169 308
296 308
150 341
53 150
141 145
141 335
21 142
21 146
157 214
214 280
16 313
206 208
16 338
143 206
160 330
265 274
260 265
110 198
110 224
81 144
49 304
49 129
144 268
180 339
114 185
114 166
112 180
131 238
58 131
61 311
61 81
175 233
40 233
12 34
221 229
166 217
29 231
108 217
