62.174665
36413
86
28522
38618
51 319
220 308
217 421
217 367
217 311
217 219
214 229
213 472
209 262
208 220
207 432
50 87
51 72
220 488
204 332
51 454
52 440
200 466
200 228
197 493
197 471
197 461
197 446
195 386
193 361
87 497
233 369
245 496
244 440
240 476
37 40
37 469
38 248
239 406
235 500
234 278
233 460
40 383
233 449
191 468
229 352
229 298
224 414
43 386
122 276
126 189
126 274
224 257
223 256
126 428
222 468
128 472
134 161
75 469
76 278
152 431
150 299
148 249
143 429
143 420
142 477
141 143
140 200
139 178
138 249
153 394
82 224
83 256
133 195
132 237
132 225
85 313
85 344
85 407
130 347
130 196
130 186
129 307
67 154
184 478
184 304
184 302
87 204
178 191
62 205
64 226
129 253
174 387
174 275
66 283
66 321
40 316
67 185
173 389
67 277
172 205
68 318
171 432
170 415
164 361
158 313
157 432
155 496
248 384
104 373
15 349
16 57
16 388
345 397
106 321
107 249
97 394
334 366
20 297
21 104
102 321
21 284
21 413
108 406
318 339
315 318
312 431
309 345
306 496
305 360
300 395
299 452
364 495
405 426
398 416
406 443
394 426
389 431
6 388
7 184
388 474
371 493
369 459
9 129
35 200
11 178
361 370
13 17
408 477
13 260
13 392
350 469
346 432
345 480
345 473
15 123
256 491
265 299
264 472
29 61
29 69
29 215
264 465
263 467
29 464
30 389
261 386
299 310
109 178
32 366
455 477
253 430
249 364
248 424
2 266
114 476
116 494
118 278
293 299
286 476
283 431
436 468
269 416
26 324
267 297
26 389
276 481
276 404
178 490
53 397
356 492
351 499
188 292
146 301
39 440
132 393
258 323
12 99
42 92
230 434
416 417
403 431
326 440
242 437
212 498
328 388
14 259
73 233
131 330
23 296
156 451
87 151
178 216
177 256
45 290
45 285
45 163
143 375
236 248
236 260
345 380
166 178
406 470
363 470
438 470
299 336
57 95
95 353
95 343
95 342
95 182
162 216
45 485
100 167
100 464
1 100
100 452
122 444
181 463
342 463
44 411
44 170
44 109
44 69
45 162
63 378
322 439
280 378
263 439
34 190
175 439
34 300
34 359
396 439
192 378
15 294
294 490
15 335
335 388
368 486
31 444
113 403
113 326
34 357
124 165
124 181
124 192
79 105
79 446
79 458
151 401
281 442
320 442
81 380
117 268
133 268
53 79
276 362
362 389
218 487
47 498
184 272
29 272
39 166
197 198
198 477
198 318
47 328
200 329
13 329
86 129
5 205
5 144
86 419
86 250
86 212
86 157
5 395
5 499
375 379
5 341
101 302
101 205
89 357
28 248
28 220
224 479
282 479
226 399
399 465
146 378
31 79
358 472
129 358
45 259
211 321
211 496
40 333
130 333
351 442
379 470
149 432
149 469
422 486
199 372
199 347
199 500
156 199
78 112
112 412
73 451
233 348
3 348
147 393
119 371
119 180
58 229
58 174
338 419
55 338
118 289
177 242
14 486
121 337
121 134
64 121
67 255
332 400
231 255
120 400
363 400
179 400
201 415
88 201
78 255
201 412
232 255
136 201
24 280
24 183
18 48
48 88
290 340
340 475
325 366
325 394
132 325
116 456
288 418
367 418
373 418
251 456
262 456
22 489
343 456
322 418
22 145
22 141
28 485
402 491
18 402
35 314
314 405
22 301
325 492
81 246
194 209
194 483
476 484
67 484
59 425
425 450
107 203
49 203
243 366
10 445
279 445
49 80
80 306
271 282
3 271
271 295
434 444
273 320
188 289
29 410
93 410
187 447
187 230
127 178
127 327
254 297
142 254
98 292
96 98
98 304
77 98
41 459
41 323
227 386
85 227
8 91
8 205
103 416
103 131
89 417
46 231
10 46
94 482
94 174
229 462
386 462
391 475
169 391
409 435
297 435
90 210
90 168
60 355
60 145
159 438
159 291
56 423
56 469
71 210
71 137
71 360
258 418
36 238
36 296
38 317
12 317
241 317
36 368
21 365
303 376
135 381
163 303
221 354
2 381
221 353
51 365
111 179
247 252
111 433
247 494
65 385
65 70
126 202
457 467
266 457
206 457
382 473
374 382
99 425
42 243
287 385
287 291
25 495
25 448
27 441
70 441
218 330
19 331
19 144
115 160
115 487
4 158
4 409
4 305
84 450
74 84
174 390
361 390
110 482
33 110
77 427
270 427
176 396
176 377
125 453
125 355
54 246
54 202
