6.433950
98002
14
78155
150276
13 95
35 71
32 113
32 98
32 82
47 90
57 90
61 103
10 105
10 48
10 41
68 90
74 108
8 106
4 89
10 65
78 110
18 25
42 49
16 90
1 80
26 90
73 87
55 64
56 81
30 81
25 81
81 87
29 100
81 109
96 115
51 76
7 76
63 93
5 114
38 70
43 70
45 70
109 119
86 101
46 81
80 100
92 114
23 77
35 92
42 77
50 103
50 111
77 83
40 92
92 102
38 50
28 92
13 50
1 77
77 85
29 119
115 118
61 118
53 85
88 67
2 32
2 90
110 119
46 76
15 40
15 23
18 70
12 28
12 60
16 76
14 43
22 91
91 108
50 65
37 95
37 94
77 104
48 62
14 89
69 74
7 69
62 84
55 73
97 104
4 24
24 44
24 106
33 79
33 78
39 64
17 39
3 31
9 32
27 36
17 36
67 117
20 67
67 94
58 101
58 97
66 93
54 66
66 86
11 59
11 34
11 117
72 112
107 116
19 52
34 75
21 75
6 59
6 120
3 26
99 119
49 116
96 112
52 63
