39.690836
61425
56
24773
72163
47 96
130 337
41 94
41 225
130 297
41 287
130 271
127 324
45 235
46 284
144 336
47 97
47 188
48 205
49 288
121 183
50 197
50 273
52 284
150 290
158 268
158 187
157 227
32 109
152 159
32 241
32 322
151 326
117 321
34 89
35 91
36 291
149 192
145 282
145 250
39 261
39 280
85 142
93 258
93 233
93 198
63 220
89 254
89 214
89 140
85 303
85 232
93 298
75 339
75 315
75 171
70 185
71 156
71 318
75 107
74 203
59 166
117 134
114 292
114 242
114 212
114 141
113 235
112 205
59 149
145 242
110 227
109 316
108 264
61 117
61 147
104 272
103 326
61 231
20 240
252 264
23 294
16 314
22 293
10 343
11 32
21 313
20 323
201 223
10 88
199 220
6 109
158 285
192 295
190 223
15 295
20 21
189 329
185 267
284 310
17 19
295 320
294 309
220 235
159 338
223 281
28 220
28 116
27 59
26 205
186 330
10 73
235 270
276 290
235 332
262 326
211 294
202 264
12 67
259 326
39 266
124 155
25 227
218 277
39 341
71 230
125 346
75 123
29 305
43 202
50 92
59 331
20 312
1 319
115 245
135 319
191 255
85 191
93 191
46 247
243 319
66 77
114 176
176 333
37 99
99 111
111 128
128 277
128 135
119 221
56 119
249 258
57 249
39 249
119 290
119 349
208 249
35 119
7 179
128 163
195 251
169 195
168 345
168 206
136 168
195 329
195 298
7 174
238 308
235 238
66 92
18 350
130 175
217 350
175 284
291 350
158 175
159 175
180 278
163 249
105 268
105 300
105 227
29 341
266 331
77 218
171 257
36 257
257 288
165 257
325 347
293 325
87 325
168 305
56 82
37 82
4 59
4 223
256 290
256 263
264 334
100 118
30 206
30 120
1 9
9 113
60 294
10 65
14 65
145 244
177 254
61 177
154 345
181 235
181 185
117 279
41 279
62 244
160 185
153 160
86 153
84 86
24 73
24 41
128 259
44 281
44 117
40 317
72 214
72 95
213 284
213 326
61 106
106 180
25 245
159 301
16 301
79 314
33 79
124 278
167 269
207 269
155 325
133 229
275 296
51 296
224 289
122 289
289 336
17 289
76 196
89 260
109 260
61 182
182 205
8 275
8 255
8 170
286 311
78 132
132 330
20 102
102 251
115 132
144 234
234 313
33 172
126 342
87 148
148 173
62 172
22 68
68 324
139 164
184 299
19 239
139 193
139 307
67 327
194 239
209 229
93 327
253 299
236 335
69 209
228 327
58 335
74 209
265 299
272 327
71 328
290 328
319 344
133 155
71 304
217 304
230 274
137 274
58 83
83 226
12 335
54 131
131 186
3 317
3 80
102 146
26 204
64 204
325 346
161 344
81 138
47 129
210 224
210 340
138 225
55 184
55 307
139 146
2 179
49 348
42 348
164 306
248 306
40 137
13 80
13 178
64 219
216 219
203 215
215 283
43 257
200 283
90 200
101 143
101 125
53 127
53 98
53 121
246 302
183 246
162 350
123 222
161 237
2 60
174 237
5 312
5 38
76 162
118 247
31 61
31 207
38 286
126 334
129 222
