26.329688
3208
32
53
152223
44 185
70 144
68 99
67 144
66 85
64 194
60 199
58 189
58 176
57 112
54 96
53 196
52 64
50 105
47 77
46 157
73 193
44 150
44 61
43 197
42 138
41 143
41 99
40 64
38 54
36 50
34 77
33 149
33 91
32 162
32 113
31 144
95 146
157 193
156 166
147 197
141 193
138 192
138 139
127 166
117 166
109 200
108 153
107 166
106 108
99 179
99 137
98 182
1 93
94 191
94 161
94 120
94 115
89 109
86 109
85 123
85 98
83 138
83 127
82 186
82 164
82 122
80 95
77 191
17 32
22 74
24 82
14 160
12 50
21 108
11 54
15 26
20 33
15 84
9 197
15 85
15 172
5 112
1 159
1 168
1 188
2 134
28 60
18 112
7 52
78 193
45 89
65 143
54 126
77 151
35 172
69 154
134 154
114 183
50 97
165 173
94 173
15 25
25 138
25 95
39 111
39 58
55 104
55 119
55 132
56 82
54 56
56 198
49 108
33 49
15 129
129 147
71 79
25 78
10 195
109 195
90 144
90 112
45 173
29 106
29 53
29 133
29 198
35 126
87 95
5 87
65 171
32 125
48 125
128 145
128 197
151 171
190 197
109 190
17 167
150 167
88 175
88 152
76 88
2 88
81 152
81 145
44 103
103 193
148 196
140 148
155 180
160 180
144 180
100 156
6 100
85 169
60 169
48 131
131 181
102 178
166 178
64 177
99 177
8 27
114 170
8 92
92 173
27 39
19 166
1 19
39 170
22 63
63 102
79 187
97 187
158 197
119 158
13 184
101 184
36 174
58 174
37 136
163 183
96 124
59 130
69 136
124 135
42 59
118 163
75 186
23 75
62 110
110 159
118 121
121 142
4 74
4 72
3 30
30 104
16 76
16 51
60 116
13 116
