12.933333
150739
18
11492
254947
11 41
7 68
22 93
22 78
9 28
9 37
9 77
22 67
56 61
18 88
53 74
57 73
11 76
11 98
57 84
16 87
16 21
59 61
15 34
4 74
39 61
42 76
35 65
74 92
34 91
3 72
51 57
5 54
5 66
31 83
5 96
30 88
25 82
25 75
25 46
16 69
44 81
34 97
36 73
86 88
85 99
35 99
60 70
14 33
27 50
20 89
6 74
6 57
3 55
55 68
40 55
23 60
23 49
23 44
12 19
34 95
16 95
49 100
53 100
38 72
7 10
8 38
26 32
10 31
32 90
38 47
10 80
13 61
9 13
65 94
48 94
58 83
27 58
52 63
42 63
29 88
16 29
22 79
5 79
12 86
25 71
11 71
1 97
64 90
22 64
1 36
24 69
62 99
17 62
33 81
2 19
45 47
37 45
24 99
43 50
17 20
55 99
32 70
43 63
