3.247739
191842
9
174173
224431
26 61
31 74
33 74
26 64
15 74
33 96
19 94
26 30
9 42
46 67
40 77
1 24
26 43
7 82
26 65
62 76
4 14
12 25
36 97
23 26
49 58
35 75
49 71
17 97
17 84
50 92
3 100
87 98
34 85
51 72
14 79
79 94
79 85
23 58
6 80
6 68
6 53
6 27
10 56
56 68
10 70
46 70
60 99
76 99
48 53
42 48
44 49
52 69
37 82
37 40
38 49
49 86
20 38
22 74
19 54
7 44
20 36
43 93
86 100
8 80
8 41
8 25
18 81
21 30
13 93
34 71
9 13
21 95
32 77
65 81
29 73
29 4
32 45
45 89
24 88
66 88
5 89
5 28
12 57
67 90
35 57
49 92
49 98
47 96
47 91
62 90
11 83
28 83
1 92
55 98
16 78
2 59
11 51
39 63
39 75
44 52
22 55
59 95
73 78
