15.450178
122700
25
47664
145982
52 109
70 115
11 190
103 176
69 135
16 42
123 127
18 127
57 167
57 149
144 153
25 125
94 115
57 79
111 127
51 118
113 190
30 127
84 112
89 153
115 178
35 42
132 190
41 135
42 61
42 68
118 173
176 189
6 109
118 198
5 191
79 174
2 143
5 107
2 102
40 75
42 97
34 36
117 148
104 150
64 118
99 163
59 185
5 124
115 168
42 183
11 177
94 164
46 179
93 190
100 160
29 83
82 176
56 81
44 105
4 129
135 175
20 159
15 23
56 93
137 156
15 37
37 71
37 84
37 117
37 196
99 137
37 182
46 137
23 179
81 137
55 61
44 55
55 74
55 145
12 96
12 134
21 190
5 62
62 193
55 185
139 152
21 110
3 170
170 193
12 104
72 170
29 82
25 130
12 177
49 176
42 49
168 170
78 170
63 64
63 124
96 188
121 188
39 50
39 198
77 118
77 155
77 112
77 125
119 121
68 119
31 95
95 101
95 153
40 161
10 156
10 30
140 161
34 154
14 17
133 200
133 138
153 197
72 171
171 200
36 95
17 83
14 197
138 192
122 165
27 122
75 192
8 151
131 140
73 131
80 195
2 195
45 66
45 74
2 33
31 33
73 146
53 146
32 43
32 196
54 181
151 183
134 136
136 158
80 142
19 142
101 180
169 180
152 157
157 170
55 100
22 128
28 57
28 155
22 105
165 184
160 184
128 175
106 127
90 106
24 67
24 92
65 187
65 139
60 91
71 194
166 194
76 109
8 76
58 87
4 87
13 47
13 121
13 199
87 169
26 54
26 98
26 134
141 174
114 141
1 85
1 120
130 159
85 88
88 92
88 109
3 86
86 172
20 126
38 126
48 186
7 162
90 162
60 116
108 116
9 147
9 53
129 186
91 181
