32.944825
482
40
55
164007
36 45
79 127
45 168
79 134
80 121
44 115
43 141
80 172
41 87
40 117
39 44
81 156
84 111
84 178
84 197
47 95
35 179
35 161
85 128
85 147
33 192
33 150
33 135
85 177
86 133
29 195
88 146
159 194
88 190
58 172
69 82
69 88
149 152
72 91
149 153
66 156
65 196
65 174
72 103
153 155
72 170
72 200
61 142
60 79
2 90
57 121
75 121
76 95
76 101
154 172
54 69
53 69
52 141
51 143
51 115
50 133
76 184
77 142
169 186
5 34
5 38
95 166
96 133
97 153
98 123
99 141
100 117
104 162
105 156
95 102
169 180
167 188
167 198
12 123
11 65
108 143
143 176
10 96
9 44
109 195
24 45
88 194
90 191
3 89
160 169
162 172
3 113
3 139
142 148
90 193
25 116
92 116
94 103
22 153
21 109
20 117
123 170
18 43
17 109
118 167
116 199
27 116
106 143
68 123
168 187
16 156
16 142
16 85
16 44
109 171
128 171
74 171
72 175
141 175
73 94
73 137
73 84
70 73
48 182
65 182
153 182
5 13
13 33
32 114
29 32
32 65
32 87
59 93
26 159
26 41
8 26
44 163
163 181
16 27
63 106
84 120
116 120
37 78
15 19
35 122
88 122
15 157
117 151
121 124
124 144
45 158
79 158
48 125
62 125
165 173
104 173
4 93
4 30
74 110
110 160
132 169
132 133
136 152
49 136
129 189
107 156
107 172
10 129
7 129
90 107
1 55
121 126
71 185
46 183
55 119
31 71
3 126
42 183
67 130
67 83
67 145
131 167
95 131
16 138
37 171
79 112
112 156
35 64
64 198
13 140
13 138
56 119
56 145
157 164
28 185
164 189
28 66
59 140
14 83
5 14
23 76
23 46
6 182
6 151
