76.193633
70603
83
184
87809
117 285
125 164
124 231
124 200
124 167
120 159
120 146
119 282
118 258
125 238
117 149
116 274
116 133
115 297
115 162
115 137
114 265
114 168
128 215
130 248
131 285
132 134
132 191
132 202
135 218
136 295
140 148
140 219
143 193
146 262
152 179
153 239
153 271
90 149
94 121
93 228
93 189
92 267
92 224
92 207
92 183
91 170
94 199
89 280
88 98
86 203
85 114
83 277
79 284
78 295
153 284
95 188
97 248
98 147
98 165
1 11
101 139
101 225
102 291
103 173
106 268
107 271
109 214
109 269
111 173
113 140
213 281
243 264
234 240
233 279
229 293
228 280
223 272
218 299
215 221
244 279
212 231
210 213
209 256
206 280
203 249
201 287
196 232
194 198
246 279
248 292
251 299
253 256
256 288
257 282
259 291
261 300
270 273
271 276
273 295
277 290
285 286
285 289
298 300
170 198
154 205
154 252
156 213
156 240
156 279
157 256
159 282
160 183
160 216
163 195
163 209
163 294
165 273
167 250
169 250
98 185
171 193
172 264
173 278
174 293
177 287
178 187
179 274
183 188
184 232
187 220
187 226
187 278
189 208
192 203
193 235
30 149
36 50
35 250
34 293
33 167
33 150
33 63
33 54
32 144
37 277
28 250
27 232
27 123
27 50
25 124
23 215
23 153
43 296
47 94
46 197
46 122
45 158
45 99
45 84
45 71
44 116
23 132
43 212
43 80
42 268
41 160
40 264
39 118
77 115
4 46
9 255
9 126
9 81
8 179
7 219
7 68
6 300
5 179
10 273
3 271
2 237
2 236
2 209
2 64
1 242
1 31
17 223
22 163
22 76
21 146
20 125
19 268
18 282
18 101
18 46
38 109
17 112
17 24
16 101
15 189
14 299
13 170
12 291
68 190
56 180
56 204
58 68
59 240
60 213
61 94
61 109
61 149
62 74
65 188
66 153
67 273
48 295
69 215
70 240
71 73
71 293
72 173
73 104
73 176
73 254
74 135
74 142
75 154
76 118
56 165
51 160
53 264
53 287
49 188
50 263
56 141
55 116
50 138
82 165
110 183
18 245
187 283
277 283
170 283
125 283
260 287
17 260
260 280
85 260
108 115
108 125
27 29
118 175
175 193
29 126
29 74
175 203
42 151
151 285
151 295
1 151
222 274
211 222
61 222
23 222
167 247
52 146
52 299
209 266
71 266
57 156
105 291
43 105
87 248
87 268
82 283
129 300
129 264
100 140
100 114
9 100
155 172
155 188
155 193
161 181
161 211
110 151
154 275
68 275
186 230
137 230
123 217
79 182
145 217
144 182
32 241
166 182
96 241
26 82
127 227
227 245
26 247
57 127
