8.996148
52144
16
130339
151638
80 160
49 94
31 125
56 69
56 125
56 132
58 142
70 86
30 90
20 103
76 145
20 71
79 80
15 160
80 128
83 148
86 127
103 109
16 148
112 145
20 66
20 22
136 139
20 65
81 123
2 145
40 75
17 38
86 147
107 122
148 150
6 8
45 156
108 140
114 121
32 95
113 148
77 135
147 150
52 80
39 113
72 80
72 86
18 145
52 75
31 130
1 130
1 116
116 123
116 131
116 136
60 67
65 116
73 139
20 36
45 116
33 88
33 47
40 73
129 156
74 100
6 129
87 148
19 36
105 159
15 124
108 124
13 106
13 118
29 34
34 61
34 157
8 13
89 151
19 33
13 50
38 130
29 82
82 148
82 96
78 82
34 57
57 89
140 141
18 122
4 95
110 151
110 133
115 155
80 85
85 155
143 153
25 96
25 144
37 111
37 145
5 97
26 37
5 26
3 21
21 143
50 153
104 107
3 104
4 116
33 74
97 152
134 152
100 135
111 154
99 154
60 141
11 73
41 67
41 51
62 92
99 146
49 146
44 64
44 126
7 91
7 106
68 117
32 68
33 84
17 120
14 120
43 109
42 149
42 138
9 43
30 42
43 149
23 87
84 159
23 53
63 158
53 114
46 142
46 94
12 126
12 145
90 102
61 93
101 102
10 24
54 93
48 54
27 119
48 55
35 105
35 137
28 59
59 121
73 98
63 115
92 158
11 27
24 98
