82.118607
13214
102
652
79406
114 161
126 397
126 331
126 193
125 165
124 330
118 213
114 400
114 378
114 241
130 305
113 351
113 322
112 306
111 365
109 400
109 328
109 272
106 183
105 386
143 247
155 387
150 269
150 251
149 158
148 394
147 314
146 225
144 242
143 349
104 399
140 355
137 392
136 243
136 183
135 279
134 245
132 226
132 148
130 379
77 178
83 313
83 129
82 267
82 180
82 176
78 382
78 290
78 219
78 214
84 265
73 88
72 83
71 110
70 257
70 217
70 168
66 350
66 287
66 233
95 294
104 372
103 256
100 225
99 166
98 377
98 359
98 338
97 149
96 243
156 380
94 143
91 213
90 305
89 366
88 139
88 116
87 321
85 167
84 370
271 302
294 358
292 392
290 386
285 297
279 327
277 369
277 347
275 366
274 343
294 400
266 392
262 334
262 314
252 294
246 309
245 317
243 276
243 258
242 318
315 390
394 397
362 388
355 373
348 396
332 386
331 335
329 331
326 360
315 393
239 315
314 333
305 340
304 311
301 306
300 391
299 344
299 324
298 387
295 300
168 237
178 188
177 193
174 213
173 302
171 192
171 180
170 299
168 376
168 288
180 366
167 361
166 368
166 227
165 398
165 342
163 299
162 211
160 360
157 281
198 360
238 297
228 279
225 284
223 397
220 311
212 353
211 253
201 277
200 353
104 291
196 388
195 312
193 203
191 355
189 395
185 243
184 242
181 259
22 92
26 350
26 278
26 119
25 296
25 169
25 74
49 132
50 302
23 380
22 310
22 208
29 366
22 91
21 371
21 356
52 149
53 122
21 189
18 82
17 353
55 107
55 117
42 183
38 39
38 84
39 300
37 211
36 171
33 167
40 46
40 303
40 348
41 171
53 207
32 324
32 321
32 232
32 222
31 397
30 381
30 336
30 80
66 221
44 245
63 193
12 386
11 178
60 165
11 102
9 76
60 277
60 360
61 111
9 75
62 93
62 324
62 375
8 111
9 364
64 67
64 179
7 355
6 331
4 109
3 186
2 182
2 153
2 81
64 352
2 7
65 388
13 387
14 357
55 210
55 381
57 70
16 289
15 297
56 62
58 150
16 254
216 324
154 298
308 392
21 341
121 187
224 306
69 300
305 319
28 205
205 352
98 205
86 282
145 215
83 145
103 145
45 60
24 124
101 110
101 231
302 320
24 241
101 309
24 260
24 325
213 320
101 345
242 320
126 323
88 323
26 323
84 323
159 242
159 245
159 178
54 209
54 379
54 142
59 78
120 388
120 395
120 256
120 128
230 297
64 230
384 389
248 319
7 51
51 400
111 190
132 190
69 341
69 121
249 282
268 386
149 268
127 143
255 314
255 387
243 255
145 249
45 131
53 280
233 280
22 234
234 353
194 343
102 194
234 388
123 194
234 389
59 154
218 236
183 283
104 283
53 283
20 259
96 218
20 142
20 141
27 320
19 374
70 138
138 315
66 337
19 382
279 337
68 114
68 264
164 346
28 346
330 346
16 108
108 166
34 216
9 286
157 354
168 286
211 286
312 354
270 354
83 199
199 311
199 380
248 323
286 389
34 187
202 383
181 197
264 385
5 48
307 385
246 383
345 385
5 195
186 383
5 273
197 260
43 197
115 180
115 126
198 250
250 380
71 261
229 261
84 133
133 152
133 292
48 293
293 311
1 14
79 357
1 206
1 339
79 204
47 87
47 175
7 79
35 40
35 150
30 35
10 113
10 167
35 389
225 367
306 367
55 151
152 316
25 151
172 316
240 334
240 363
69 224
131 244
113 235
235 339
263 387
16 263
127 244
