138.589353
7125
146
870
38983
183 467
198 352
196 247
195 326
194 462
192 422
191 405
191 332
188 499
188 391
188 258
186 371
184 475
184 388
184 370
203 328
183 245
183 232
181 268
179 453
179 271
177 470
177 190
176 459
176 333
176 261
174 356
173 450
173 383
217 417
236 459
236 356
235 290
231 318
228 298
226 479
226 450
226 379
222 378
222 287
221 434
221 225
219 325
218 318
173 362
216 372
216 222
215 242
215 221
214 273
213 422
212 384
212 359
211 237
210 238
208 328
207 283
205 274
134 408
146 177
145 497
144 374
143 462
142 280
142 200
140 168
139 475
137 497
136 386
135 271
135 251
135 187
134 492
147 298
134 213
134 189
133 169
132 323
132 230
131 296
130 387
130 194
130 162
129 260
127 474
127 325
127 321
164 193
172 179
171 288
169 423
169 227
169 217
168 357
168 248
167 460
166 316
166 293
165 496
165 433
165 345
164 295
237 287
163 268
161 388
158 294
157 422
156 340
154 388
153 188
152 191
150 367
150 281
150 241
148 371
147 303
340 500
371 443
370 400
364 372
361 372
354 467
354 366
353 490
353 458
352 467
350 428
349 389
347 365
343 406
341 354
375 435
337 489
337 347
336 376
331 338
331 335
329 378
328 445
324 417
320 355
319 493
318 450
318 348
317 420
406 427
465 485
463 486
462 483
454 465
428 432
424 462
420 477
418 460
417 478
417 440
415 475
414 472
410 497
406 481
314 444
402 460
401 452
395 413
393 406
392 473
389 429
389 419
386 471
386 437
384 425
378 428
377 395
375 456
259 288
274 495
274 378
273 409
270 489
268 382
267 370
266 374
265 356
264 333
261 488
261 416
260 451
260 442
259 378
275 376
256 331
255 290
253 261
247 319
243 460
242 455
242 404
240 438
240 313
240 299
239 489
238 466
238 287
297 298
312 370
311 401
310 463
309 420
308 428
305 333
304 319
303 494
302 352
301 376
300 353
299 386
299 371
298 436
1 106
294 334
294 307
291 333
289 491
289 457
288 339
288 337
287 331
284 465
283 448
282 401
277 359
276 290
35 399
48 397
48 149
48 129
46 475
45 166
44 61
43 142
41 326
40 499
40 487
40 385
40 47
38 465
37 329
48 407
35 233
35 217
34 182
34 77
34 53
34 36
33 303
33 164
33 131
32 381
32 197
32 129
32 111
59 254
69 106
67 498
67 315
66 472
64 347
63 473
61 363
61 216
61 97
60 179
59 458
59 368
59 271
31 351
58 67
57 289
57 280
56 312
56 240
55 401
52 473
51 59
50 59
49 412
49 235
49 180
49 124
9 20
19 340
19 89
18 35
17 384
16 196
15 125
14 237
13 314
12 201
12 54
11 356
10 467
10 213
20 29
8 355
7 449
7 403
7 367
7 344
6 260
5 327
5 185
5 141
5 75
4 384
3 374
2 238
25 352
31 257
31 236
31 223
30 273
28 454
28 395
27 426
27 411
27 160
26 499
26 446
26 390
26 229
126 354
24 420
23 431
23 224
23 176
23 109
22 405
22 269
22 175
22 75
22 73
21 388
20 469
20 235
78 112
93 476
94 196
82 447
82 311
82 204
82 159
81 489
80 177
79 131
78 128
93 464
96 274
98 290
99 472
102 135
103 237
104 303
78 100
106 346
107 151
107 368
89 298
86 250
86 118
85 459
85 374
85 319
86 480
84 359
87 196
88 118
88 314
105 422
89 375
89 376
90 101
90 206
90 213
90 330
91 93
92 372
93 216
120 463
71 468
114 242
115 131
78 85
71 299
71 262
117 375
119 183
116 347
121 164
123 150
125 236
71 155
125 263
125 279
127 190
70 283
113 358
77 472
113 322
110 329
77 191
76 226
75 389
108 173
74 355
107 398
113 367
113 439
72 329
286 362
222 272
306 499
95 299
95 292
222 421
170 421
65 202
65 311
65 343
65 402
65 473
234 314
234 355
234 358
83 190
83 396
244 430
170 430
309 430
483 484
328 484
386 484
242 484
271 394
394 450
77 220
217 220
235 285
184 285
68 142
68 294
272 306
89 122
122 129
122 367
178 462
178 289
178 196
122 292
209 311
33 209
342 395
342 420
132 342
252 294
252 396
360 459
10 360
234 286
107 441
441 465
441 463
132 369
268 369
130 138
138 326
406 461
359 461
461 497
38 199
199 380
12 278
278 283
67 278
42 451
12 42
42 345
62 326
1 62
75 249
249 337
39 106
221 482
10 246
168 482
39 166
165 373
27 373
246 273
