72.295069
3731
83
108
80795
115 146
124 190
123 249
121 149
120 186
118 244
115 314
115 307
115 264
124 327
114 341
114 295
110 122
108 185
106 256
106 191
105 142
103 344
133 209
142 149
141 300
139 143
138 326
138 268
137 309
136 324
136 180
103 130
133 174
132 163
131 334
131 319
131 216
127 217
127 196
126 323
78 255
83 227
82 300
82 129
82 89
81 261
80 207
79 310
79 277
87 146
77 302
77 160
77 101
75 280
75 238
74 166
73 199
72 100
97 203
103 118
102 131
100 303
100 290
100 179
99 260
99 128
98 323
143 305
97 102
96 127
95 122
94 339
94 301
94 104
93 123
88 199
225 303
237 322
232 257
230 255
229 337
227 259
227 253
225 346
225 311
243 248
214 261
210 256
209 331
208 319
207 221
205 272
199 228
197 340
277 298
321 337
318 326
312 324
286 338
284 338
283 337
280 315
279 324
197 287
275 326
258 309
257 269
256 276
254 347
247 302
244 296
243 267
154 313
169 266
168 261
166 323
161 254
161 235
158 277
157 263
157 205
169 320
154 208
153 282
153 222
153 194
150 225
149 349
146 207
146 153
181 185
192 285
192 250
192 206
191 335
191 316
184 255
183 347
182 343
2 51
180 350
180 306
177 322
177 212
175 209
173 347
172 180
170 191
50 99
46 252
46 303
47 106
47 113
29 161
47 213
8 234
8 152
47 265
48 154
28 187
49 103
46 66
51 240
8 57
7 163
53 76
54 64
55 77
55 103
55 119
55 125
55 308
56 205
14 67
32 157
33 244
34 97
35 343
36 251
36 281
37 124
70 76
12 205
11 257
31 243
40 61
25 256
40 293
40 342
41 309
43 218
44 58
16 255
44 237
44 317
9 76
19 177
8 262
2 332
20 75
21 207
22 114
68 169
28 42
4 197
27 143
3 46
67 230
24 44
61 256
2 107
67 155
65 157
64 230
22 330
64 215
63 161
64 167
28 148
24 343
69 288
7 85
69 123
1 36
68 209
6 294
6 239
6 197
28 111
6 17
146 289
325 336
257 348
204 340
123 204
154 204
204 243
44 233
176 200
200 270
222 233
200 283
86 200
99 233
278 337
109 303
92 186
92 145
59 105
59 329
236 315
218 236
45 236
236 328
73 193
143 193
55 193
122 193
62 198
127 219
117 301
117 261
117 197
297 299
204 242
140 244
140 324
140 347
39 246
39 241
39 171
39 141
18 233
13 326
71 103
38 192
87 291
71 227
226 291
122 201
201 323
151 157
151 224
223 230
106 223
40 134
134 185
60 257
60 131
164 244
5 43
164 205
5 178
5 310
114 164
242 299
268 333
304 333
2 211
75 211
147 328
147 187
147 188
195 289
7 30
8 30
30 177
15 97
15 161
336 348
156 198
116 330
91 345
91 247
91 144
116 189
116 240
84 309
84 124
82 165
77 165
18 117
90 112
90 325
177 231
176 231
202 323
202 209
62 164
162 220
174 220
149 292
292 343
76 292
6 274
274 338
26 271
26 152
52 338
52 72
23 199
23 36
135 261
135 185
10 67
10 190
159 345
159 245
193 273
13 273
219 278
92 195
38 109
