64.430771
17697
84
37495
61500
108 450
117 370
116 357
116 278
116 146
300 354
112 407
112 167
109 376
118 373
108 424
107 225
107 201
107 195
106 425
105 112
103 295
293 348
291 428
134 354
133 171
131 411
131 333
131 299
292 442
128 294
102 270
126 396
126 352
123 383
122 317
120 444
119 178
118 445
69 276
317 335
78 355
321 429
74 112
323 420
70 178
69 345
69 310
80 339
69 163
69 72
67 383
66 158
336 386
337 429
339 423
136 222
82 169
84 266
315 363
314 449
314 319
86 266
88 216
313 363
94 370
306 420
98 352
99 162
99 298
99 389
100 338
199 224
216 343
216 330
268 309
212 218
268 316
210 443
207 444
268 361
218 416
197 353
271 317
192 338
190 370
189 224
184 370
184 367
184 288
266 297
224 410
265 354
263 442
263 314
227 331
262 429
233 268
261 301
239 368
258 317
257 373
243 398
247 294
254 305
142 170
155 307
152 311
152 274
152 188
151 368
149 295
143 305
142 422
158 178
141 338
140 433
140 388
140 149
139 324
290 291
136 397
2 11
161 204
286 415
166 353
168 398
169 204
169 384
171 430
172 277
175 450
286 409
283 305
179 294
180 210
273 339
184 208
7 444
405 442
10 172
9 171
41 285
377 410
21 112
23 352
8 140
41 426
7 376
41 61
6 376
415 423
5 101
4 108
353 380
363 379
398 412
15 347
18 44
364 400
15 77
15 38
18 221
18 339
5 51
18 355
46 282
46 75
373 395
43 295
13 348
374 429
381 425
30 125
2 115
56 210
30 174
30 432
29 216
2 173
31 272
1 314
349 425
32 244
32 406
3 205
28 240
3 219
348 390
40 131
40 74
3 238
27 46
26 32
3 215
35 291
39 104
378 383
37 286
181 393
246 326
56 165
30 160
97 251
362 425
328 332
394 398
295 375
60 218
30 59
268 284
140 446
252 370
142 312
113 249
113 172
113 166
111 172
14 223
228 358
24 440
325 329
38 427
66 325
325 340
318 420
153 427
381 436
191 318
314 318
186 427
200 427
50 436
214 383
214 368
214 259
3 214
62 412
256 326
62 266
235 353
132 256
145 256
15 235
245 444
83 245
152 203
203 354
89 203
18 203
114 213
177 284
210 279
279 376
177 440
95 196
34 95
32 85
165 436
62 418
96 124
124 429
124 314
124 286
368 387
144 387
237 439
237 294
50 124
34 65
65 224
202 291
116 202
160 427
131 399
269 399
150 318
102 448
313 448
209 229
17 209
182 209
228 235
332 358
241 339
184 241
59 375
24 325
140 327
262 327
150 214
303 413
185 236
88 236
236 400
191 303
194 303
291 303
229 236
325 362
236 328
234 289
289 320
159 351
208 382
159 316
159 372
139 289
382 386
382 392
260 289
181 209
213 303
206 352
206 338
275 283
18 275
136 275
394 402
196 231
231 354
231 385
231 297
156 172
156 320
52 393
76 354
52 342
76 108
234 341
270 341
63 274
144 302
68 302
63 104
81 226
25 157
157 171
157 169
53 216
226 328
48 420
48 169
135 232
178 232
248 446
159 246
220 294
220 278
64 194
5 64
39 365
287 365
94 401
137 401
20 224
20 99
36 319
36 100
49 130
15 49
154 431
363 431
91 164
91 286
97 275
312 402
17 45
16 21
16 408
121 350
240 346
45 438
93 435
129 356
346 359
187 267
87 93
356 438
58 187
193 249
167 350
193 296
60 111
79 137
79 403
22 198
142 198
324 441
148 441
223 248
31 73
73 360
145 404
55 404
57 155
57 261
57 374
147 363
147 373
69 147
12 42
14 42
250 366
250 299
164 230
230 281
269 322
90 322
71 301
71 344
33 334
25 434
217 414
334 445
110 434
259 414
22 255
255 371
47 186
47 264
421 444
308 385
58 421
127 308
87 421
28 308
54 162
54 272
54 419
13 92
92 368
61 92
5 183
183 317
19 107
19 178
253 335
253 331
227 242
242 369
112 211
2 211
135 138
138 391
55 176
176 437
130 304
304 417
280 442
46 280
250 418
252 447
85 447
