76.487684
25321
82
2445
73856
116 237
126 141
126 138
125 252
124 237
123 262
122 179
119 249
118 206
126 196
115 255
115 190
113 172
113 156
113 115
111 162
110 256
109 194
126 229
128 198
128 238
128 296
129 171
129 248
130 144
130 199
132 157
135 142
136 273
137 278
140 187
141 162
141 187
95 294
82 129
85 277
86 220
86 234
86 242
87 173
88 190
90 236
90 268
90 281
92 260
93 122
94 139
94 243
94 290
142 202
96 100
96 145
96 258
97 294
98 109
99 149
102 185
102 197
102 278
102 289
104 237
106 110
108 169
109 160
109 166
200 298
213 273
212 247
211 246
211 223
207 255
204 272
202 224
201 282
215 260
197 282
197 230
195 262
189 272
187 291
186 255
183 214
182 288
218 239
218 243
219 221
219 243
220 272
222 262
226 260
230 292
237 296
245 282
255 267
262 298
266 273
277 283
297 298
162 295
143 260
146 182
148 191
148 271
148 297
149 249
150 287
151 259
151 261
153 182
154 190
157 183
158 169
160 263
162 261
96 175
163 280
164 211
167 188
167 233
167 279
169 192
173 286
174 206
174 274
175 277
176 200
180 205
180 235
180 241
182 197
52 252
18 278
41 272
42 183
17 270
43 70
44 59
45 102
47 59
48 131
48 181
48 299
49 142
50 247
51 118
39 108
53 132
17 212
53 253
53 293
17 68
54 163
16 200
55 66
15 23
14 263
55 168
55 264
56 130
21 121
26 292
27 163
25 174
24 190
28 110
29 263
30 94
23 298
32 51
23 217
23 210
22 78
21 203
13 162
21 46
34 51
35 76
20 263
35 83
35 170
35 265
36 184
36 227
36 236
36 269
37 218
38 66
71 276
3 86
4 113
65 296
67 106
67 218
6 120
69 219
6 40
70 226
70 244
5 292
65 147
72 122
72 237
6 38
79 80
78 240
73 247
74 278
78 105
75 150
78 83
61 294
12 151
1 163
1 294
11 17
59 284
79 150
10 247
9 249
60 187
6 155
8 282
7 128
63 219
2 65
64 148
62 252
65 133
6 241
103 141
197 254
127 134
101 220
232 279
59 232
169 232
232 292
48 89
89 183
89 151
77 89
1 152
152 212
6 152
160 300
77 300
193 243
193 296
36 231
122 231
101 134
91 115
83 91
228 285
48 285
142 161
208 211
208 249
208 297
161 174
70 208
150 161
83 107
71 107
107 117
107 251
165 209
117 209
165 178
159 178
178 212
178 228
81 110
81 130
6 81
58 96
58 90
103 114
19 297
19 160
151 216
173 216
21 216
81 254
99 112
57 112
167 250
51 250
114 127
225 273
33 129
84 278
224 257
21 225
84 252
220 275
31 275
177 257
33 277
