14.566165
24929
19
2542
259427
25 100
76 92
15 20
15 24
15 83
67 85
34 97
64 84
18 57
21 92
22 82
23 62
16 85
26 54
26 63
52 64
29 88
30 69
50 70
49 64
32 42
33 73
33 92
34 72
81 85
47 90
95 97
90 94
42 46
4 20
86 100
13 57
80 88
42 53
79 100
12 69
9 97
10 82
11 69
8 57
26 40
48 88
52 77
71 75
7 26
89 90
89 100
5 90
5 92
43 51
36 77
19 39
4 31
31 65
31 73
59 64
59 92
27 69
26 27
36 31
61 82
45 46
12 45
96 99
41 99
87 99
17 42
15 17
69 98
1 98
55 96
55 58
74 87
28 74
50 74
26 78
56 78
48 60
14 61
45 51
40 99
23 37
6 37
37 72
38 40
43 60
14 38
35 62
2 35
19 75
44 66
1 66
3 88
3 85
57 93
93 97
56 91
68 91
7 37
