119.187337
31757
127
7403
83484
172 190
190 336
189 211
186 399
186 386
186 326
183 419
178 360
175 394
175 337
175 269
172 244
172 239
190 375
171 255
171 224
171 188
170 360
169 355
168 247
167 397
166 294
165 179
164 277
164 237
164 173
202 321
216 222
215 289
213 432
213 363
213 343
212 440
212 306
211 351
211 290
208 362
206 249
202 416
163 166
202 207
200 366
200 295
199 341
198 402
198 379
196 390
196 346
194 390
193 341
192 339
191 436
123 249
137 230
1 100
135 344
134 419
133 384
133 373
133 318
131 212
130 318
129 415
128 429
127 346
137 437
120 144
118 144
117 223
117 151
116 166
115 368
113 344
112 302
111 333
111 260
111 225
109 233
156 379
162 410
162 277
162 238
161 340
161 310
161 283
161 264
160 229
160 192
159 397
158 233
157 350
218 414
154 415
153 300
149 379
147 433
147 283
146 374
146 196
145 291
144 400
141 227
139 371
139 357
304 431
335 432
334 362
331 349
329 355
328 361
327 402
320 355
317 346
314 409
314 322
308 436
307 396
341 442
303 370
302 401
302 383
297 397
297 381
294 362
294 313
291 446
289 364
284 323
281 335
280 426
373 428
440 441
411 443
404 448
403 427
399 415
395 402
391 426
384 392
382 448
382 418
379 423
377 419
279 300
373 398
371 424
370 431
368 431
361 405
360 363
359 370
349 420
349 408
345 436
344 356
342 429
229 232
240 289
239 412
239 243
235 390
234 316
234 267
233 304
231 384
230 447
230 399
229 430
229 338
241 323
228 426
227 330
227 274
227 260
222 427
222 422
222 323
221 403
220 435
220 365
220 305
219 230
261 282
278 313
277 300
275 368
273 450
273 353
273 319
272 429
268 418
266 390
265 403
263 448
261 285
136 190
260 360
258 350
257 415
256 335
252 318
250 258
249 322
248 318
247 312
247 292
246 360
244 294
35 94
47 103
46 147
44 146
43 276
42 413
42 378
42 68
41 314
40 234
39 165
38 74
37 117
47 259
35 36
34 445
34 271
34 254
34 214
33 261
32 298
32 201
32 91
31 367
31 283
31 177
54 79
62 271
62 182
62 121
61 239
59 299
59 203
59 174
59 95
58 429
58 107
57 323
55 111
31 132
53 313
52 186
50 370
49 434
49 172
49 124
49 119
108 349
47 406
47 366
47 354
9 325
14 35
13 436
13 244
13 171
13 48
13 42
12 420
12 296
12 187
12 152
11 335
10 200
15 144
9 107
8 384
7 162
6 368
5 181
5 114
4 43
3 71
2 432
2 388
2 236
2 176
22 311
30 443
30 251
30 140
27 313
25 438
25 198
25 56
25 45
23 146
22 431
22 387
22 315
48 361
21 100
19 139
18 125
18 58
18 51
18 28
17 348
17 242
17 81
16 373
15 222
100 135
80 352
80 185
80 126
80 85
79 372
79 160
99 178
99 418
80 420
79 142
78 291
102 396
77 346
76 402
75 418
74 195
74 184
93 362
87 89
87 441
88 213
86 444
92 164
92 302
86 260
86 185
63 414
94 285
84 300
95 273
95 355
96 414
97 100
98 166
82 249
103 396
66 207
107 180
67 209
73 86
67 324
106 406
67 325
107 425
105 398
105 147
69 165
62 286
69 302
103 104
70 192
66 192
71 138
64 87
71 262
65 350
393 431
101 432
205 277
419 439
369 439
30 439
106 421
253 421
175 309
213 309
202 301
26 35
26 100
270 361
90 245
270 323
26 414
249 287
301 397
32 245
211 287
43 245
212 245
71 287
103 301
220 270
270 449
110 261
110 289
110 144
122 196
122 283
301 393
101 287
20 424
20 411
20 271
20 197
60 90
60 344
60 350
60 426
133 204
160 204
204 271
24 217
26 205
24 449
83 86
83 291
83 302
210 244
74 407
403 407
143 217
17 380
5 380
385 420
95 385
369 376
332 376
58 150
150 399
148 165
148 247
226 234
139 226
288 448
117 288
29 260
29 198
67 155
200 389
87 155
222 389
358 437
358 417
155 341
143 293
5 347
199 347
72 350
