20.568516
115879
27
43249
121523
42 106
65 83
62 150
62 147
62 87
59 129
59 73
57 93
51 144
47 145
45 106
43 104
42 117
65 169
40 59
39 134
39 65
36 145
31 58
30 118
28 75
25 116
23 100
22 63
21 119
104 130
165 167
164 167
134 171
127 145
122 175
122 149
122 146
116 123
115 140
112 144
111 116
106 158
1 75
100 178
100 140
98 104
95 170
93 103
92 167
91 122
75 139
75 113
66 95
65 172
21 55
21 68
2 134
3 59
14 130
19 144
13 95
11 59
19 33
11 85
11 79
6 93
32 50
21 76
106 161
80 104
60 167
120 170
34 148
53 64
16 46
56 144
49 136
97 151
97 156
97 175
10 125
7 125
104 125
116 125
125 145
125 153
8 109
125 166
168 180
127 180
62 180
107 177
107 110
74 107
29 180
102 154
138 154
107 166
59 160
55 160
16 56
8 49
109 125
5 65
5 54
15 86
86 93
86 102
76 81
101 161
84 115
10 84
86 148
80 105
60 81
27 31
27 59
24 137
24 136
24 118
26 27
27 94
24 156
17 122
17 75
14 71
71 133
4 52
4 100
4 65
101 120
124 144
93 124
11 135
25 135
70 177
70 143
92 108
78 134
77 108
69 78
38 53
38 133
6 114
34 105
32 114
82 95
59 82
46 152
152 157
75 179
9 179
33 121
37 121
12 54
12 128
89 173
88 89
22 89
7 89
96 142
96 132
30 159
163 176
18 159
29 163
137 174
155 174
142 174
67 88
41 67
72 106
72 90
90 99
48 99
20 44
20 63
69 131
131 141
61 132
35 61
58 126
126 162
