12.160132
84682
21
17037
155866
71 145
32 128
80 122
32 123
73 119
32 62
73 88
17 55
17 131
73 76
17 157
32 43
1 160
71 97
30 45
67 155
67 147
67 108
60 78
66 71
28 98
64 126
60 139
26 160
4 45
104 160
40 67
115 160
95 152
95 130
95 113
9 60
9 33
45 85
74 85
35 135
39 77
11 75
132 140
83 118
32 94
101 150
73 106
3 71
68 160
21 130
51 121
13 52
67 90
96 127
19 124
24 37
31 92
107 111
56 71
18 56
6 107
23 56
62 107
44 103
58 138
109 154
3 103
90 109
10 58
44 154
70 91
63 91
91 118
49 100
49 126
49 150
12 49
35 72
43 137
25 125
18 25
22 25
25 55
25 63
5 65
29 65
20 84
16 72
38 159
38 135
38 98
48 54
15 151
31 48
91 138
72 140
127 156
22 105
10 72
67 144
73 144
145 153
149 153
8 142
40 142
29 142
106 107
54 156
21 61
46 92
23 46
57 125
47 57
60 148
95 148
52 61
17 141
141 146
45 141
2 80
89 93
2 13
64 82
82 146
2 74
94 151
33 136
34 136
116 136
56 68
102 143
24 102
2 11
39 50
47 50
42 88
42 99
19 129
111 129
5 81
27 81
7 122
7 133
84 114
86 114
115 134
59 134
1 120
87 120
83 114
93 101
20 51
36 110
53 69
53 121
14 79
59 79
41 158
16 110
12 112
112 117
37 72
124 158
