28.259612
73256
39
57225
86337
89 191
75 87
76 199
78 191
79 130
83 86
85 91
87 210
89 131
71 162
90 162
93 106
95 124
99 113
99 149
99 152
99 236
48 216
29 186
29 199
31 205
35 199
37 107
40 212
42 177
46 177
100 230
49 76
53 158
55 147
57 213
63 177
68 244
69 232
183 199
151 162
153 191
156 205
162 213
162 227
167 179
175 232
180 199
147 194
185 232
186 233
186 240
186 249
193 194
206 212
242 244
123 224
102 232
106 132
107 161
107 248
112 130
123 198
123 201
123 204
2 53
124 212
125 216
133 241
139 216
144 171
145 205
147 170
1 8
8 56
8 59
6 54
26 114
22 115
4 87
14 241
15 99
15 199
21 160
16 171
17 26
2 223
2 228
20 222
20 119
20 218
27 134
123 138
117 150
74 142
59 169
62 232
2 157
13 199
137 162
20 103
168 171
129 159
110 122
122 141
122 229
70 122
80 122
13 159
128 140
128 241
30 189
96 163
96 117
178 230
48 178
130 202
186 202
103 137
32 158
101 181
181 195
163 181
32 246
10 32
7 32
44 181
157 168
121 127
45 171
45 162
47 166
20 148
148 241
74 96
130 245
87 245
172 239
106 111
2 111
58 239
34 249
34 201
34 195
34 165
22 34
212 231
99 231
41 212
10 41
39 75
39 84
32 169
26 220
118 127
167 209
27 209
209 225
97 126
97 184
72 97
54 97
73 146
38 155
146 197
146 149
140 155
131 211
92 146
18 211
234 244
138 234
51 178
84 238
229 235
198 235
58 238
104 118
121 146
61 161
61 142
62 181
178 182
3 126
3 116
44 105
6 105
105 243
160 196
19 214
19 88
19 24
19 95
77 129
8 250
191 250
77 182
98 100
25 98
207 216
120 207
36 193
24 36
9 36
182 220
171 237
67 237
64 94
23 94
35 94
11 141
11 108
43 147
43 205
85 187
164 187
57 187
71 226
28 226
5 217
5 8
107 173
173 200
143 154
90 143
51 196
91 188
65 188
96 135
47 96
135 209
30 166
7 66
52 66
64 82
177 203
82 221
116 219
215 219
136 208
33 176
33 120
208 215
60 236
50 60
189 192
174 192
81 83
81 179
12 81
190 247
86 190
104 109
109 203
