37.963794
43614
57
35112
72927
63 190
27 174
211 246
210 283
241 277
51 74
206 324
206 230
53 301
53 306
23 300
205 301
57 260
57 323
215 255
247 282
20 245
20 85
198 316
128 203
197 304
18 211
67 78
17 241
193 301
190 228
163 203
119 158
117 144
117 238
118 154
35 340
116 268
34 236
34 231
34 186
34 148
38 118
237 280
39 325
118 302
250 276
40 127
43 206
217 300
110 337
120 223
110 334
110 288
30 108
29 321
46 127
215 295
241 264
85 291
153 190
8 336
166 219
135 237
185 216
152 282
167 224
138 237
149 268
174 195
85 106
85 123
174 258
185 341
95 304
3 315
3 249
3 143
182 301
87 108
2 140
2 136
2 55
177 211
90 117
91 211
92 127
257 333
165 214
102 276
15 188
14 314
14 293
73 223
14 124
14 71
74 88
74 207
74 322
75 215
292 300
76 101
133 223
76 278
276 319
187 325
78 170
78 208
79 268
185 344
3 31
5 304
203 343
135 192
208 285
108 332
145 284
108 273
105 326
102 111
156 190
13 215
107 317
279 342
204 276
147 310
52 188
137 160
202 240
32 162
111 137
107 137
58 115
25 161
18 141
21 172
267 268
180 267
109 191
191 339
127 191
68 74
68 113
68 212
68 223
3 68
2 191
184 286
199 335
130 199
180 199
55 103
93 186
93 281
93 131
199 332
203 274
11 103
86 331
162 204
312 345
252 327
116 252
78 312
175 252
294 312
179 312
31 252
199 209
28 103
108 261
213 261
314 338
112 338
72 338
253 338
16 223
44 169
14 169
28 269
84 142
285 338
126 157
29 126
126 308
9 78
9 251
25 103
93 105
34 69
202 310
126 160
71 83
83 284
32 161
4 338
47 254
84 263
157 263
269 273
145 254
141 178
47 142
69 317
242 326
215 242
200 300
118 200
121 122
122 220
37 222
37 166
168 253
54 112
54 304
298 321
205 298
88 350
237 350
178 274
64 345
13 331
22 168
22 37
277 313
313 337
78 287
110 287
108 243
129 256
329 349
113 227
173 227
172 243
165 256
89 306
245 329
243 257
227 286
56 70
57 256
70 219
70 235
81 329
89 147
89 265
6 57
6 223
89 343
19 34
19 114
16 156
100 229
229 271
194 320
26 325
26 347
62 98
86 98
59 226
110 226
82 184
155 203
76 155
85 125
125 241
125 206
238 244
40 244
49 117
49 325
33 174
33 179
51 104
50 104
158 311
109 311
146 215
146 239
239 270
171 270
282 303
268 303
45 63
45 292
189 211
42 189
35 296
220 296
307 347
234 307
59 272
151 272
1 121
183 291
183 198
183 259
1 81
1 196
21 52
56 65
65 297
159 289
282 289
108 318
10 318
305 336
114 305
60 305
8 24
24 279
24 290
82 229
61 233
99 233
221 232
196 221
159 330
218 330
96 132
10 96
36 328
119 328
48 185
275 349
150 275
316 346
7 346
131 181
181 262
225 248
91 225
41 309
41 214
164 167
99 164
164 210
233 240
97 176
148 176
212 266
80 266
94 333
77 94
139 201
139 224
12 134
12 271
299 348
58 299
15 299
66 115
66 320
48 137
