10.009052
23678
13
175
173511
12 15
68 103
103 113
97 115
9 39
69 93
90 112
56 64
86 109
38 95
11 90
62 77
12 25
46 80
12 119
46 50
79 85
16 62
41 50
56 89
19 52
18 54
30 90
112 120
52 74
110 115
52 111
53 85
36 110
106 115
33 90
37 77
62 88
6 50
5 56
103 116
73 85
56 57
67 104
58 66
63 87
31 62
35 63
1 76
56 75
2 62
3 50
70 118
10 103
43 111
60 108
65 116
33 44
7 44
91 99
23 32
23 50
23 86
14 50
14 28
81 23
81 90
81 85
1 100
54 100
39 100
26 81
72 98
4 42
45 100
26 72
7 100
29 40
10 87
48 98
28 48
21 27
29 105
62 101
101 115
31 65
3 40
21 76
35 60
42 57
24 92
37 71
71 85
107 108
104 107
34 90
34 78
17 59
17 62
13 49
49 95
43 105
70 75
22 55
58 99
22 73
80 82
82 91
52 61
12 61
9 83
47 83
49 67
96 117
117 118
51 84
15 84
24 27
69 114
92 114
93 102
94 102
4 8
8 20
