76.325599
71420
94
52005
75232
151 440
161 165
159 167
158 216
157 367
156 309
156 294
155 387
155 328
155 185
152 397
161 173
149 332
147 237
145 425
145 399
145 202
142 272
141 309
139 377
137 310
135 220
187 289
207 294
206 215
203 258
201 327
199 289
197 377
196 320
191 373
189 322
188 215
134 220
184 264
182 198
181 385
178 432
177 281
171 294
167 252
164 332
163 227
89 215
98 354
97 309
95 402
95 366
95 273
94 161
93 316
93 265
93 146
93 101
101 309
88 436
88 420
87 338
87 299
86 88
85 300
85 264
85 216
85 174
78 411
117 229
133 382
132 395
131 212
127 435
127 233
125 246
122 264
120 257
119 397
119 382
209 234
115 411
114 297
113 169
113 166
108 444
107 330
104 222
103 255
102 113
289 442
308 368
306 448
301 414
300 303
297 394
296 337
295 450
295 428
293 365
290 411
314 377
289 419
287 420
283 397
281 324
281 304
280 367
278 444
276 339
275 342
274 293
368 415
429 439
422 427
414 418
412 422
392 444
385 409
382 437
380 396
378 442
376 425
272 421
367 370
363 406
346 385
345 435
343 414
341 397
339 390
330 447
327 431
217 235
229 317
229 278
227 335
225 300
224 440
223 310
222 396
222 311
219 295
218 337
231 291
217 228
216 417
216 266
215 391
213 232
212 323
210 261
209 319
209 315
251 261
272 376
269 444
264 377
260 261
259 330
258 429
258 360
257 329
257 284
255 403
1 100
243 310
241 250
240 327
239 302
236 338
236 325
235 356
233 248
231 372
50 315
42 349
42 359
43 169
45 300
46 293
48 99
48 193
13 432
48 380
13 160
13 68
12 217
50 112
42 287
50 381
50 406
51 440
8 368
54 264
55 87
7 373
6 443
57 373
58 236
59 345
6 388
6 20
31 330
22 178
22 270
22 283
22 449
24 34
21 379
25 345
21 354
21 39
27 422
28 237
29 332
31 191
75 255
32 167
34 53
34 179
34 222
34 260
17 282
17 271
36 220
37 148
38 236
40 212
42 130
17 82
1 91
64 71
4 233
64 263
63 337
64 277
65 339
73 398
2 237
1 430
73 356
66 297
67 279
69 227
73 313
70 272
183 186
304 416
85 426
307 434
326 370
92 281
214 221
85 321
49 405
32 49
49 52
33 331
242 268
242 342
217 407
16 23
16 44
16 189
16 348
16 309
64 318
262 394
50 262
150 262
262 336
348 433
345 433
47 334
81 329
226 333
47 428
155 333
81 143
81 389
195 325
41 318
49 326
49 92
190 438
190 204
138 407
60 277
20 60
333 375
155 168
83 124
168 330
124 344
124 241
124 126
17 168
106 281
106 309
351 367
96 288
42 383
131 288
113 383
368 383
182 288
90 383
121 352
121 239
121 243
185 230
168 438
121 416
41 176
110 353
132 353
205 297
205 411
73 136
126 172
172 244
247 347
183 285
172 213
247 281
285 363
238 285
285 371
247 275
204 383
176 375
288 426
136 423
5 444
5 222
5 310
5 273
230 312
77 88
77 377
78 267
267 281
84 233
84 385
116 209
116 257
138 433
200 294
200 272
231 357
95 357
74 423
208 289
208 212
143 408
368 408
211 359
211 395
30 373
30 215
237 298
298 337
87 441
21 298
327 441
109 211
6 340
339 340
385 441
245 403
154 194
195 305
47 386
306 361
170 361
74 404
298 404
108 140
123 140
247 307
401 414
227 286
145 286
48 401
121 386
154 351
22 35
35 229
245 305
144 378
393 397
144 162
258 393
67 144
161 393
98 105
105 148
105 446
76 350
174 350
33 321
194 221
9 422
9 167
62 448
62 334
62 111
175 364
175 250
125 175
26 196
26 180
11 13
11 220
192 445
123 445
246 358
358 371
254 358
61 107
10 61
3 293
3 236
322 400
18 400
150 410
410 424
52 56
56 253
413 440
14 129
382 413
79 129
15 93
15 332
1 249
249 295
80 214
72 80
128 355
128 320
19 369
19 331
226 384
118 153
90 256
70 153
256 362
292 384
79 374
237 374
26 168
