13.009223
321
17
19
233745
31 45
42 90
40 97
40 92
40 89
39 81
39 74
39 52
37 100
31 78
31 60
48 77
30 37
15 73
28 30
17 93
18 28
27 37
26 31
25 71
25 41
24 67
55 95
93 99
80 90
77 79
69 77
68 87
64 93
2 68
60 73
58 73
56 90
55 83
5 68
55 77
54 93
7 28
8 28
9 25
10 55
52 85
1 25
1 94
1 31
3 53
13 78
20 29
29 94
50 67
50 61
29 85
62 93
22 89
57 84
46 63
46 86
3 23
23 24
39 59
37 59
33 76
73 96
77 96
6 66
70 86
16 38
38 57
47 98
70 91
32 98
55 72
68 72
35 82
49 51
35 36
20 51
35 76
51 99
12 40
12 73
14 90
14 40
6 44
43 44
36 75
1 88
63 65
40 65
11 88
1 50
4 48
4 47
21 50
19 21
34 53
1 75
62 84
34 66
