26.332447
8118
29
125
197126
1 17
55 100
52 95
52 82
52 73
51 81
51 66
49 115
47 115
44 107
44 89
44 64
42 82
55 102
39 120
39 62
39 53
39 43
37 111
37 50
37 45
36 73
35 40
34 43
32 55
32 37
73 74
112 115
108 118
98 110
95 97
93 104
90 120
90 103
85 104
84 98
80 119
79 99
73 105
40 67
72 120
72 114
67 108
65 79
64 104
63 87
59 108
58 72
56 63
55 117
55 108
55 106
19 82
7 78
15 101
15 109
7 32
16 20
15 38
6 56
7 83
7 113
5 97
4 79
8 61
9 108
20 77
10 20
31 40
1 29
1 67
1 70
28 57
2 44
11 52
21 97
26 82
25 63
24 40
23 72
22 90
14 98
63 88
71 120
46 52
46 99
46 67
13 32
3 115
3 51
27 71
15 92
92 97
30 94
76 116
94 119
11 94
12 116
28 116
52 116
27 46
18 104
18 20
13 88
34 48
41 48
33 75
33 80
68 76
68 98
86 98
44 86
57 69
54 61
54 100
69 91
54 60
51 96
67 96
