84.690112
44327
97
3008
66675
121 223
125 129
124 198
123 368
122 376
122 351
122 241
122 136
121 322
121 321
121 303
129 148
120 144
119 379
118 214
116 259
116 190
112 305
108 335
107 368
106 364
141 254
151 207
151 179
150 199
150 173
148 309
147 386
146 370
144 343
142 326
103 208
140 332
136 386
136 335
135 370
135 214
131 313
131 269
129 304
129 224
81 387
88 366
88 272
87 111
87 102
85 347
85 111
84 216
83 308
82 310
88 396
81 307
81 158
80 262
79 393
79 330
79 128
78 150
77 116
71 313
93 277
102 291
102 149
99 283
99 255
99 245
95 389
95 209
94 269
93 320
151 238
93 260
93 171
92 221
92 142
92 115
91 239
91 169
90 388
89 348
253 371
279 322
269 373
269 314
265 266
264 286
262 317
257 371
256 319
256 301
254 398
280 332
252 261
247 344
247 342
242 399
239 247
237 305
235 262
234 265
231 305
302 377
375 399
358 388
328 399
322 380
318 349
316 386
313 331
310 395
308 339
228 292
302 329
299 335
298 310
296 397
295 385
295 345
293 363
292 324
286 340
169 182
186 336
186 250
186 211
183 392
183 334
175 346
171 216
170 265
169 218
192 343
163 254
162 283
161 371
156 335
155 370
154 217
154 180
153 161
152 309
208 306
227 256
226 368
219 332
216 384
216 337
214 282
214 258
209 356
209 288
106 393
208 293
206 387
204 252
202 292
200 295
200 286
198 369
197 313
196 302
28 65
30 184
29 297
29 281
47 59
48 144
29 134
49 295
50 388
51 132
51 361
28 308
28 254
45 65
52 322
26 367
53 367
26 37
25 217
24 106
23 252
54 139
20 386
54 360
19 154
55 72
41 379
38 183
36 370
35 85
39 322
34 312
34 294
34 138
33 389
41 290
33 353
33 222
41 357
26 338
32 394
32 174
69 332
32 73
31 79
30 365
43 68
44 159
44 189
44 240
30 267
65 212
15 110
12 23
55 167
11 275
61 308
62 265
11 17
10 106
8 349
7 51
6 117
6 70
64 309
65 97
11 287
65 393
6 18
5 325
5 236
5 12
4 312
68 165
68 171
68 229
3 349
2 397
1 323
1 263
1 153
59 191
15 187
59 205
15 200
15 248
55 315
56 198
57 286
210 341
40 179
130 174
177 230
133 215
34 355
247 382
41 160
181 246
200 251
114 201
151 400
289 400
334 400
59 400
116 400
25 113
113 150
113 176
113 227
22 383
13 273
184 188
40 113
21 393
21 284
185 265
85 185
98 266
97 98
5 42
6 42
42 169
27 28
27 171
233 244
233 346
32 137
28 233
178 233
181 233
88 137
137 309
137 358
102 285
285 332
183 285
100 140
100 116
29 104
104 277
60 136
60 198
51 143
121 143
225 292
143 166
225 397
145 271
131 145
271 276
126 276
276 329
276 298
63 208
63 310
58 172
109 295
109 198
42 130
101 243
243 256
13 350
350 374
246 383
137 274
113 382
172 391
6 391
52 86
203 289
203 333
55 311
86 96
311 371
26 378
92 378
302 378
164 310
112 164
16 22
145 274
16 355
144 352
9 368
349 352
9 322
9 252
81 352
225 230
133 188
11 46
46 388
193 348
168 193
175 193
58 210
89 327
206 354
76 354
162 354
127 327
9 215
66 268
119 381
67 186
67 129
66 234
1 67
66 201
200 381
105 381
99 278
44 278
278 305
4 213
74 213
270 393
270 397
372 390
284 390
30 75
75 135
33 359
359 399
14 362
178 362
220 363
220 300
166 194
194 195
157 262
157 209
135 232
232 249
154 157
114 160
251 273
