6.968417
3416
11
143
174256
7 92
35 88
15 115
21 118
40 118
43 107
46 88
15 65
7 68
51 74
7 99
19 74
74 96
76 107
88 109
102 118
15 118
8 97
80 112
2 78
1 12
7 31
9 118
37 88
20 91
67 107
17 106
74 82
16 116
15 116
15 61
69 116
53 70
50 104
13 58
48 58
4 58
18 38
6 107
1 31
23 71
64 107
39 90
62 93
15 62
80 84
25 54
25 53
25 42
21 89
33 89
7 79
6 110
97 116
67 58
36 60
36 74
29 55
17 22
16 101
27 101
52 77
77 95
34 107
34 117
45 91
30 45
45 106
2 61
33 57
13 57
22 116
78 105
81 105
79 110
10 107
10 26
26 49
49 52
73 108
56 108
37 86
9 82
5 42
5 30
29 86
60 63
63 120
8 87
44 95
35 44
90 94
84 94
70 112
11 39
11 23
38 55
15 72
72 83
24 113
100 103
85 111
25 104
41 83
41 119
48 98
98 114
28 32
28 73
20 108
87 111
15 75
14 59
47 75
3 47
3 66
85 103
14 50
71 113
