80.415546
47730
95
25
73771
87 440
234 306
240 406
241 326
242 287
93 406
92 130
242 380
88 333
231 287
86 397
243 412
244 264
244 273
84 333
246 425
247 288
256 369
229 383
111 326
109 435
220 366
222 244
223 311
225 445
229 323
103 141
258 266
229 443
230 265
230 342
100 366
99 291
99 250
96 287
269 331
73 435
268 351
72 125
72 97
71 176
70 293
70 279
70 162
266 422
272 387
67 332
67 276
67 183
67 107
66 306
277 296
78 186
82 225
81 364
81 298
80 402
80 271
79 229
79 99
78 292
112 118
78 175
259 266
78 90
261 409
76 143
262 428
266 395
145 351
178 313
178 318
179 377
151 228
182 236
149 409
146 398
182 238
154 319
145 295
145 245
182 246
187 439
143 448
143 410
142 228
188 321
175 237
168 394
168 407
171 248
165 425
171 251
163 303
171 297
174 387
140 432
159 440
158 331
175 254
175 263
178 226
155 397
154 438
115 259
202 377
122 393
120 375
208 227
115 413
115 314
115 279
209 432
201 403
213 228
214 442
215 403
217 351
113 402
112 328
112 232
197 247
190 234
137 389
193 388
135 352
135 200
134 145
133 277
132 277
2 322
130 310
130 289
130 187
129 208
128 247
126 342
124 266
326 431
26 205
12 369
11 385
26 371
11 147
27 225
11 71
335 419
333 389
332 440
331 434
331 374
30 141
31 252
26 47
31 270
10 436
31 355
32 69
32 74
324 438
391 412
322 420
322 338
321 449
318 410
312 438
311 348
310 311
20 121
14 361
386 435
15 171
16 27
14 216
377 444
374 435
18 229
14 39
374 412
19 20
19 168
20 31
372 436
32 176
363 421
363 369
20 392
21 141
354 431
14 31
353 357
23 425
24 436
351 379
347 375
345 387
13 406
55 393
45 310
45 336
305 405
303 325
299 353
36 119
6 150
49 290
50 59
51 135
52 208
294 402
290 365
54 432
5 409
48 181
56 136
56 425
290 362
286 322
58 342
4 229
59 137
59 177
4 81
60 303
61 138
61 282
61 446
63 393
426 440
41 398
43 280
43 185
42 229
7 412
306 416
43 447
44 98
44 167
6 321
40 351
44 233
38 72
37 405
8 311
36 359
36 251
45 116
45 105
99 207
130 429
102 280
29 332
152 286
195 203
340 374
11 34
34 81
198 322
101 198
198 409
198 387
198 362
339 397
144 438
300 403
61 300
44 408
38 255
166 393
171 255
175 255
166 287
166 333
28 425
28 172
191 310
191 371
390 423
157 419
284 350
157 193
148 316
157 169
265 284
235 316
319 423
225 316
91 204
219 432
219 367
219 247
48 284
204 443
204 239
284 373
59 219
192 316
62 157
65 204
376 423
378 423
344 368
143 344
224 303
44 224
224 266
353 433
70 433
145 400
208 400
342 400
400 402
68 326
68 225
172 437
180 275
180 368
422 437
180 380
430 437
343 358
203 358
115 267
31 267
114 415
114 353
127 141
127 182
112 441
366 441
139 178
139 244
304 375
304 369
20 206
206 376
20 164
164 405
307 350
64 327
307 320
310 349
218 262
32 173
218 271
341 349
123 397
214 327
249 428
249 329
78 123
173 228
9 106
24 450
141 450
152 429
46 439
46 211
46 169
18 399
370 399
335 399
384 402
244 384
235 317
317 322
3 78
3 192
22 128
22 306
135 360
145 360
53 330
309 330
33 356
65 356
135 418
418 436
290 418
189 285
189 417
131 189
75 190
75 382
75 442
1 57
57 381
94 390
94 332
281 306
281 406
72 308
277 308
156 366
156 406
20 117
117 377
77 301
239 301
253 301
283 367
108 283
268 414
257 414
36 110
25 401
295 401
381 411
53 411
287 424
43 424
334 398
253 334
181 427
346 427
194 405
194 321
150 153
89 153
104 415
104 212
184 354
184 278
161 403
15 161
199 337
170 345
170 285
35 243
26 35
166 396
199 396
95 417
95 375
302 404
255 404
195 302
17 421
17 196
160 274
144 274
160 210
83 221
85 315
198 260
83 260
85 339
330 408
106 401
