28.008384
14890
42
38209
75084
126 274
31 242
104 105
105 157
111 189
27 49
114 274
117 192
117 256
117 287
123 282
125 146
100 294
23 170
128 260
128 273
130 255
133 294
134 200
134 258
137 173
19 236
140 260
84 196
52 265
47 170
60 86
63 217
64 203
65 217
68 84
71 86
43 265
82 203
292 294
85 300
39 105
86 106
37 128
35 187
35 175
35 152
34 46
96 215
97 146
195 293
169 195
12 255
170 210
173 199
173 209
244 279
243 261
243 246
10 111
3 17
177 242
8 243
8 173
4 105
4 217
203 248
6 255
227 284
227 285
235 288
166 243
17 263
15 111
142 217
255 297
153 282
163 281
145 146
107 298
28 265
61 142
159 294
36 211
146 228
87 179
41 217
149 205
266 280
118 240
135 217
184 237
74 239
48 122
188 255
99 164
84 221
78 231
98 182
1 111
30 197
20 143
38 129
24 171
134 252
198 213
7 178
18 243
50 264
91 264
32 250
108 250
250 275
29 102
26 219
67 71
140 150
19 150
150 155
150 183
150 278
174 246
94 251
135 250
70 227
188 264
88 286
88 232
88 116
32 77
81 163
81 131
55 81
124 247
124 286
11 77
50 226
165 203
165 269
34 253
109 226
139 253
92 134
81 159
51 155
66 277
13 289
117 277
212 220
13 259
193 277
51 281
51 242
13 53
144 220
181 277
28 220
179 220
57 70
36 226
24 252
170 238
238 265
202 265
25 191
180 216
86 180
171 226
47 254
84 254
72 195
231 264
208 243
73 299
206 294
35 206
172 236
44 128
44 195
33 110
242 283
86 283
55 186
92 118
51 171
171 277
105 160
160 274
5 262
262 265
61 172
13 41
73 164
35 127
93 101
85 101
97 101
101 161
2 212
2 217
83 137
83 11
121 193
121 296
194 282
66 194
13 205
54 170
54 173
117 268
148 154
78 148
72 280
110 221
90 296
84 276
201 242
201 230
88 299
116 136
120 136
237 253
156 213
57 72
99 291
230 291
207 253
93 158
158 195
75 158
10 158
132 204
156 250
253 299
174 197
67 182
215 224
46 224
51 239
48 220
154 241
94 132
102 103
103 257
58 104
58 113
7 129
113 222
107 222
25 207
190 245
16 190
98 162
112 162
21 167
27 151
151 298
115 218
115 191
16 95
95 122
119 279
40 119
56 69
69 149
45 53
14 45
38 119
1 204
76 289
76 176
9 79
9 96
229 251
178 229
185 271
91 271
62 244
62 288
147 214
214 295
120 214
21 30
22 165
124 143
18 29
219 250
22 72
235 272
270 272
234 300
234 267
225 233
233 269
223 295
138 223
49 141
141 290
59 80
59 138
20 89
89 249
42 168
33 42
