16.428825
30331
22
84
129127
32 155
12 159
13 42
13 100
127 159
127 136
108 134
15 32
108 128
49 136
70 119
119 138
17 110
17 139
33 64
19 87
13 142
31 136
65 87
64 150
64 91
53 78
62 148
99 159
54 88
100 151
57 88
105 108
57 73
28 146
27 159
4 13
144 145
115 146
39 87
3 36
88 137
135 151
3 129
109 119
8 70
88 154
3 18
114 151
43 74
43 111
146 157
11 43
24 136
66 146
30 94
12 84
60 103
73 82
46 52
58 151
17 37
17 86
72 106
50 98
44 55
79 141
85 93
89 93
93 142
28 93
108 149
92 96
92 136
7 152
7 159
1 118
43 118
118 120
94 118
29 117
2 123
2 148
85 90
6 82
3 16
16 64
66 79
63 90
26 67
26 102
41 86
43 71
71 102
6 37
24 112
32 69
67 69
43 140
134 140
41 72
33 47
47 156
20 47
30 112
52 84
5 75
120 153
17 153
88 133
133 147
77 125
106 125
23 64
23 96
46 76
76 160
38 116
116 141
10 116
74 116
61 107
44 103
81 147
81 95
35 126
35 53
19 143
143 146
5 131
34 131
40 104
13 40
22 158
22 145
22 98
13 124
119 124
60 68
68 104
121 144
101 121
45 80
62 80
55 97
51 97
21 122
117 122
9 132
9 130
25 83
8 83
20 113
78 113
59 113
16 107
50 61
29 48
2 48
2 58
14 64
14 130
56 149
56 75
