31.139058
24711
42
6967
75171
43 193
142 158
64 292
64 224
142 216
142 297
146 199
157 166
53 294
162 169
162 285
49 178
168 241
47 64
43 199
68 129
178 228
39 219
39 61
38 182
178 252
178 258
36 63
182 195
33 294
32 131
29 199
25 287
25 265
25 242
83 262
107 227
107 166
105 141
109 288
102 269
94 149
92 270
92 226
92 141
91 291
118 136
121 181
85 102
84 162
166 274
83 134
121 220
121 234
123 142
124 193
129 171
129 214
78 182
77 92
76 245
76 187
137 149
71 118
5 193
13 182
21 288
20 241
4 130
4 147
4 209
4 238
209 232
11 141
24 193
6 15
7 152
7 251
8 253
253 266
241 281
239 286
207 288
223 286
218 253
3 149
50 253
40 300
56 68
72 138
99 125
117 142
100 255
95 156
205 282
118 248
22 122
153 165
190 212
81 211
177 183
230 236
276 283
83 235
74 273
52 243
27 185
27 113
27 218
27 73
103 175
111 155
168 257
1 154
7 145
188 249
35 159
35 44
35 39
27 255
86 217
62 217
67 217
212 217
48 142
179 284
192 196
98 189
57 118
57 150
108 145
193 244
39 148
148 279
48 271
27 205
110 247
2 70
62 70
110 177
110 200
44 70
70 141
89 294
89 131
89 125
190 243
50 70
35 95
90 282
90 106
25 90
37 216
37 163
37 101
37 93
30 90
55 240
55 231
183 283
46 144
144 276
23 286
73 167
191 244
263 294
7 263
37 99
90 271
4 222
149 222
252 264
141 264
72 267
267 279
178 194
76 194
108 202
91 201
201 226
13 201
139 201
185 290
231 290
58 76
64 173
173 193
150 173
140 254
92 140
120 284
3 198
141 198
30 184
74 184
208 260
115 208
56 58
200 293
32 293
17 240
17 28
66 129
192 210
235 236
98 210
75 189
75 247
42 253
42 118
172 196
172 280
97 221
97 253
89 120
10 23
160 179
40 160
22 110
197 298
204 286
204 215
180 221
83 180
133 254
133 143
110 153
175 186
1 268
80 268
186 257
60 291
60 126
268 300
233 272
76 272
191 259
19 69
4 19
31 96
6 88
96 128
9 96
88 275
88 116
82 121
82 128
10 66
5 296
103 296
164 241
164 166
233 299
15 299
54 127
54 249
225 295
176 295
34 277
34 227
45 260
45 230
45 225
206 250
119 170
119 213
87 113
87 102
132 202
26 213
26 242
197 256
96 248
211 259
133 256
229 258
229 261
104 151
237 288
65 289
16 246
51 162
51 102
16 122
36 114
86 114
59 114
12 294
12 112
79 111
79 81
41 203
63 203
9 174
135 174
278 298
14 278
123 161
18 161
132 250
88 188
237 273
104 155
65 154
