87.143095
72522
95
185
84666
123 242
136 249
135 321
135 276
135 218
133 197
131 185
130 311
128 166
126 299
125 308
137 146
122 179
121 307
121 221
120 249
118 329
118 275
118 262
115 180
114 323
148 334
159 344
158 333
158 205
156 187
154 290
154 186
152 167
151 247
150 331
149 278
112 287
145 346
145 283
145 251
144 335
141 267
139 334
138 293
137 237
137 153
94 220
100 214
100 110
99 145
1 167
97 244
97 219
96 317
95 313
95 204
95 163
100 224
94 218
93 172
91 308
90 171
89 154
88 328
88 261
87 273
87 252
105 302
112 272
112 207
112 190
109 341
109 173
108 294
108 269
107 120
105 320
161 297
105 196
104 159
103 279
103 213
103 164
101 345
101 297
101 134
101 102
231 347
266 308
260 323
258 277
253 267
251 318
251 302
250 316
249 316
245 301
239 330
268 299
231 331
229 310
225 340
223 277
218 343
218 282
216 294
215 228
212 327
291 315
340 350
317 324
309 323
306 335
303 347
302 310
300 340
299 328
298 327
292 333
211 284
291 295
289 333
287 330
280 327
279 338
279 322
277 285
276 304
274 297
173 335
183 333
181 276
180 293
179 287
179 195
178 276
177 274
176 185
175 278
174 330
184 335
173 317
171 278
169 267
168 321
167 292
167 288
166 205
165 317
162 294
197 300
211 249
211 230
209 240
209 235
208 274
206 274
200 310
199 321
198 347
98 309
197 296
194 330
193 321
191 331
189 334
187 332
187 297
187 226
185 270
34 228
41 264
41 157
40 179
38 166
37 331
36 98
36 45
35 211
34 327
41 312
34 100
32 105
31 159
31 123
30 241
30 116
30 75
29 339
48 120
59 123
58 109
57 319
56 316
54 88
53 228
52 136
50 136
49 64
28 300
47 103
46 97
45 123
44 228
43 349
43 243
43 130
87 219
11 61
15 286
15 259
15 231
15 113
14 319
14 277
14 169
14 154
12 251
16 121
10 339
8 310
7 319
6 291
5 109
3 340
2 322
2 262
24 323
28 243
28 201
28 117
27 339
27 33
26 43
25 259
25 81
42 251
23 319
22 293
20 136
18 263
18 222
18 182
18 153
17 77
72 98
64 188
85 97
84 93
66 316
68 93
68 309
83 309
70 347
83 238
71 120
83 232
60 63
83 217
82 197
81 234
81 143
75 254
77 127
77 132
77 292
78 98
79 209
61 233
63 202
86 255
63 90
62 88
64 106
86 142
86 348
61 326
87 203
292 314
281 297
65 155
55 220
55 254
55 151
55 316
293 305
299 305
92 135
92 219
39 246
86 129
248 308
118 248
9 302
219 336
236 336
34 342
159 325
64 325
88 170
170 294
43 170
76 287
76 249
173 271
14 271
271 300
80 231
80 309
124 334
210 279
123 124
121 210
120 124
18 160
67 21
4 256
227 267
4 311
93 160
19 95
13 51
19 145
61 147
137 147
73 119
73 161
185 192
192 291
73 301
19 339
41 160
166 227
51 140
51 245
147 278
63 192
209 337
81 337
69 115
33 69
111 131
111 308
265 281
65 271
155 265
66 74
74 140
21 263
257 314
257 342
9 129
227 246
