23.175502
2599
28
56
222382
82 126
31 73
30 75
30 74
28 123
27 97
26 107
26 102
26 45
57 91
33 49
57 109
61 73
22 64
21 32
19 137
19 131
19 114
61 90
42 65
51 81
50 55
49 104
49 72
48 123
47 134
47 98
44 55
43 47
22 105
42 46
40 124
40 80
40 78
53 116
102 116
103 116
55 58
7 10
9 51
9 93
11 41
83 130
11 108
63 94
8 57
12 51
63 125
7 76
13 21
7 29
13 69
63 71
65 70
119 130
77 130
65 115
66 121
5 123
4 98
15 21
3 126
16 26
2 74
89 97
74 118
61 106
128 130
100 111
17 37
17 59
54 59
4 59
51 138
21 132
25 38
12 84
57 135
116 135
100 117
20 24
47 56
45 117
117 140
71 117
24 46
24 86
52 112
39 52
52 122
19 56
26 56
56 126
116 136
11 136
74 129
126 129
1 88
62 122
62 116
25 62
34 62
95 140
99 132
38 99
63 139
18 96
7 139
101 120
66 101
18 133
23 49
55 67
67 97
95 128
14 22
14 44
57 85
65 85
40 87
61 87
6 65
6 22
110 130
110 123
97 127
120 127
35 79
69 79
68 113
75 113
31 113
1 111
92 133
11 92
59 84
60 138
36 60
23 36
