5.072843
155614
10
4811
233829
2 7
65 86
56 84
14 59
51 65
7 31
48 65
83 94
5 43
4 65
39 59
3 7
7 10
58 65
8 24
7 98
59 81
17 88
32 59
30 93
43 49
26 99
38 97
38 95
38 69
38 53
34 96
36 93
23 72
13 92
13 46
13 87
27 78
63 64
65 73
11 59
28 78
28 74
28 64
25 35
35 94
35 75
35 60
3 35
10 63
33 62
60 62
37 58
34 70
17 38
27 45
20 37
11 20
38 45
38 98
24 73
13 70
29 54
15 54
54 96
8 54
36 90
33 55
55 84
42 72
26 32
41 46
23 41
16 52
42 90
89 95
82 89
1 18
18 30
19 87
19 22
21 97
6 21
40 66
5 44
44 79
25 44
57 68
68 91
22 68
77 91
50 77
57 67
12 67
61 76
12 61
9 100
9 15
47 71
66 71
40 88
52 80
80 85
16 49
