45.946220
32033
53
79
77469
194 199
59 127
61 184
61 234
64 66
64 116
64 135
65 72
65 208
65 238
67 224
195 243
58 222
192 249
192 203
189 227
70 204
71 187
71 227
1 143
187 193
182 243
77 213
47 160
43 83
43 99
43 230
213 215
45 57
45 122
45 140
46 144
46 236
47 95
181 199
47 177
47 200
48 81
212 226
51 127
205 224
54 245
55 243
56 144
58 74
125 175
105 169
107 188
107 212
109 137
109 207
112 224
113 157
114 138
118 204
123 204
105 108
126 166
127 211
128 233
129 202
139 227
143 225
144 197
151 238
149 175
151 164
170 196
79 128
81 158
81 240
82 105
179 231
89 131
89 165
91 144
175 201
171 206
1 154
94 227
95 199
95 224
98 155
98 248
100 139
170 190
167 236
166 236
163 223
16 24
11 98
18 145
32 104
31 143
12 151
13 212
223 241
30 217
30 101
15 89
30 87
30 75
15 218
28 212
32 228
27 61
26 128
17 120
213 232
20 130
17 138
24 80
17 147
18 126
22 95
22 24
21 58
220 236
20 239
35 96
20 23
231 246
40 173
231 245
40 63
40 53
39 109
38 107
37 192
37 180
36 219
36 151
35 154
230 237
20 121
20 122
4 107
5 199
35 44
6 113
7 187
18 216
8 32
8 155
9 105
9 170
10 141
20 25
85 227
159 212
95 115
49 74
88 204
88 186
41 88
88 141
88 111
88 106
106 150
132 150
150 217
27 150
61 133
133 148
32 185
14 75
14 91
14 183
14 226
34 209
185 227
18 209
128 209
185 243
17 198
198 223
89 198
151 198
102 172
40 93
142 210
142 237
60 142
129 142
69 136
156 170
156 204
152 231
49 150
58 78
78 187
2 81
161 186
2 144
161 174
202 221
34 221
84 176
176 219
85 214
223 235
213 235
41 242
76 242
134 242
24 52
52 64
52 65
3 236
3 45
3 192
90 223
35 90
172 191
40 62
33 62
110 143
110 113
50 98
50 213
162 214
128 229
175 229
54 68
68 153
100 124
86 124
93 162
92 171
33 92
42 92
119 168
19 206
19 29
97 119
73 105
73 127
103 117
103 180
148 247
247 250
109 244
43 244
69 115
88 191
146 168
76 146
178 185
152 178
