36.750049
26458
49
35099
78341
47 181
137 258
137 191
137 163
44 121
44 141
44 151
44 166
45 129
140 165
129 200
129 153
49 76
49 224
50 264
51 75
51 138
128 181
42 177
143 256
39 51
38 65
37 293
146 197
147 249
34 264
33 199
148 286
155 299
158 217
30 229
29 180
29 169
89 286
69 249
70 291
92 281
92 170
92 130
91 119
90 214
90 134
97 217
88 246
87 189
85 178
82 90
78 119
79 92
80 117
141 264
101 248
104 185
104 216
104 275
105 137
108 142
109 129
111 169
60 248
117 156
57 230
57 195
53 300
53 164
53 84
11 117
177 250
177 297
21 125
178 218
19 169
18 224
178 282
186 213
186 270
197 234
15 286
28 254
199 211
199 262
13 104
197 296
201 209
201 278
224 279
8 28
235 250
248 277
260 293
264 271
5 241
268 293
5 133
4 246
2 189
1 160
176 191
172 208
164 188
26 119
164 285
26 181
164 182
165 287
173 181
27 217
165 175
28 204
10 184
20 255
197 247
66 246
148 193
189 289
215 290
199 284
56 152
164 274
127 129
59 129
149 202
71 141
90 120
178 225
95 239
41 95
3 95
132 236
43 115
43 46
265 294
169 220
28 226
141 226
41 174
55 174
174 255
81 265
36 222
160 162
38 162
162 210
12 227
122 227
76 238
113 238
131 259
228 276
119 276
206 248
40 206
120 284
11 154
53 154
5 23
95 289
36 225
81 162
242 247
135 197
135 188
92 288
104 288
51 114
53 114
54 276
16 117
16 199
101 273
165 273
56 131
59 243
61 217
57 61
40 203
106 203
125 203
58 203
269 274
202 243
124 144
124 249
193 236
31 171
171 197
17 286
17 137
110 249
110 178
27 94
62 94
64 189
64 216
127 269
14 32
32 199
112 159
159 280
72 283
143 283
21 283
123 283
66 242
100 251
149 251
46 251
25 108
25 141
25 229
13 251
246 253
71 222
139 189
184 253
48 57
48 90
73 205
31 198
72 198
144 237
237 280
223 294
112 223
20 25
14 267
9 51
9 132
45 126
139 152
6 22
1 292
245 292
10 244
244 263
116 201
106 116
24 177
24 165
99 201
99 181
232 235
70 232
63 86
86 291
35 290
30 35
12 35
224 240
186 240
179 219
179 245
212 257
119 257
43 157
186 272
102 272
7 187
77 93
93 142
145 150
145 256
96 100
68 96
183 295
155 183
165 207
98 207
74 212
74 266
157 220
33 107
107 190
23 192
196 298
196 299
5 167
122 221
102 221
136 196
52 221
167 293
119 167
22 215
67 261
67 208
67 228
161 172
161 231
83 219
83 194
168 252
6 252
73 192
233 298
117 233
103 118
7 226
118 139
