40.291355
76041
51
237
77927
37 142
99 113
115 185
43 85
42 85
41 232
39 255
39 161
39 147
74 222
39 59
203 224
74 261
205 242
205 282
112 172
36 69
35 297
35 178
74 300
35 136
34 91
115 202
115 240
76 183
77 246
32 254
31 234
175 276
207 276
67 221
152 237
107 177
62 232
60 91
184 224
64 109
153 156
104 276
57 111
56 83
55 186
182 257
67 100
54 235
32 174
51 67
68 224
69 294
103 259
72 226
49 119
49 71
48 49
111 118
199 225
111 281
45 86
102 172
155 183
8 285
235 268
235 284
88 215
174 271
120 296
236 238
13 183
12 246
11 205
138 199
238 263
240 257
135 234
9 257
90 234
170 287
164 257
6 189
122 235
6 128
6 40
91 244
123 246
4 296
170 264
170 196
2 69
133 174
96 199
83 101
157 285
140 296
172 212
29 126
29 77
29 53
80 183
27 255
26 115
140 251
80 292
232 278
83 223
23 270
86 288
23 28
22 80
83 240
85 87
171 238
17 152
18 156
224 274
19 23
20 103
70 80
47 156
57 258
160 256
152 231
3 188
169 266
98 167
75 204
51 228
102 243
131 234
114 224
111 168
108 217
2 108
15 105
108 240
15 113
15 298
80 129
117 249
7 130
222 241
82 146
81 146
55 146
146 151
27 280
69 209
95 114
208 280
206 278
186 206
95 168
194 209
204 228
33 108
124 190
89 190
67 79
79 111
146 231
33 146
214 216
214 226
169 214
193 214
89 214
241 266
206 256
69 200
200 269
88 229
229 269
229 248
74 229
125 229
73 109
91 165
165 239
73 203
35 73
86 110
39 110
50 124
151 195
174 250
144 232
144 238
244 260
183 260
63 183
25 63
156 192
192 235
152 277
183 277
58 195
44 243
86 220
220 236
70 94
44 131
3 210
166 211
199 211
201 211
49 210
211 218
179 210
127 210
15 46
91 148
199 286
172 286
166 181
66 234
66 103
30 129
103 275
249 275
30 117
46 130
183 233
122 233
165 188
29 176
6 176
181 258
191 279
179 279
134 187
251 262
262 273
145 187
187 215
84 262
49 173
52 173
43 180
155 180
10 158
10 24
1 25
1 23
99 149
61 149
84 149
98 209
35 137
137 170
141 291
141 167
47 149
162 213
160 213
106 159
106 216
64 78
78 158
59 295
37 295
65 92
74 92
116 250
116 148
29 150
5 150
5 132
132 298
163 217
14 38
121 296
253 267
121 276
290 293
72 272
93 219
93 283
97 239
230 272
38 218
97 107
142 267
163 198
65 154
16 154
197 247
247 254
177 252
252 289
145 245
227 245
143 246
143 205
143 285
285 299
219 299
21 265
21 227
139 206
139 293
