75.736011
63982
84
152
82053
132 216
138 182
137 171
136 313
135 291
134 138
133 286
133 255
133 164
132 341
132 244
139 246
131 141
129 339
129 188
128 297
127 332
127 174
127 142
126 328
126 316
147 307
158 345
157 268
153 321
151 305
151 296
151 274
151 194
150 321
149 193
126 161
146 335
146 318
146 256
144 344
143 284
141 276
141 231
141 202
140 192
78 349
1 175
97 344
95 227
93 187
93 120
91 252
87 337
85 292
84 236
80 343
98 176
78 320
78 189
75 317
75 211
75 189
75 128
75 86
74 198
73 132
105 268
123 268
121 326
121 135
118 246
112 183
111 313
110 227
108 260
107 217
160 250
105 133
103 300
102 184
101 277
101 235
100 204
99 281
98 345
98 344
236 246
248 298
248 289
247 345
246 249
245 327
241 307
237 343
237 334
237 313
236 319
251 299
232 295
225 284
224 252
222 333
217 271
215 248
213 295
212 263
212 243
292 324
338 345
324 329
319 347
318 343
309 341
304 343
300 340
296 337
295 350
212 220
288 327
284 306
283 337
279 337
268 331
264 322
264 266
258 297
252 309
171 239
185 323
184 303
181 184
180 198
179 313
175 282
175 267
173 193
171 315
188 223
169 188
168 324
166 264
165 183
163 301
163 293
163 261
162 205
160 269
199 251
208 294
207 265
207 236
205 273
205 266
204 291
204 234
203 205
201 217
98 160
198 336
198 312
197 297
195 253
193 209
192 334
191 307
189 284
188 348
23 207
27 248
53 333
54 119
55 154
26 78
55 202
25 76
55 275
25 68
28 94
56 264
22 146
22 38
20 290
20 242
20 106
17 59
15 160
14 259
45 207
40 99
39 321
37 325
37 314
43 61
37 266
37 186
36 239
35 260
20 300
35 152
35 92
34 251
48 319
49 294
31 93
70 327
28 289
28 122
67 214
5 342
5 130
64 248
5 84
64 307
65 121
66 192
4 229
67 124
14 32
67 308
68 69
68 330
4 109
4 50
3 227
2 138
2 75
14 206
62 319
10 240
10 237
10 116
12 183
64 175
13 77
10 113
13 88
13 170
9 28
6 99
44 90
236 285
82 237
117 189
29 127
29 294
29 112
29 101
125 263
125 271
126 156
72 280
33 163
33 171
68 83
83 146
302 324
230 253
52 64
52 98
81 257
30 105
30 270
114 193
4 114
114 221
114 346
8 300
8 297
8 149
8 99
21 252
21 55
79 145
96 145
59 145
145 170
11 296
11 266
262 300
186 262
24 321
24 204
192 228
101 228
57 121
57 266
6 33
7 199
7 294
51 221
51 79
93 196
132 196
104 333
62 104
159 171
159 344
121 200
183 200
21 257
177 218
176 218
212 254
233 296
233 339
61 218
119 233
254 295
192 254
58 233
44 125
238 285
108 115
115 185
105 115
19 115
89 90
89 172
155 278
43 155
126 190
35 190
81 117
82 238
63 85
63 311
36 63
272 333
198 272
71 195
71 210
5 46
46 184
287 346
70 287
251 310
47 148
148 223
41 73
41 178
60 141
60 67
138 226
14 226
42 167
18 323
217 219
27 42
16 18
219 227
280 310
72 156
230 302
