5.848827
129622
11
105
209265
6 91
12 34
10 97
12 35
9 89
12 65
43 92
44 48
45 84
56 60
56 83
5 56
56 100
66 87
4 11
27 87
2 87
17 79
12 85
15 56
28 74
17 99
70 98
55 98
33 98
37 82
69 73
36 72
12 71
20 36
3 46
20 39
36 81
14 16
14 40
14 48
14 91
30 77
13 30
98 99
14 26
1 12
1 86
88 98
92 96
82 96
4 96
29 71
50 72
24 50
81 96
15 39
29 46
57 73
57 86
33 57
18 57
61 76
76 97
5 54
54 61
23 52
23 95
9 23
11 23
69 74
42 49
23 58
25 38
24 25
25 77
28 47
47 100
58 64
22 43
22 93
7 87
21 51
10 21
25 26
40 78
8 78
90 94
55 90
53 75
75 84
44 75
59 65
59 62
18 19
32 95
32 80
19 31
45 68
67 68
41 63
62 63
7 88
37 49
