83.592005
63708
95
23478
78311
122 231
140 250
139 341
139 309
138 340
138 313
134 335
134 172
131 257
130 138
142 253
120 147
118 364
117 139
116 400
115 291
115 225
114 257
111 249
110 206
164 397
179 189
178 234
176 206
175 398
175 274
174 285
172 330
169 387
165 387
109 338
164 205
160 371
159 181
155 318
153 384
150 386
149 310
146 278
142 369
83 244
91 119
90 142
89 198
88 378
88 195
88 167
86 255
85 172
83 333
91 190
82 186
82 151
82 97
81 351
81 241
79 386
76 254
75 293
74 111
96 296
109 328
109 286
107 257
104 262
103 229
102 312
102 194
100 239
100 224
181 183
95 283
95 282
95 185
94 380
94 325
93 144
92 244
91 232
91 221
276 317
295 350
292 297
285 345
281 347
278 323
277 391
277 367
277 301
276 374
296 320
272 317
268 281
262 393
262 331
258 386
257 326
256 297
252 372
250 399
334 364
386 387
368 387
353 373
352 379
348 374
344 386
339 350
337 365
337 346
243 350
332 379
327 348
325 342
318 383
317 370
310 376
310 324
306 395
302 400
196 254
209 285
208 231
207 224
206 371
203 386
200 325
198 269
197 353
196 360
211 229
196 237
193 198
189 387
189 279
189 273
189 242
186 250
186 216
181 192
221 353
239 245
231 321
231 285
227 379
226 386
226 337
226 296
224 385
222 239
1 145
220 250
216 290
216 289
216 287
215 234
213 318
212 278
212 263
51 112
31 153
30 296
28 255
27 102
25 325
24 297
23 331
22 189
21 358
21 304
21 251
20 325
51 77
20 75
32 80
51 279
19 129
18 129
17 144
53 126
16 287
15 234
15 175
53 279
53 389
54 236
54 238
13 369
13 258
36 62
39 111
38 359
40 133
38 354
40 230
40 303
38 238
40 316
38 233
38 163
37 147
36 392
36 170
36 152
53 261
35 281
42 348
34 144
33 248
43 239
33 162
44 170
44 201
44 294
45 51
33 161
32 263
32 98
7 123
8 48
60 270
61 83
63 94
63 137
13 192
63 362
64 400
65 82
66 154
66 364
7 166
68 224
69 337
63 266
7 108
7 100
7 24
6 255
5 350
3 259
71 124
71 199
71 246
1 361
71 336
1 340
72 81
1 50
60 168
54 299
55 395
13 87
13 49
56 229
57 147
12 129
12 46
11 153
58 234
10 164
8 94
60 141
8 106
8 284
9 75
300 381
187 248
279 394
47 62
59 100
33 382
228 322
226 377
186 308
377 382
187 240
84 153
84 255
84 226
84 311
240 308
348 355
231 355
1 355
202 396
40 202
175 202
95 355
109 390
177 390
92 390
16 390
37 135
83 135
202 264
127 181
38 260
260 353
231 280
188 230
188 381
136 329
203 219
21 280
121 329
173 219
111 280
14 188
107 329
67 188
329 339
3 219
2 219
113 234
113 198
214 350
144 214
78 307
143 307
52 400
52 109
148 395
148 364
138 148
129 158
40 158
72 267
136 267
73 343
357 396
150 343
357 366
46 298
223 319
156 298
132 319
319 335
243 298
148 264
228 355
70 154
70 380
70 315
204 386
99 204
204 206
171 300
59 127
184 322
184 311
75 157
32 157
54 271
71 271
13 271
23 349
105 349
259 349
47 171
99 128
128 305
125 281
44 125
29 36
29 277
217 356
217 354
76 217
4 206
4 88
275 395
132 275
115 191
191 391
247 262
247 318
235 242
26 235
101 372
101 265
2 101
363 379
94 363
317 375
229 375
143 388
102 388
60 210
210 387
91 218
160 180
41 129
182 310
278 314
164 218
41 139
102 314
180 288
81 182
