54.430494
53362
73
3113
74051
48 208
42 378
43 98
43 112
104 298
103 331
46 162
103 257
103 208
103 173
177 328
185 343
105 291
186 393
245 343
96 130
95 377
242 288
94 320
237 372
94 158
53 262
93 240
37 272
116 169
113 388
268 311
32 111
111 390
33 314
33 396
267 359
267 335
111 118
53 360
37 281
170 247
172 350
39 184
108 297
108 150
41 176
260 342
41 214
41 275
72 288
216 260
80 255
69 275
70 306
80 215
79 301
210 297
209 387
208 379
72 149
72 163
80 345
206 301
203 353
78 334
203 358
75 108
76 134
76 313
78 274
77 268
78 229
85 178
93 236
194 260
93 120
200 289
200 325
200 356
57 85
88 165
226 259
201 373
35 85
63 126
63 247
84 235
82 267
63 364
64 287
65 259
81 388
66 287
67 94
15 62
321 387
12 259
316 375
145 304
145 268
162 329
143 156
14 305
14 389
14 392
140 287
10 244
15 155
15 208
15 251
15 292
16 372
298 393
298 346
139 301
19 129
19 286
6 58
156 197
154 291
156 303
371 388
156 357
370 375
3 96
4 14
361 387
355 377
348 372
306 380
6 225
6 392
7 272
8 103
152 226
151 184
343 381
341 377
10 17
10 192
28 362
168 272
169 279
282 351
131 208
282 294
130 354
130 261
124 138
29 203
119 300
169 191
130 202
24 227
25 80
130 166
26 53
27 198
27 230
125 167
162 398
123 133
282 362
19 368
135 184
20 352
137 306
21 114
21 159
21 128
164 291
175 365
117 256
94 327
232 268
43 115
36 372
68 154
50 208
188 269
128 276
131 182
38 51
109 352
106 223
144 400
72 347
147 329
259 323
200 385
21 253
40 301
40 184
157 293
157 296
157 175
157 303
157 372
91 157
63 336
162 336
97 283
25 283
336 338
256 283
28 283
111 383
40 107
238 382
151 249
14 249
169 363
97 397
264 397
186 217
127 217
71 146
160 295
130 295
147 385
36 336
280 339
263 280
101 298
284 308
115 217
76 318
278 318
40 51
199 349
199 264
38 199
122 204
248 254
248 366
246 265
219 262
66 265
219 267
84 265
219 287
122 160
170 248
59 248
265 305
122 233
91 122
101 327
344 348
205 234
212 234
231 234
15 60
27 60
47 103
47 76
205 285
33 285
179 298
14 241
50 308
241 365
221 274
80 221
243 391
243 338
8 243
179 211
367 375
29 367
174 220
174 215
142 258
143 228
228 231
6 222
2 222
227 252
235 252
252 271
30 43
30 271
317 366
142 317
85 309
53 309
56 203
56 372
86 250
1 187
141 238
141 378
141 384
1 136
102 322
1 69
277 369
119 322
277 342
133 322
86 307
23 375
23 343
330 388
268 330
162 330
291 330
22 300
22 278
337 399
13 166
42 337
13 83
30 307
153 249
49 108
49 156
382 394
89 253
347 382
232 277
40 89
188 234
153 280
5 286
5 136
71 190
323 397
41 189
189 260
3 90
90 125
280 394
182 302
207 340
310 340
109 344
19 374
272 374
92 281
92 310
61 92
190 280
11 298
54 180
161 290
2 224
93 196
11 377
177 180
87 224
55 354
55 195
132 312
63 312
207 270
100 270
302 400
123 324
138 324
254 273
34 273
183 387
183 282
171 263
171 266
223 258
319 383
9 386
9 269
172 376
326 376
10 148
63 99
99 306
74 306
74 111
239 279
44 239
304 332
332 373
165 332
146 299
73 299
319 363
148 211
52 110
52 155
45 213
213 350
24 31
31 395
18 88
18 121
315 333
20 333
181 328
132 181
124 218
193 218
68 376
276 290
196 217
