28.935577
83882
38
32
130663
49 172
73 152
72 123
69 107
68 107
65 129
59 177
59 76
59 67
56 153
55 58
54 78
53 173
51 153
50 145
77 117
49 98
48 55
46 82
42 122
41 129
38 80
35 146
33 171
30 74
30 70
29 142
29 106
29 66
29 64
101 164
171 176
153 168
152 158
150 173
132 136
130 162
128 148
127 163
125 136
110 125
109 171
108 164
107 159
106 143
2 12
100 173
99 164
97 163
95 125
93 166
91 129
82 179
82 157
81 175
81 141
81 104
79 106
9 38
19 162
18 152
2 102
15 163
14 94
2 86
11 42
8 119
8 55
1 42
6 160
6 83
6 155
27 106
5 180
23 72
5 144
26 128
5 115
25 38
82 156
75 133
90 106
28 55
13 72
137 154
146 154
12 103
92 139
133 139
94 139
52 117
52 111
50 52
36 57
57 162
61 173
61 163
47 152
47 171
5 47
16 135
81 84
59 84
15 169
35 85
85 93
3 85
5 85
121 125
82 121
113 170
113 131
38 39
34 62
34 129
5 39
134 145
20 37
88 134
37 54
88 105
65 105
105 107
105 171
42 126
2 126
126 128
89 157
87 89
140 164
6 161
49 161
45 114
96 153
96 107
30 96
45 176
45 124
60 112
40 112
135 147
10 147
166 174
132 174
24 174
77 120
44 178
124 167
49 167
119 120
44 116
29 167
7 31
7 36
7 78
14 44
43 159
10 165
72 165
43 162
22 63
21 28
47 138
13 21
60 151
38 151
118 178
4 17
17 71
71 118
126 138
22 61
30 149
149 175
32 128
32 170
16 63
103 139
139 140
