30.682189
55748
36
12011
86077
66 229
62 66
62 100
62 152
62 170
62 192
63 183
65 69
66 132
66 148
61 200
67 88
69 181
71 85
71 221
76 220
77 233
79 242
81 88
87 181
36 231
27 69
28 51
28 70
28 95
29 194
34 99
34 153
34 185
34 206
88 104
41 220
45 70
52 249
53 71
55 192
59 80
59 82
59 154
195 244
160 226
169 192
174 244
179 233
184 228
189 203
189 234
189 246
194 235
153 232
204 226
205 235
215 234
216 220
219 226
220 229
234 242
241 249
122 177
88 201
92 234
93 177
110 199
110 249
112 186
113 228
118 164
121 183
69 133
123 242
125 189
127 194
130 244
134 189
138 177
143 183
144 192
13 58
3 40
21 250
3 68
3 87
21 149
21 107
18 156
17 146
17 56
14 164
13 38
13 35
12 21
8 13
9 50
24 242
9 237
25 186
9 119
9 226
101 196
21 78
5 226
114 200
136 187
28 225
49 97
17 117
11 202
2 250
180 183
59 180
46 180
19 23
31 233
59 106
106 186
6 9
6 13
6 62
6 101
109 249
86 109
91 156
74 91
37 91
109 242
17 109
196 239
102 239
17 239
197 239
161 247
211 247
175 239
147 226
69 171
42 171
47 220
21 47
84 186
84 100
158 183
163 242
7 228
34 157
66 157
66 135
4 135
6 168
177 207
189 207
31 165
139 192
54 139
168 191
102 103
103 164
58 198
198 224
3 212
212 244
89 124
177 188
126 188
85 238
69 238
10 42
10 126
164 248
20 210
210 222
5 7
74 182
182 233
96 228
165 191
48 105
26 176
26 223
20 26
16 26
141 243
33 141
122 141
104 141
32 177
161 190
190 244
16 129
129 246
94 220
94 194
21 172
172 236
24 131
36 131
57 147
44 64
64 231
111 150
2 218
49 105
89 142
23 218
48 109
32 114
209 244
209 245
39 227
83 227
11 117
33 167
22 167
96 142
187 248
1 151
1 203
205 217
15 150
15 39
72 98
73 155
73 208
27 72
108 217
120 159
75 120
178 245
137 178
57 111
193 214
46 214
115 166
83 166
30 90
90 234
163 225
60 97
60 140
45 240
116 240
145 173
159 173
43 213
43 154
43 75
162 230
124 162
128 208
55 128
