63.597980
85944
67
278
95791
108 223
96 169
96 225
97 109
99 170
100 187
102 114
103 143
104 209
105 249
107 119
107 180
107 224
108 151
108 165
93 237
109 144
109 155
109 223
110 127
110 129
111 242
114 125
114 177
115 173
115 222
115 250
118 143
120 148
74 156
64 124
65 138
66 209
67 108
68 181
70 218
70 221
71 168
71 204
72 219
73 210
74 96
74 128
74 147
120 175
75 117
76 225
77 167
1 61
79 205
81 131
84 124
85 117
87 177
89 242
92 137
92 207
92 232
195 221
164 183
169 203
170 185
170 236
174 229
174 237
182 198
182 235
183 213
187 230
187 233
190 218
191 218
194 228
162 210
201 228
208 221
209 230
210 246
215 235
216 245
217 223
218 238
220 248
225 241
225 247
240 245
243 244
138 192
120 188
121 198
122 248
123 219
124 202
124 204
126 129
131 136
131 182
132 184
132 196
133 135
133 186
79 110
140 181
141 230
143 171
145 198
149 249
150 245
152 172
153 237
154 244
157 205
159 219
160 161
161 200
32 133
25 33
25 126
25 211
26 166
26 228
27 109
27 132
28 107
29 177
31 38
31 69
31 113
31 146
24 177
34 138
35 219
36 117
38 181
38 210
39 187
41 53
42 242
44 179
44 239
45 217
46 244
13 120
2 131
5 44
6 209
8 235
10 37
10 48
10 189
11 142
11 193
11 227
11 230
12 110
31 161
13 182
13 242
13 245
14 249
15 77
16 71
17 62
19 161
21 152
22 114
22 243
23 181
57 235
47 199
47 224
61 80
60 170
60 141
60 115
49 169
60 77
58 205
61 134
50 169
51 217
52 198
56 77
55 217
54 183
53 234
53 78
47 178
47 98
62 139
62 95
59 223
182 206
106 177
101 141
4 38
4 224
86 112
86 229
9 86
86 247
96 163
13 163
40 218
40 186
10 40
40 71
105 226
94 132
9 94
94 166
94 176
94 224
63 225
20 25
20 228
59 226
124 130
130 138
53 91
91 110
82 83
63 83
40 106
90 248
90 219
61 214
90 183
205 214
133 214
82 101
90 206
116 212
88 212
117 158
152 158
132 158
18 141
18 62
3 44
3 143
231 248
171 231
72 197
43 221
43 92
30 197
7 88
7 52
