11.574339
121604
18
1416
150114
24 90
12 100
12 38
12 24
11 97
88 153
84 96
83 128
82 88
17 97
68 141
63 121
63 96
7 82
6 150
6 86
110 141
2 22
149 157
2 54
33 83
34 63
30 35
37 82
4 35
40 63
49 117
25 97
6 21
5 35
12 144
1 39
32 141
69 127
9 151
50 75
15 52
27 77
83 137
63 148
8 104
138 142
66 112
81 133
80 81
13 57
57 108
57 124
19 92
92 158
92 132
92 146
36 160
19 36
36 48
51 60
57 133
55 154
3 65
62 148
76 139
9 130
12 70
6 70
51 62
46 57
73 101
27 57
59 151
21 59
20 95
20 49
20 156
20 159
137 139
77 130
50 92
80 92
3 76
83 129
74 120
120 132
55 60
129 144
14 74
14 135
8 65
72 118
117 125
1 125
78 149
78 95
73 154
112 142
41 75
41 66
18 82
18 35
18 63
6 10
10 82
105 135
2 105
2 28
28 43
53 61
23 90
23 113
61 87
71 111
61 115
23 147
71 127
71 159
36 39
136 157
116 136
34 64
64 123
118 138
17 143
53 143
46 67
72 98
98 107
97 109
83 109
85 99
99 147
85 145
103 155
79 103
45 145
103 104
56 79
56 94
36 52
131 141
122 131
32 67
47 122
31 47
42 93
42 97
26 69
102 126
93 126
13 114
114 140
106 119
119 140
89 115
89 91
29 134
44 153
44 152
16 58
58 94
26 29
