65.878261
42394
86
40482
44366
227 255
61 155
165 426
131 456
239 300
238 475
238 291
165 449
235 440
234 329
166 182
231 475
229 440
244 245
67 430
226 467
69 215
131 320
71 417
226 330
226 303
225 462
225 355
222 384
73 209
74 126
163 354
134 228
48 383
49 94
49 224
49 327
49 490
266 455
141 168
114 425
162 377
266 352
51 73
74 359
266 343
262 384
134 164
252 359
251 275
55 440
57 371
58 71
59 425
247 410
244 500
244 307
95 466
86 391
87 255
195 333
195 214
192 401
90 499
189 425
168 204
93 242
93 272
186 315
186 290
86 360
107 198
168 343
179 499
106 213
140 434
104 143
104 149
104 387
175 265
174 359
170 203
106 118
131 259
217 266
216 429
166 276
210 310
77 106
210 236
78 352
206 365
79 498
206 293
80 453
206 223
132 461
203 369
82 125
202 329
200 255
198 493
198 339
111 377
166 437
110 354
85 162
195 378
86 215
322 381
19 345
20 73
348 374
347 499
347 454
155 292
335 401
329 473
126 282
421 457
424 498
348 448
23 71
134 254
319 428
306 403
27 104
28 33
428 461
145 466
440 453
158 175
383 454
406 410
411 432
7 342
8 16
147 282
395 433
121 421
385 499
8 459
385 397
10 67
156 373
383 416
134 364
371 398
356 461
155 249
14 225
354 482
415 499
351 432
18 433
40 475
290 465
290 402
162 317
115 485
36 434
37 107
282 492
28 362
3 425
38 331
281 410
483 495
115 361
41 433
42 432
43 371
44 481
280 342
279 464
277 421
271 381
46 311
115 326
46 477
46 404
28 389
294 384
304 384
161 495
294 385
116 340
300 329
117 385
299 401
30 306
195 394
226 379
70 270
49 418
98 334
372 461
175 220
127 441
68 329
168 296
108 192
175 305
305 401
279 376
89 287
41 316
142 306
83 408
414 486
99 264
309 350
269 421
210 368
112 399
446 468
97 381
24 405
129 283
61 119
119 498
258 488
34 386
349 498
124 491
263 401
102 263
185 491
134 423
214 423
134 194
194 329
198 212
22 169
212 484
28 91
91 134
17 22
102 190
122 190
190 222
190 481
177 208
177 239
177 289
177 367
87 190
104 298
67 298
298 489
298 359
22 443
138 346
180 225
180 440
25 180
52 435
98 196
26 435
124 435
38 196
196 256
196 290
196 337
355 435
4 435
394 460
338 371
191 338
22 358
28 154
154 384
237 488
50 359
50 354
50 371
298 358
175 436
119 468
6 440
6 175
177 241
180 443
212 346
31 400
1 233
163 233
289 472
34 302
302 349
46 321
162 321
64 92
92 384
226 382
155 382
383 413
203 413
47 188
47 409
119 264
115 144
106 144
136 270
136 162
136 191
260 368
260 405
139 244
139 255
153 232
232 445
24 50
1 286
167 286
109 487
219 331
150 219
72 409
72 301
72 393
55 219
112 269
66 167
66 381
287 295
131 438
93 438
54 425
54 306
35 230
159 261
187 476
39 318
152 230
153 187
293 494
385 396
261 326
89 318
261 325
19 230
99 187
219 390
211 385
211 253
240 494
211 251
211 248
261 399
77 230
318 388
206 396
345 494
127 494
125 318
348 396
146 266
146 282
104 407
277 336
131 336
197 261
230 418
72 296
187 372
221 258
221 393
344 464
173 344
82 344
224 332
29 313
29 128
446 488
120 379
17 344
8 444
83 460
312 425
312 398
334 444
201 415
201 471
203 297
278 408
171 278
138 264
197 412
93 323
37 447
11 73
11 498
75 290
71 422
422 432
218 246
337 496
160 433
86 160
439 496
8 100
100 205
9 469
469 489
5 366
5 362
188 207
130 207
78 375
172 375
168 257
257 480
21 210
21 166
380 451
178 341
178 314
274 353
178 216
353 386
353 442
88 473
13 380
88 291
88 176
218 441
318 419
316 332
184 400
81 165
81 451
62 165
62 495
380 419
256 479
328 479
136 414
113 383
113 370
97 283
114 497
183 497
105 109
123 434
123 130
178 237
12 267
268 315
2 450
45 115
45 342
268 357
111 267
105 396
137 410
137 434
350 472
208 250
250 392
148 308
26 148
199 466
199 478
108 450
106 470
466 470
116 157
157 314
133 157
184 323
60 309
60 474
193 420
193 495
193 313
135 181
135 340
285 429
285 373
103 363
151 363
32 478
32 284
169 288
63 288
96 274
96 463
243 487
15 243
76 324
76 484
273 328
273 431
84 370
84 427
53 159
53 56
65 308
65 458
417 452
342 452
67 101
101 151
