66.375803
13867
83
973
59634
132 351
142 322
142 271
142 144
140 221
139 172
138 440
138 366
136 392
134 442
1 161
143 187
132 330
132 192
131 138
129 306
128 185
128 183
127 240
126 291
126 282
168 269
188 255
184 368
182 357
179 387
178 309
176 385
176 357
174 442
173 213
172 394
124 213
166 201
160 187
158 360
158 320
158 256
155 282
153 355
149 165
145 247
74 292
93 333
92 238
88 145
82 296
82 245
78 337
78 156
77 269
76 269
75 355
94 214
73 132
71 385
69 428
69 315
68 441
68 240
67 376
67 306
67 212
104 234
121 200
118 412
113 275
109 128
108 290
108 191
108 114
106 253
105 320
189 358
103 307
101 201
98 278
98 251
98 107
97 429
95 353
95 207
95 188
289 326
311 317
310 315
309 396
307 343
307 314
304 355
302 449
300 371
290 358
289 383
315 400
288 384
286 425
285 368
283 374
275 424
274 309
274 285
267 392
267 322
359 431
438 446
408 438
407 447
404 431
392 417
391 407
389 407
385 443
363 442
266 327
352 449
348 425
340 384
338 448
333 373
331 425
327 386
318 437
317 336
200 436
214 384
214 328
213 350
213 253
210 213
209 449
203 217
202 217
201 297
200 450
215 225
200 430
200 389
199 357
198 333
194 401
194 284
194 279
193 329
192 213
240 287
260 429
258 438
255 371
254 278
253 356
246 397
244 412
242 277
241 327
133 214
238 361
236 429
236 411
228 399
222 333
219 307
217 444
217 402
216 246
49 132
21 76
43 238
44 301
45 205
45 224
45 375
18 431
17 26
16 368
14 246
7 275
10 145
1 253
50 340
51 270
51 273
51 305
8 332
57 140
8 257
8 79
54 371
8 62
55 187
21 162
66 159
66 186
32 358
31 149
30 66
36 191
28 317
64 149
27 434
26 380
3 292
25 228
63 289
24 438
5 158
21 229
60 108
59 385
40 126
41 384
21 96
313 439
23 305
98 99
223 392
111 171
117 249
125 315
5 58
58 374
58 295
58 83
58 412
11 98
81 160
11 218
193 403
276 292
78 308
228 308
122 132
122 438
252 438
78 252
90 438
87 90
48 413
48 201
48 132
312 412
89 312
119 414
35 283
8 35
35 307
119 393
119 204
35 175
2 119
48 390
37 123
37 89
37 228
37 368
37 432
35 427
214 232
81 372
108 377
201 377
377 402
46 104
46 135
355 379
46 268
29 262
115 232
146 419
146 240
128 426
146 175
357 426
116 426
426 432
415 426
259 379
218 377
22 91
22 415
237 387
237 446
334 358
45 208
132 208
42 233
42 355
196 198
196 407
170 233
50 170
36 365
190 365
99 137
112 341
112 115
23 379
263 384
95 263
137 223
47 227
47 200
80 172
80 179
33 385
33 317
164 204
164 333
371 420
269 420
167 200
167 253
351 422
4 422
28 423
125 249
126 154
154 213
21 416
142 416
345 423
339 412
45 220
409 431
82 102
135 409
315 409
220 248
220 225
102 442
349 384
64 349
70 350
151 298
277 298
116 298
38 395
279 395
327 369
138 369
242 395
70 111
334 372
169 275
169 240
369 427
19 393
19 140
34 110
110 227
110 292
85 428
85 332
85 129
85 147
65 117
65 348
382 429
67 382
149 197
197 316
138 239
239 289
13 425
13 265
230 316
230 321
102 171
26 370
149 370
195 403
195 276
9 157
228 231
120 388
257 388
148 203
148 152
145 231
293 323
211 368
9 73
323 441
163 217
342 433
163 449
61 84
61 434
433 450
66 211
181 253
181 381
280 335
20 335
228 378
361 378
2 130
130 243
141 410
141 381
6 438
6 313
15 29
12 52
12 437
39 435
27 226
261 318
398 421
280 281
281 329
281 364
39 180
53 261
338 398
344 398
226 250
44 226
20 261
39 301
299 347
289 299
177 406
406 448
215 319
319 354
206 222
72 206
86 367
105 367
238 272
246 272
151 294
294 445
150 384
150 435
347 362
362 418
56 228
56 405
264 405
100 264
235 303
262 303
325 346
155 346
15 339
324 344
194 324
