58.868390
36429
75
8148
74168
180 373
49 352
213 355
50 140
50 148
50 187
206 330
205 329
52 344
201 369
55 142
188 395
180 394
48 390
180 217
57 258
178 341
170 250
169 241
162 219
160 168
159 388
62 131
62 195
62 198
63 229
43 369
224 268
224 227
222 302
221 355
37 352
220 262
218 359
216 219
42 191
42 303
42 356
42 388
158 271
44 302
44 367
45 339
46 135
46 144
215 328
46 234
46 245
46 330
48 61
48 335
48 358
91 379
136 332
132 378
129 399
129 375
129 286
122 355
87 132
120 219
118 160
115 367
115 223
91 284
84 229
113 164
113 150
113 134
95 102
95 175
96 371
98 349
109 330
106 330
100 324
101 262
106 140
149 159
156 395
156 323
65 395
67 137
67 298
68 160
69 334
152 278
72 337
150 344
149 311
149 225
382 400
147 372
76 329
147 300
147 215
146 315
143 278
142 381
142 296
80 115
81 382
139 332
18 163
337 389
14 320
277 329
345 369
266 341
263 390
16 67
260 344
258 288
18 75
278 356
18 228
256 371
19 250
254 349
251 302
250 342
21 38
349 354
21 62
21 103
317 325
6 69
6 97
6 196
5 26
336 351
332 365
328 337
324 351
319 344
317 398
224 279
313 317
307 341
337 338
298 369
297 320
12 41
12 359
282 352
281 371
359 383
26 392
355 390
26 266
27 293
236 351
239 240
241 283
30 396
241 292
24 360
30 334
31 241
32 315
30 310
24 133
361 382
231 262
232 259
351 366
21 186
21 387
248 258
244 339
24 82
243 270
242 351
23 339
3 26
229 346
321 376
21 78
115 276
306 339
183 245
261 299
208 317
11 20
308 315
110 200
35 351
287 371
93 278
165 192
21 157
204 333
233 304
174 380
10 197
10 238
119 390
71 332
71 253
71 337
71 249
71 115
214 273
91 153
95 318
79 318
132 318
8 393
241 331
331 397
6 331
40 99
154 331
8 37
8 105
74 296
8 186
40 132
141 147
40 330
40 339
67 141
70 74
176 350
93 287
58 258
10 200
13 390
13 29
141 306
47 309
158 309
27 309
252 309
96 203
105 114
114 132
74 183
42 246
95 246
212 275
95 212
276 309
301 374
258 301
35 119
110 364
33 364
153 294
195 368
219 368
33 89
89 312
2 23
2 277
17 280
17 173
17 92
59 272
232 272
11 17
203 208
73 272
132 207
207 291
91 207
64 115
64 382
172 289
283 289
20 362
25 326
25 280
25 263
25 243
308 362
78 272
171 374
171 179
171 384
90 171
56 216
56 177
7 317
7 320
83 315
83 268
50 116
30 116
116 224
56 238
172 370
257 370
83 376
73 130
60 86
86 257
86 265
108 127
127 249
62 121
121 349
290 391
60 151
151 180
85 116
51 275
354 385
202 385
323 347
312 347
210 255
100 255
267 397
267 346
201 237
237 305
4 395
4 113
22 88
51 199
190 230
157 233
189 361
189 262
141 391
194 262
129 194
94 253
94 209
126 316
316 399
79 138
53 138
185 348
357 386
90 340
226 285
117 154
247 250
155 340
155 285
160 353
24 274
259 357
15 338
274 278
15 125
39 235
9 327
9 271
117 363
22 294
269 341
269 302
1 295
47 295
66 128
167 181
181 240
128 270
181 182
123 184
184 350
290 380
74 192
161 182
3 161
34 112
54 104
112 273
112 145
107 193
104 165
104 204
193 234
193 261
314 384
92 314
211 343
343 377
264 332
18 264
124 359
124 369
77 174
77 322
34 166
166 377
29 36
28 36
199 235
185 299
130 190
176 333
111 230
214 316
58 247
111 353
