72.944732
14763
94
7181
45457
153 298
368 463
63 214
63 284
64 116
157 302
157 296
155 457
155 236
349 432
67 302
155 163
154 232
69 116
69 380
157 456
347 429
153 284
153 223
153 203
71 197
72 268
151 329
73 88
73 101
151 318
151 187
151 180
73 497
74 240
172 226
179 270
389 492
179 183
178 364
377 462
376 491
311 367
52 356
52 372
375 485
174 323
173 483
54 463
172 290
323 419
172 180
168 248
315 494
56 192
56 351
56 413
165 493
320 483
369 393
60 264
61 162
61 206
61 294
321 463
124 446
95 277
129 169
97 170
127 453
126 480
126 327
126 274
125 423
102 266
102 386
103 186
104 316
104 373
105 240
94 323
124 287
124 253
121 395
121 128
120 236
119 398
119 217
117 463
117 121
113 224
113 428
116 464
113 459
114 483
143 496
149 304
77 119
149 252
149 202
341 462
148 454
148 441
148 154
82 132
82 458
83 179
324 357
325 383
145 359
172 410
142 393
326 432
136 165
88 383
134 423
89 189
89 352
335 429
132 260
91 324
130 494
93 197
129 234
21 453
442 465
255 490
254 316
15 129
17 113
17 205
17 248
17 393
283 383
19 214
248 371
248 291
246 429
245 314
289 346
256 367
22 367
240 473
236 418
24 429
421 492
297 427
231 381
407 460
231 306
399 444
27 346
28 219
28 324
29 196
7 260
279 490
465 477
277 337
276 346
269 435
465 476
462 484
453 492
267 423
5 16
266 479
5 178
5 221
5 321
6 302
48 149
8 393
9 89
10 458
11 30
266 469
11 207
11 412
12 56
12 302
261 316
260 433
453 471
451 460
257 277
394 432
38 175
38 209
38 313
181 297
219 494
182 390
390 435
196 208
302 422
396 458
196 443
197 251
39 60
41 155
42 157
216 375
215 229
214 253
214 235
210 490
197 338
301 375
197 414
198 390
35 348
228 364
34 364
229 379
220 297
229 468
32 431
36 52
36 350
37 448
179 415
32 108
32 400
222 231
156 492
332 468
333 447
52 436
131 488
5 343
84 151
423 470
231 424
322 370
278 404
139 307
387 425
18 487
164 271
106 164
164 488
68 166
273 411
286 367
51 92
57 265
81 106
81 450
236 272
2 159
109 160
48 159
100 159
159 328
159 444
160 420
160 359
160 190
160 188
230 500
230 380
233 234
243 384
179 243
85 230
218 233
134 243
90 201
217 499
338 499
199 499
474 499
99 121
99 172
99 327
110 499
90 111
90 259
99 447
62 81
281 391
143 281
238 460
171 238
238 324
190 238
218 331
331 461
281 406
331 403
197 238
164 425
78 445
124 195
195 316
200 383
200 364
3 233
288 320
60 288
73 258
81 470
392 486
65 331
360 436
73 177
177 323
323 417
149 417
147 155
56 147
60 161
13 462
13 119
281 374
390 482
118 244
126 176
116 176
156 161
13 111
193 452
109 193
43 309
43 170
43 397
55 350
43 387
55 328
55 138
55 75
424 499
260 366
153 366
3 360
286 487
211 262
262 345
96 262
336 344
336 355
18 281
65 439
113 437
326 437
141 437
38 66
358 378
140 146
140 383
242 344
242 463
65 193
211 292
70 213
70 146
43 343
295 465
73 295
374 439
214 305
231 305
263 334
137 255
137 277
137 432
49 157
87 158
49 391
186 334
32 49
87 118
334 358
87 144
150 434
89 150
262 332
331 370
224 300
76 300
249 353
249 322
45 483
45 141
53 126
53 205
385 484
133 247
2 247
33 430
47 492
47 375
44 133
40 311
40 408
139 225
225 312
59 240
59 458
20 384
25 434
20 362
25 354
405 467
239 490
229 239
293 442
293 312
144 498
333 430
309 478
23 238
449 492
266 449
164 273
416 482
193 278
148 303
303 429
24 46
46 460
68 92
4 472
167 496
58 167
85 250
250 361
185 426
14 297
14 236
123 191
310 438
51 438
314 438
78 258
265 445
110 438
319 346
31 402
33 402
305 416
268 455
298 455
23 467
131 185
212 340
145 212
35 212
189 194
194 403
165 194
188 440
227 440
285 373
98 285
308 330
330 491
330 411
37 481
481 495
93 481
339 404
237 339
135 204
241 376
241 299
382 408
152 382
11 115
115 302
122 280
280 486
61 363
199 489
275 489
107 166
107 342
184 388
184 246
1 86
1 67
165 317
196 317
183 282
80 282
103 365
365 401
57 112
112 475
26 409
26 405
50 79
50 245
62 365
272 498
244 392
378 466
66 281
204 466
262 319
191 292
4 44
363 385
