14.131862
400
17
122
162444
32 39
55 65
52 111
51 90
47 100
47 96
47 90
47 61
39 46
37 38
33 112
57 83
25 112
23 108
22 86
21 47
18 62
17 119
17 95
16 65
15 74
86 110
111 117
109 112
106 108
102 111
94 103
90 111
90 93
89 114
88 103
86 113
39 50
80 90
74 116
72 94
71 74
69 108
68 94
66 102
64 66
60 111
9 91
3 19
3 8
3 39
3 42
4 86
5 66
13 65
74 118
17 104
20 48
36 101
77 108
53 111
66 76
12 73
12 91
12 84
14 53
78 83
49 108
49 89
78 105
26 29
20 77
1 27
1 50
66 67
34 67
67 81
48 67
12 59
12 118
85 90
3 85
58 94
58 81
97 112
3 97
2 9
2 114
82 99
57 82
10 59
35 74
16 30
30 34
65 107
86 107
17 87
70 87
76 101
36 75
37 75
29 75
62 92
54 92
92 120
26 104
35 105
6 79
24 99
24 44
7 100
41 70
7 31
11 41
98 120
73 98
10 28
40 43
19 40
45 63
43 45
28 115
56 115
56 79
