64.519721
36018
86
3413
44473
273 486
267 342
94 336
94 306
94 259
269 389
271 379
92 120
273 290
266 348
90 267
90 142
278 341
86 269
85 423
83 463
83 296
83 221
112 250
246 471
247 325
115 292
114 322
113 476
113 439
112 444
112 421
283 343
111 493
252 257
107 453
106 175
106 133
253 276
98 499
98 420
304 325
68 271
67 405
66 219
292 473
64 223
63 106
62 475
61 372
68 287
307 317
307 322
308 447
309 485
56 288
55 237
55 131
55 130
292 314
284 487
80 474
80 293
80 179
78 351
77 212
76 482
76 266
245 267
74 278
73 495
73 477
73 254
72 461
72 202
72 168
71 493
162 242
171 460
212 349
167 391
167 238
213 285
164 453
213 286
162 257
212 331
161 288
160 224
159 400
217 365
217 435
222 335
154 434
154 404
187 358
198 302
197 455
197 274
194 222
189 317
201 219
187 496
187 458
222 452
185 479
185 428
184 378
183 435
207 231
176 405
175 213
173 492
128 322
234 275
235 291
135 470
135 436
135 211
134 154
132 167
131 488
232 483
126 232
126 213
125 464
124 482
123 406
123 313
120 484
120 373
143 266
224 255
224 327
224 413
225 354
226 288
148 471
230 427
144 476
1 162
142 489
142 422
142 359
141 482
140 353
231 351
232 328
12 68
47 429
8 219
36 140
46 382
427 439
37 45
362 471
44 465
44 419
24 345
399 427
44 116
11 351
44 94
43 61
26 463
13 279
13 305
24 258
13 443
321 429
14 55
41 406
322 378
385 447
322 459
15 269
37 136
323 341
24 180
323 405
468 493
20 185
38 453
21 217
53 334
341 424
344 476
346 406
22 433
480 499
338 427
4 57
30 358
30 117
317 369
4 261
30 96
4 395
37 375
29 73
467 499
453 454
442 475
49 341
35 186
18 187
23 140
27 273
367 447
35 370
265 477
84 355
195 201
105 122
4 416
295 393
7 318
224 270
40 227
83 150
174 197
339 392
266 337
430 472
292 446
80 402
187 394
163 244
52 325
139 390
33 139
139 494
54 384
24 156
139 209
145 448
145 283
55 364
364 406
212 364
185 364
54 209
30 368
120 368
88 409
200 402
30 315
315 333
3 179
3 142
65 417
267 417
152 329
48 373
48 73
4 208
68 208
200 394
156 249
28 499
174 392
153 208
101 427
101 493
193 449
33 109
109 468
192 476
75 294
192 317
70 75
73 192
7 139
75 84
40 75
119 127
79 412
44 127
235 412
275 412
127 190
191 192
308 380
147 380
380 418
121 380
210 418
318 431
163 431
197 431
414 431
19 384
19 319
19 225
227 244
169 476
106 169
210 371
103 232
103 292
65 100
100 159
100 236
303 355
99 303
105 145
39 146
145 416
196 445
387 445
120 445
395 445
99 357
89 450
89 142
386 491
31 386
229 386
182 386
316 386
241 429
241 361
35 243
243 294
82 115
82 447
25 177
5 197
5 185
330 401
325 330
351 432
50 432
52 472
35 264
229 264
35 166
38 248
248 407
118 213
118 405
110 219
110 325
268 374
268 423
249 425
167 203
140 203
151 427
151 288
195 425
228 341
102 228
191 248
280 396
379 397
172 223
53 397
172 258
172 272
172 276
325 397
173 397
102 377
24 204
204 312
165 341
61 165
157 366
366 409
106 410
290 410
440 475
112 440
273 440
22 490
320 490
213 220
220 324
324 415
149 415
267 282
72 282
282 429
199 407
129 199
140 199
199 262
158 198
158 171
107 310
251 310
46 301
251 301
51 168
51 441
192 233
37 60
60 351
60 391
277 497
122 277
332 438
74 438
291 438
206 487
50 206
16 430
16 300
97 121
382 426
252 437
190 381
299 437
59 170
59 269
426 499
193 437
178 381
30 381
31 350
154 350
450 466
280 388
352 388
207 281
401 481
218 326
326 422
240 320
10 313
155 240
10 297
6 481
69 281
263 433
262 263
4 356
162 356
25 233
266 498
86 498
152 337
59 177
19 270
32 387
32 309
39 150
2 188
188 492
87 260
13 17
469 471
81 398
34 170
6 347
411 482
376 406
95 256
34 408
93 500
217 376
222 411
311 347
316 398
137 284
137 456
146 215
58 289
58 464
58 255
215 462
215 343
135 383
125 214
214 302
216 420
108 216
400 451
85 451
298 451
393 466
87 91
104 403
403 459
181 460
9 181
478 488
360 478
130 205
205 239
42 253
42 363
91 364
260 457
88 449
340 457
28 138
93 446
166 396
17 340
39 469
138 383
95 377
