16.017529
3677
21
40
216067
23 109
44 121
44 92
15 41
16 127
98 109
97 109
41 86
18 27
94 139
92 133
20 58
70 115
92 94
88 112
85 95
41 89
82 104
81 139
75 139
27 41
27 42
27 62
27 121
76 130
29 112
33 66
33 80
33 85
36 37
34 129
35 108
13 112
4 91
4 30
54 96
138 139
107 115
106 115
6 92
104 131
104 118
55 96
58 123
58 124
2 90
2 74
46 92
12 36
8 108
61 96
2 10
104 136
39 64
39 97
39 89
83 111
12 83
28 83
83 108
32 83
2 59
82 120
48 61
100 115
14 28
73 101
79 101
37 101
16 101
25 104
25 57
49 119
5 109
2 5
108 140
2 140
4 87
9 79
50 77
77 84
77 110
77 133
32 68
52 68
63 99
63 75
1 65
7 11
7 26
65 139
34 103
58 65
7 40
103 119
27 125
96 125
92 102
102 115
100 105
22 108
22 33
51 120
76 113
110 113
122 134
18 43
43 56
83 136
53 72
21 45
21 50
114 116
26 60
60 139
19 78
57 78
3 135
47 109
47 137
93 128
40 93
4 117
112 117
3 39
71 132
128 132
17 67
17 129
69 126
69 137
24 31
24 71
38 134
38 59
103 122
39 87
48 72
49 114
