25.268355
81167
34
4298
156497
25 141
71 104
74 172
29 139
29 113
75 183
28 136
27 120
26 189
81 84
25 182
70 186
25 121
24 174
24 165
91 149
24 89
93 190
93 196
96 184
99 119
54 136
45 104
48 62
39 186
39 135
39 56
38 184
37 195
51 64
37 108
93 167
57 104
57 179
58 112
62 73
62 103
1 166
62 200
64 154
67 183
162 183
120 122
164 175
14 34
123 172
127 149
140 190
164 172
12 130
14 111
11 14
10 172
157 179
150 177
7 18
9 18
149 178
8 191
18 92
183 188
104 125
4 179
104 143
105 150
106 120
14 130
112 146
116 130
15 150
3 64
2 112
15 49
30 120
115 173
147 184
29 109
25 187
170 181
193 198
66 138
78 88
181 187
53 82
13 80
100 153
55 101
101 110
101 104
98 101
62 118
33 141
33 107
33 98
95 118
62 126
14 126
35 101
44 183
44 83
130 160
59 160
23 63
59 63
63 115
63 75
102 140
40 102
102 166
29 52
52 120
37 52
158 199
35 102
69 79
79 83
79 90
79 189
65 79
24 156
134 156
60 136
81 152
123 152
152 184
69 152
78 109
148 172
19 60
19 148
117 179
117 149
76 130
76 104
40 163
13 151
30 152
33 151
8 47
37 77
77 86
47 171
5 53
46 85
16 193
82 142
49 72
55 72
16 132
94 142
16 191
70 142
31 72
183 197
39 197
137 192
80 137
133 137
6 50
6 133
5 124
85 173
37 131
129 131
153 176
52 198
33 176
41 114
43 112
42 159
17 64
17 136
23 114
26 159
124 138
99 155
128 155
1 194
22 194
68 119
68 180
45 68
84 87
87 144
21 36
36 158
66 97
97 169
20 32
32 171
168 172
18 168
129 185
145 185
61 161
134 161
147 161
33 199
43 163
