10.057363
33950
19
13133
101833
70 142
101 131
96 127
93 173
93 167
13 70
77 141
75 93
74 141
16 101
70 156
69 142
67 133
66 72
62 68
27 153
32 74
45 160
40 176
37 154
137 168
139 160
145 176
147 160
134 160
24 80
64 83
99 144
93 169
57 95
116 159
117 160
41 162
106 158
35 90
4 101
88 112
73 125
105 140
31 180
85 107
85 162
85 166
30 85
130 146
28 29
28 44
28 87
28 96
42 149
11 70
63 93
23 63
47 107
167 170
51 106
79 140
35 79
51 123
42 59
52 129
81 138
125 161
41 123
71 108
113 136
55 151
126 136
25 136
126 151
62 71
22 103
22 94
22 91
71 111
71 175
54 164
18 164
49 80
49 108
20 136
23 49
146 164
26 49
26 164
109 138
95 109
157 10
87 119
69 119
64 151
30 46
46 90
105 151
20 164
3 24
28 148
56 132
44 115
25 115
9 104
149 170
128 178
10 127
1 179
19 179
15 94
125 143
1 174
73 174
12 103
12 154
57 171
81 169
52 148
14 137
14 144
15 99
2 50
50 55
81 159
31 89
11 161
86 153
86 120
47 65
21 97
17 84
118 152
37 152
102 152
92 116
92 168
59 104
9 135
82 135
2 114
43 114
22 89
17 158
65 178
56 143
120 163
118 163
49 117
31 112
98 176
98 101
6 165
165 172
36 72
18 36
39 133
39 100
34 93
58 61
53 60
34 74
53 68
124 130
48 139
48 172
122 155
6 122
110 121
76 110
8 66
8 150
7 33
33 128
67 177
5 177
4 81
38 76
38 176
3 78
21 78
58 124
39 171
