70.241681
21776
86
8353
76455
83 183
72 328
201 375
201 304
76 104
77 236
193 338
78 291
78 325
192 256
80 87
188 245
188 231
187 242
186 225
185 211
71 306
83 236
84 210
84 220
184 361
86 330
87 92
87 204
88 121
89 243
184 279
91 170
91 216
91 290
91 392
64 142
225 302
223 253
222 242
220 323
220 246
219 243
218 221
217 296
59 249
216 311
61 236
62 166
62 315
62 346
215 394
184 206
65 162
212 369
211 395
210 365
208 210
206 212
68 125
68 244
69 255
70 164
204 260
70 199
70 225
70 229
131 211
160 394
117 143
119 225
120 321
121 140
122 144
123 176
123 239
124 151
126 377
128 314
128 367
129 220
129 269
156 243
162 204
153 338
153 221
152 355
133 272
133 312
151 232
148 338
145 236
135 294
144 277
144 190
139 151
141 221
142 359
180 214
94 168
95 173
95 374
95 380
96 211
97 212
99 162
182 306
101 127
102 259
102 363
104 273
104 341
105 359
1 143
179 340
179 184
107 256
108 255
178 214
177 306
174 318
168 381
168 175
112 347
167 347
114 214
165 253
162 207
31 87
6 247
6 169
282 311
282 301
281 282
27 139
278 399
28 128
28 235
29 201
274 282
30 356
25 260
32 47
32 98
270 354
32 268
33 249
270 334
269 307
266 318
264 382
6 19
263 264
261 270
15 68
312 396
300 358
318 344
300 327
320 328
9 198
9 108
9 18
14 202
14 310
14 366
8 330
227 312
16 269
8 143
325 362
20 102
21 78
333 338
296 376
296 324
295 330
338 370
24 188
242 259
44 100
44 183
348 377
44 400
249 331
46 58
248 377
48 50
244 332
242 298
3 152
260 280
364 399
50 137
50 303
51 146
51 161
51 203
51 395
237 269
383 389
53 121
347 386
345 389
343 359
253 337
339 385
40 255
41 242
251 264
42 123
255 335
256 287
260 391
43 143
154 176
265 399
5 287
43 113
55 150
264 368
143 213
66 308
22 275
26 395
54 82
336 384
17 349
204 336
349 362
297 349
90 336
94 134
134 263
63 328
189 196
132 243
74 132
241 351
307 351
228 300
63 342
66 349
317 388
288 317
64 317
234 242
234 303
154 317
95 234
123 234
163 360
36 360
332 360
17 360
283 390
250 272
9 250
191 250
250 340
181 342
159 163
159 352
196 308
136 359
136 394
305 394
68 305
144 195
195 338
172 195
181 189
158 344
158 201
4 221
4 121
299 322
299 328
200 352
172 200
200 224
200 254
12 399
12 225
388 393
393 399
115 393
67 68
67 184
147 155
27 155
155 294
233 326
140 233
46 233
233 356
115 292
292 353
52 293
77 111
106 235
106 243
39 385
270 293
267 387
39 321
190 271
39 135
39 62
75 271
106 120
23 238
56 186
22 23
13 111
101 111
93 106
322 387
56 241
56 252
70 194
44 194
37 370
37 274
228 284
236 309
201 309
118 128
118 318
10 256
10 212
138 389
197 214
78 197
57 169
213 336
5 171
155 284
250 368
26 275
11 262
104 372
253 276
2 398
205 296
144 286
32 110
188 286
50 372
23 150
116 210
116 377
226 240
52 226
54 230
230 319
226 283
74 230
269 373
152 373
14 373
35 285
285 395
254 285
9 357
347 357
7 257
7 209
258 306
258 389
73 85
73 143
73 151
41 350
34 350
113 138
49 282
49 249
38 377
38 103
6 316
60 149
149 290
151 316
289 329
127 329
79 378
79 90
384 397
45 397
103 109
109 313
130 209
130 210
157 371
351 379
82 293
57 157
81 171
81 276
110 379
2 390
262 371
200 205
