36.641523
107191
42
91
162323
70 180
57 119
60 169
60 196
61 102
63 181
66 132
67 102
69 193
70 130
70 173
56 60
71 137
74 104
74 193
75 147
75 192
78 124
80 154
81 121
82 158
82 179
44 195
35 182
37 82
38 133
40 102
40 113
40 128
40 171
42 51
42 52
42 65
82 197
46 108
47 184
48 183
48 193
49 176
50 181
54 83
54 166
54 190
55 172
142 176
120 124
121 158
124 162
125 183
126 147
131 199
132 141
137 153
137 188
138 199
118 132
142 195
143 176
145 146
148 154
149 184
151 182
153 178
159 199
160 168
183 194
103 129
86 172
87 129
89 97
90 147
91 97
97 175
98 115
99 195
101 124
102 127
1 154
104 145
105 195
107 150
107 174
108 117
108 167
109 193
112 172
114 133
114 185
20 154
13 106
27 164
5 14
6 121
13 95
12 145
27 68
27 64
18 181
19 184
1 31
11 191
25 133
24 107
23 187
23 170
11 111
23 122
11 34
9 27
28 167
29 30
13 155
30 137
16 172
31 79
31 33
30 198
30 177
15 52
21 112
62 154
54 135
28 100
95 100
94 100
100 160
22 145
22 102
17 70
17 39
17 182
17 84
17 150
2 165
57 123
5 123
123 168
11 26
26 184
59 115
59 185
59 156
59 154
60 157
157 180
96 178
16 96
23 157
124 157
96 136
96 102
41 108
41 176
41 137
7 195
7 70
58 116
56 58
182 186
133 186
85 93
93 135
8 62
36 193
36 132
72 83
72 78
53 84
53 200
15 77
21 77
147 163
40 163
163 199
110 181
31 110
27 152
13 152
120 139
139 140
23 88
88 129
76 172
76 121
4 32
4 43
119 189
144 189
45 82
45 97
10 98
10 92
149 161
40 161
85 165
134 181
32 134
3 37
3 73
