68.711684
21292
81
42244
72463
135 306
143 282
143 255
140 396
140 296
140 175
139 322
137 376
136 442
136 369
136 349
143 383
132 439
130 248
128 331
123 312
123 254
123 239
122 301
118 346
116 371
156 184
168 309
166 388
165 310
163 359
160 269
159 210
158 405
158 240
157 275
116 145
153 247
152 363
152 353
152 310
151 355
148 157
145 439
145 436
145 191
84 136
94 191
92 170
91 341
91 225
90 397
90 248
90 129
89 171
87 184
85 372
95 119
83 102
77 449
76 431
75 337
75 190
75 150
73 230
73 74
71 440
102 176
112 170
111 176
109 269
108 375
107 219
106 396
105 171
103 387
103 138
171 325
101 388
99 157
98 261
98 254
97 217
95 449
95 447
95 361
95 174
286 411
333 426
327 328
322 418
315 407
315 318
309 403
302 331
297 321
293 436
291 297
334 380
286 377
286 332
285 431
284 420
283 368
282 397
272 328
269 413
261 334
362 393
436 448
417 424
390 449
388 450
376 414
372 375
371 441
371 416
367 369
261 308
357 412
356 433
355 391
354 362
352 444
350 436
346 364
339 370
336 396
196 309
217 402
216 426
210 228
209 248
208 248
207 219
206 402
206 245
199 433
198 439
219 324
195 376
191 271
191 202
189 273
184 326
183 306
177 189
176 360
171 419
234 261
258 382
256 372
254 340
251 362
250 283
247 384
247 329
245 274
235 439
1 346
233 245
232 382
227 437
227 434
227 430
227 376
221 405
220 362
219 421
60 219
29 339
28 44
27 170
55 217
56 428
57 371
59 210
25 90
31 90
61 433
23 395
23 188
63 254
66 157
21 103
20 306
18 238
50 322
48 164
48 319
48 151
48 100
45 355
44 379
44 243
49 431
71 187
51 123
43 73
41 417
38 346
37 90
35 297
32 420
18 200
14 75
17 283
2 27
16 357
4 405
71 183
71 131
14 417
70 449
15 382
70 440
5 328
36 396
241 417
65 449
259 376
73 299
115 314
408 410
245 344
268 283
315 389
80 417
26 357
48 182
242 339
281 298
69 298
104 298
253 298
7 218
1 8
144 362
192 409
10 127
173 257
257 414
30 257
86 331
79 283
79 316
95 155
73 155
226 365
226 354
226 422
6 432
33 243
33 292
33 408
9 398
13 347
205 295
13 205
22 210
155 214
96 223
277 305
58 155
214 398
117 305
33 259
33 299
3 54
54 248
226 410
22 65
267 449
75 267
58 347
213 419
103 213
192 244
68 237
68 298
144 244
150 345
21 345
189 343
12 87
182 237
71 186
123 186
12 316
52 184
36 52
143 427
171 427
145 443
31 443
140 304
48 304
249 297
249 328
193 249
249 277
76 266
266 275
66 194
108 194
155 389
67 422
247 378
157 378
170 204
204 230
204 420
204 396
11 62
60 81
11 283
18 81
11 367
11 429
81 376
81 388
67 438
212 355
173 392
245 392
117 204
268 335
62 180
180 445
179 184
179 269
365 446
23 446
2 39
39 289
162 425
37 162
42 281
42 433
88 371
88 372
140 287
152 287
303 405
23 303
103 348
348 404
351 366
110 229
263 358
263 276
115 197
193 263
57 181
197 236
197 380
181 270
46 110
219 366
359 366
314 343
223 344
96 147
147 357
26 86
34 82
34 124
18 246
246 300
120 222
121 264
72 320
415 439
113 373
167 286
134 227
165 373
19 24
415 435
134 426
56 72
231 442
231 401
24 107
330 420
40 330
161 280
280 295
374 400
8 218
176 252
252 331
64 258
64 323
93 320
93 355
242 335
83 201
201 323
125 185
168 185
91 114
114 382
80 110
189 279
279 309
47 260
47 240
3 149
141 149
142 301
142 300
142 288
122 307
53 307
307 352
127 374
311 394
46 394
126 311
126 423
40 265
172 265
224 338
69 224
120 400
215 342
10 342
342 385
133 404
6 133
133 178
104 146
146 313
278 313
211 278
241 342
169 381
38 169
119 169
215 386
294 386
207 399
317 399
161 290
262 290
78 222
203 322
136 203
152 154
82 154
78 406
121 432
167 406
