10.372130
238776
15
110
241450
21 56
63 92
9 14
9 62
14 15
14 59
16 66
17 44
18 100
55 92
54 83
21 47
16 84
21 82
54 60
52 92
27 84
33 38
34 44
35 74
35 78
35 89
36 44
38 98
75 80
3 91
3 51
3 11
79 84
28 32
84 90
54 71
3 95
44 77
38 86
18 97
2 20
38 50
85 96
85 100
65 85
22 70
62 70
4 73
4 72
4 14
5 42
42 82
42 80
31 57
57 84
4 90
85 95
70 71
77 8
1 86
1 20
6 41
25 93
65 93
12 40
40 67
40 81
13 21
13 14
74 88
44 88
69 99
25 99
49 50
19 35
19 58
21 23
23 69
49 85
28 94
10 94
14 48
10 48
3 29
29 92
26 91
26 81
8 75
22 46
41 46
46 53
30 66
30 43
6 68
7 76
24 97
64 87
64 76
12 39
37 39
45 61
7 68
24 45
