6.550176
89207
11
81906
149576
118 120
14 112
21 42
10 112
21 60
24 77
25 112
28 90
30 90
31 120
32 113
35 112
55 57
57 65
57 83
92 120
2 21
84 90
81 82
57 93
21 41
43 60
57 108
3 95
49 83
47 101
66 92
80 100
16 33
74 109
73 97
21 61
61 112
23 120
8 13
44 116
105 110
3 40
40 49
22 59
34 59
35 59
59 96
59 103
11 59
7 32
29 63
9 63
111 120
46 105
89 98
13 46
103 114
15 64
64 107
71 107
71 112
58 98
6 95
6 81
6 36
23 97
6 58
108 114
15 53
56 78
29 56
27 57
27 88
12 37
37 67
37 117
44 74
37 76
68 70
45 89
17 45
54 76
9 37
110 111
68 116
34 39
39 73
1 88
1 109
78 85
70 99
75 113
14 75
72 75
47 53
53 55
53 77
48 62
18 104
82 104
66 106
16 54
100 106
50 87
22 87
52 115
11 115
86 94
67 94
91 115
48 101
69 90
8 102
5 119
38 102
79 86
26 79
19 24
19 51
41 119
4 20
4 62
7 69
