97.182787
4766
115
1834
47351
163 368
170 470
170 372
169 411
169 365
169 290
169 216
168 419
168 224
168 183
165 487
163 489
171 382
163 318
160 460
160 234
159 192
157 423
155 202
153 434
152 216
150 186
145 305
144 369
188 189
200 468
199 253
198 347
198 340
196 323
194 259
193 400
192 453
192 361
191 387
189 491
144 356
187 446
185 470
183 459
183 457
182 482
179 182
176 389
174 451
174 264
174 183
101 305
120 361
119 436
119 413
117 480
117 154
115 218
113 366
113 289
102 397
102 142
101 421
122 278
101 300
100 136
99 420
96 382
93 492
93 332
92 473
92 445
91 367
89 118
88 196
137 155
1 23
143 434
141 191
140 157
139 497
139 218
138 383
138 295
137 432
137 386
137 302
202 373
136 202
135 231
134 312
133 434
132 468
130 468
128 346
128 190
127 488
124 465
324 358
357 453
352 397
349 453
348 365
336 402
336 400
331 398
330 365
327 420
326 421
325 390
361 479
319 382
318 458
317 466
312 437
312 377
311 325
309 421
308 489
306 497
305 363
300 461
411 481
477 500
464 489
459 498
456 472
449 489
443 493
441 493
436 493
424 466
421 429
416 485
299 375
398 427
398 407
396 465
389 474
384 496
381 397
376 459
368 409
367 371
362 497
221 427
248 500
243 398
242 307
242 268
233 470
229 318
228 405
226 288
225 333
223 465
222 375
251 438
220 411
220 322
219 487
218 490
216 430
209 384
208 253
206 368
205 438
204 387
272 305
297 487
296 459
292 365
291 324
288 431
288 353
284 453
282 318
277 309
276 416
274 280
144 166
271 497
261 333
259 280
259 267
258 500
257 455
257 354
257 314
253 436
253 393
39 335
47 246
45 438
44 449
44 433
44 263
42 435
42 399
42 245
42 102
41 400
40 333
47 254
39 270
39 163
39 97
37 78
36 92
35 493
34 466
33 119
32 420
30 384
29 444
61 160
72 168
69 442
69 303
68 411
67 387
66 231
65 488
64 300
63 239
63 128
62 375
29 439
60 174
59 389
57 136
55 288
54 338
54 286
54 239
51 281
48 119
47 298
6 342
13 344
13 244
13 178
10 452
10 320
10 184
9 486
9 121
9 50
8 367
7 368
13 428
6 279
6 192
6 103
6 39
4 488
3 138
2 181
2 162
2 22
1 56
18 378
29 414
29 148
28 69
26 361
24 256
23 110
21 329
21 116
21 49
19 157
19 141
43 189
18 294
18 139
18 27
17 422
17 395
17 304
17 178
16 300
15 23
14 216
84 218
80 136
79 418
82 325
79 235
78 450
78 166
78 109
77 182
85 202
76 447
74 397
73 196
73 99
209 337
364 371
94 169
98 436
87 416
157 252
241 299
86 325
163 249
339 355
95 117
101 406
81 255
79 262
262 310
207 262
122 262
196 370
31 388
328 470
328 441
20 388
54 385
353 388
328 389
56 388
232 328
169 385
384 385
333 385
227 316
78 90
90 438
360 408
89 408
408 472
395 425
425 456
151 425
275 476
275 401
177 275
274 275
102 275
230 242
230 325
230 350
230 500
86 95
281 374
374 483
273 374
25 202
13 25
38 113
38 360
117 173
173 202
114 341
237 367
113 236
59 237
182 236
9 237
114 277
114 386
114 129
10 237
79 203
182 203
114 337
404 452
335 404
426 476
198 426
81 406
58 364
44 125
113 125
196 285
278 285
260 285
161 467
158 161
285 287
161 315
51 161
11 324
11 411
128 210
167 210
71 380
123 228
13 123
92 410
123 345
147 186
47 410
147 250
71 495
147 221
71 446
105 380
105 494
105 372
5 105
102 212
192 212
217 248
301 316
288 471
136 471
106 183
106 139
70 189
69 70
70 398
217 412
98 334
129 195
195 487
23 403
403 466
126 242
126 483
93 201
201 494
46 398
46 259
52 144
44 52
31 283
290 351
240 283
160 293
149 257
156 344
137 293
149 420
108 156
351 379
293 434
391 416
23 391
111 177
111 265
334 343
150 180
180 214
343 410
2 448
468 499
76 266
434 499
164 187
164 392
167 266
213 488
79 213
172 269
249 394
236 241
355 394
105 252
339 484
469 484
156 301
231 238
45 238
54 146
134 146
107 175
9 175
475 489
465 475
232 417
211 417
231 478
21 478
12 470
12 247
53 387
53 382
400 440
215 227
215 256
92 440
215 454
138 440
29 197
197 375
75 359
131 463
131 247
310 359
457 462
83 462
402 415
439 462
104 112
104 486
321 415
87 269
313 370
313 448
