67.576832
7328
90
2013
44603
135 151
154 179
151 247
146 255
145 440
145 320
145 239
143 279
143 272
138 226
158 496
130 284
129 466
128 315
128 277
128 174
125 481
121 459
120 292
117 122
182 279
194 405
191 409
190 281
188 434
187 235
186 372
186 297
185 332
183 284
115 127
181 255
179 393
178 454
173 325
170 451
165 496
163 286
161 376
75 380
85 166
84 143
83 304
80 426
78 295
78 122
78 94
77 186
75 499
85 330
75 333
75 309
75 301
71 466
69 225
67 448
64 186
60 481
103 348
115 121
113 393
111 376
109 491
107 326
106 449
106 445
106 240
106 219
195 292
95 488
91 304
90 428
88 500
88 441
88 351
87 249
86 151
325 460
370 465
369 496
368 415
366 448
358 424
358 379
352 434
334 405
328 459
374 492
325 433
323 374
317 440
314 456
289 466
287 415
286 468
284 310
281 360
407 488
491 497
481 494
466 474
461 467
455 459
453 454
443 467
430 467
415 432
276 428
406 428
405 494
397 409
391 409
388 488
376 423
375 386
375 378
222 425
243 482
243 413
235 350
235 322
234 374
226 398
226 269
224 442
224 307
244 270
222 296
220 305
220 267
213 460
210 490
207 426
205 304
198 434
255 386
275 500
275 493
275 477
275 341
268 358
265 426
261 427
260 451
258 375
2 281
255 285
252 409
251 489
251 324
248 446
247 360
244 498
244 457
51 85
5 237
37 270
16 412
5 395
26 141
54 214
53 214
36 357
35 115
34 283
26 238
33 261
51 231
54 352
50 454
27 312
50 437
50 278
27 313
50 68
48 243
28 220
32 454
30 283
5 475
6 201
58 214
19 466
40 81
11 426
10 283
22 420
24 201
40 45
9 179
8 419
8 390
459 478
72 434
124 409
93 477
228 251
40 55
298 459
186 483
212 280
354 454
254 467
353 364
297 329
18 448
414 481
8 200
177 236
265 299
144 241
335 434
359 363
119 220
119 256
132 345
132 224
118 132
383 473
383 458
383 391
103 132
367 383
132 490
317 383
148 475
39 255
115 171
26 202
347 372
217 347
335 429
4 21
21 273
168 338
331 375
149 436
177 436
286 436
96 463
96 229
422 436
96 197
96 168
19 96
223 436
27 259
224 266
212 382
17 123
145 302
17 117
3 88
78 382
3 26
302 358
131 164
17 224
40 302
164 308
164 426
245 274
248 293
1 274
349 389
215 371
215 344
140 389
274 278
160 218
160 346
167 215
293 480
293 349
31 293
371 389
102 160
79 215
389 402
444 451
376 487
282 487
157 382
204 444
124 266
232 421
20 411
132 241
25 87
399 422
327 399
4 399
25 28
100 412
25 495
23 100
25 404
206 399
100 176
100 172
171 203
26 316
93 274
196 224
149 196
3 228
359 414
233 443
118 416
336 416
226 416
184 416
331 337
340 496
160 429
221 222
40 221
144 200
150 224
150 214
21 363
254 383
431 471
471 473
66 471
185 471
55 421
110 491
110 179
233 472
29 348
29 446
8 59
27 59
299 329
298 396
159 230
230 256
230 273
179 452
374 452
59 204
209 338
327 343
199 343
50 250
250 405
354 470
396 483
47 488
47 244
42 481
42 261
52 159
16 52
12 88
275 447
12 478
281 303
261 303
209 259
381 466
143 381
44 465
44 356
44 249
99 304
99 428
23 311
311 420
41 311
91 418
37 418
314 486
263 486
69 418
104 486
213 486
418 439
79 193
193 499
450 481
106 450
43 479
22 479
253 469
153 207
153 374
39 208
89 275
89 325
76 114
76 491
155 355
355 495
271 355
137 434
85 137
137 243
36 355
356 377
377 407
202 208
15 222
15 292
15 57
246 269
246 300
176 462
128 462
342 392
342 344
384 485
102 365
192 415
184 192
417 431
147 365
13 155
394 417
337 340
201 408
152 257
203 411
253 472
21 353
61 137
61 485
133 322
62 316
175 318
281 318
148 236
92 180
92 292
92 262
142 211
14 357
134 162
112 385
156 361
242 362
162 225
14 49
291 435
362 402
7 339
7 456
112 219
211 245
210 361
18 470
319 448
319 403
46 70
46 474
131 288
288 400
294 404
294 423
73 321
321 369
201 321
126 332
126 410
189 464
31 464
216 438
216 257
476 484
180 476
105 108
105 262
38 231
38 387
264 282
65 264
114 136
136 401
97 235
97 283
63 98
63 107
63 175
56 400
56 169
74 142
74 116
227 326
82 227
139 403
139 373
5 306
290 392
101 290
284 306
133 280
62 291
152 408
