13.467517
141698
22
73292
142412
79 133
12 31
14 24
68 151
69 95
69 190
9 101
120 156
118 163
108 118
75 156
101 141
101 122
56 79
79 105
31 200
94 153
94 136
146 150
31 137
146 159
85 118
42 43
24 198
146 187
147 156
43 162
30 94
6 94
31 63
146 185
15 43
35 149
69 158
5 79
94 106
114 121
13 16
80 104
24 26
81 87
96 153
73 88
24 37
142 143
11 100
100 165
100 180
70 157
31 77
8 68
129 160
11 52
101 113
99 100
54 118
10 117
84 89
89 117
89 188
80 157
10 130
15 157
8 124
44 140
44 173
50 92
50 85
145 178
92 145
145 173
70 145
48 145
66 167
23 61
28 61
61 111
61 116
57 131
57 189
72 192
1 192
137 184
7 151
7 31
7 109
38 184
152 186
59 152
6 89
128 146
69 128
41 100
71 115
113 158
5 54
58 166
20 58
23 58
49 124
58 196
39 196
57 177
58 135
86 149
181 191
122 134
49 185
47 56
69 123
47 78
79 123
60 83
19 60
99 152
130 134
104 160
138 145
78 139
4 139
52 106
17 116
17 83
148 168
188 193
19 193
39 177
35 57
111 171
171 195
48 93
93 183
63 192
91 109
81 91
87 164
25 59
25 154
69 161
2 51
135 194
82 189
74 82
32 142
62 143
22 62
32 77
110 182
40 123
21 55
21 186
33 112
16 33
40 168
89 110
37 155
3 24
3 181
65 155
119 161
96 170
2 119
26 167
33 138
170 174
34 182
13 191
36 176
144 169
31 132
76 132
71 164
88 125
64 129
64 102
27 197
18 72
98 126
18 97
98 148
103 175
27 38
29 90
29 84
76 199
107 199
65 125
114 194
97 127
127 179
66 67
46 67
53 156
45 73
45 172
41 103
36 174
34 169
53 86
