56.274966
31601
67
129
76215
116 337
96 163
96 238
96 269
99 298
100 173
100 225
100 278
101 207
103 274
106 126
109 132
109 196
112 180
115 234
115 349
94 243
120 240
120 299
120 317
121 126
122 198
122 256
124 244
124 344
125 229
126 246
129 266
130 169
130 178
130 295
132 201
77 91
58 208
58 209
60 115
61 326
66 140
67 130
68 193
68 222
69 324
69 334
69 336
70 203
71 180
76 119
76 215
132 342
78 182
78 230
79 171
80 126
81 326
82 104
82 110
82 290
85 200
86 205
87 200
91 144
91 236
92 215
94 122
231 264
183 341
184 307
190 262
191 229
203 307
207 249
207 300
212 248
215 219
215 319
221 268
224 337
226 258
226 328
229 268
183 228
235 262
244 327
248 284
248 338
257 269
259 266
261 274
263 339
264 289
268 292
277 296
280 318
294 337
298 339
301 325
150 262
133 226
134 340
135 274
136 254
136 303
136 308
137 200
138 142
138 216
138 281
139 155
140 152
140 329
141 203
147 177
1 52
151 177
152 188
153 308
155 166
155 330
157 180
160 162
162 204
162 241
164 260
165 264
167 325
172 276
176 325
183 197
36 302
24 183
26 268
3 127
58 199
52 78
9 323
51 243
9 279
3 28
48 252
48 237
33 247
33 326
34 48
51 321
7 302
45 205
8 38
9 73
39 59
8 189
43 277
39 214
8 128
39 340
2 298
40 205
41 229
54 215
17 203
4 51
17 276
13 266
18 124
19 50
3 164
15 87
11 314
11 257
56 211
3 133
11 253
23 277
22 276
98 105
325 343
77 286
16 245
115 148
135 186
58 332
27 287
80 287
170 287
84 287
265 287
88 287
9 273
51 168
21 309
219 345
324 345
281 345
210 250
320 345
211 250
220 345
126 283
122 283
90 298
90 320
37 337
24 37
37 194
37 98
37 67
185 350
136 315
96 315
39 315
255 322
84 255
83 181
82 255
56 181
181 242
12 259
12 298
12 192
12 179
12 19
1 12
104 123
108 273
275 291
168 271
10 53
53 88
108 283
250 343
118 140
11 118
89 97
97 122
233 247
233 318
233 327
124 227
233 276
48 227
68 227
63 146
63 293
63 297
306 323
183 306
68 195
35 195
82 102
102 326
5 105
46 177
46 301
177 232
183 232
271 315
44 115
44 91
29 305
62 276
62 120
111 348
111 265
213 223
50 213
49 65
206 213
208 213
65 83
21 158
123 286
250 350
274 347
126 347
159 180
143 262
187 346
113 175
74 272
132 143
134 175
280 346
74 184
5 158
93 333
313 333
185 332
60 311
302 311
226 251
251 322
251 268
251 264
156 335
79 335
194 335
6 338
6 31
154 325
15 218
95 218
75 174
119 174
107 248
78 107
288 302
155 288
145 149
42 100
57 266
64 149
8 57
32 285
245 315
291 312
312 316
31 310
20 310
297 331
117 331
14 93
14 35
72 270
72 161
202 277
162 202
200 202
72 153
25 217
54 217
55 138
55 205
196 282
99 282
3 267
207 267
131 277
131 206
30 114
30 250
114 275
47 289
239 270
47 146
64 239
148 304
29 283
32 186
159 304
42 63
