20.749095
52494
26
113
124736
24 43
42 170
26 178
26 147
99 130
101 163
24 180
45 145
24 109
42 133
106 139
46 106
21 153
47 94
18 70
47 121
47 149
31 104
35 59
34 128
34 102
34 67
35 73
82 144
82 175
83 169
58 114
31 76
35 177
36 106
37 142
89 103
38 42
82 137
135 162
64 176
68 153
54 89
8 77
120 130
75 89
77 160
7 145
6 130
5 158
1 49
13 64
136 145
77 169
5 12
55 135
49 129
4 21
48 135
56 129
64 156
129 146
16 153
5 71
47 91
131 151
17 87
17 129
17 151
11 17
93 106
84 123
41 82
26 126
44 108
108 139
108 135
31 108
70 74
3 74
44 50
50 132
31 32
5 141
143 179
92 128
18 122
88 112
112 149
28 69
47 113
1 113
20 113
28 61
62 153
10 62
79 175
79 120
64 105
80 154
22 47
22 85
72 89
72 129
53 110
53 96
9 114
77 134
24 134
9 179
9 157
77 78
2 127
52 101
4 52
10 25
130 148
118 124
42 148
25 98
37 172
116 172
82 152
145 152
100 140
58 140
19 164
84 164
29 39
29 60
29 142
163 164
86 140
33 85
33 171
60 115
91 166
15 65
2 168
90 168
165 174
23 165
35 173
34 173
63 125
113 138
123 126
126 166
30 32
93 125
27 61
97 136
87 97
30 69
13 57
57 98
78 138
27 105
117 141
23 95
5 95
71 150
111 155
80 155
63 150
111 131
51 100
51 110
41 122
14 81
14 83
119 157
119 174
17 167
40 66
113 161
66 159
9 40
92 143
115 126
118 161
107 127
107 167
15 159
