43.828370
31346
64
1982
62559
142 249
154 292
154 173
152 192
150 305
149 154
148 343
145 348
144 208
142 335
142 260
60 280
154 318
61 275
63 142
140 349
66 315
68 79
68 87
68 156
69 162
70 342
136 348
42 294
33 58
191 198
187 248
170 279
170 227
40 199
40 213
166 346
42 155
42 178
73 126
166 167
164 331
163 280
162 299
44 342
45 123
162 240
49 113
50 199
51 245
123 259
126 182
98 291
125 213
124 198
102 175
102 253
102 326
103 171
105 134
105 174
105 273
97 144
120 315
110 144
110 172
111 176
111 319
111 322
112 196
113 141
116 346
117 245
84 220
74 104
74 289
74 344
132 170
76 235
77 152
132 134
130 330
84 100
84 146
1 62
130 137
89 245
90 109
91 280
129 179
128 346
93 336
93 345
95 280
96 196
258 305
7 285
1 314
248 307
31 123
198 320
199 303
21 28
21 261
195 343
310 348
28 29
27 340
27 304
27 164
264 342
200 342
219 305
1 207
196 214
231 235
228 343
225 325
13 152
225 323
15 213
1 218
225 302
31 162
248 286
142 328
224 346
198 221
159 346
3 23
210 300
81 172
9 151
16 343
52 54
111 139
126 211
178 316
18 162
59 126
1 12
30 152
205 238
205 266
205 291
205 306
114 205
257 265
24 223
254 342
122 338
122 199
65 122
118 124
46 235
46 79
80 287
234 287
19 179
19 307
85 92
19 271
19 334
92 327
5 92
92 238
127 343
106 127
11 127
47 202
175 202
202 290
202 277
86 168
86 297
252 313
102 230
196 230
8 225
8 280
226 229
96 229
8 170
229 242
229 312
113 138
138 209
138 243
138 256
93 165
199 309
68 309
146 157
157 235
5 157
157 185
19 328
57 67
235 246
39 246
38 126
41 213
41 226
160 247
122 159
56 84
56 348
56 305
18 59
276 296
27 43
13 43
183 248
183 245
38 270
130 262
113 262
118 212
17 349
17 298
56 270
57 212
108 236
33 108
53 213
53 74
94 162
162 237
42 308
28 308
48 290
48 113
94 180
123 301
93 301
67 165
78 236
78 204
78 296
26 317
317 347
24 317
189 264
142 194
194 225
39 177
135 177
82 177
167 263
203 245
184 203
185 255
186 268
333 341
201 266
255 333
207 255
133 341
216 263
131 201
130 268
129 268
7 83
99 268
83 206
101 203
83 313
180 189
254 329
92 151
139 223
221 276
12 193
105 269
269 315
30 193
247 265
60 115
115 215
153 188
143 188
170 188
20 292
20 300
20 350
34 65
34 233
64 329
181 283
6 37
37 334
243 251
176 251
37 54
9 267
11 267
217 332
63 217
169 321
26 321
144 274
154 274
22 244
23 278
215 278
278 295
250 339
61 250
52 252
64 160
71 143
71 121
241 284
106 284
3 119
131 293
197 293
119 210
232 311
306 311
86 211
272 337
25 103
272 327
25 140
75 272
25 324
171 190
14 190
4 88
233 288
4 184
158 288
10 288
107 297
107 275
8 316
2 158
2 161
32 282
32 109
32 331
55 90
55 239
36 281
36 161
181 224
186 222
222 234
35 202
16 190
147 337
72 147
35 244
