39.617749
103
46
19
134332
115 156
55 94
56 134
57 82
57 112
58 78
118 174
117 130
117 121
53 145
114 165
113 123
110 179
65 126
66 83
66 102
66 142
66 146
48 64
37 118
38 82
137 155
41 163
42 71
43 47
44 151
135 156
67 118
48 128
49 123
134 152
133 179
126 136
52 56
124 173
91 117
79 125
79 171
80 145
82 100
83 104
83 171
87 139
88 173
78 103
104 111
94 106
94 125
96 149
97 99
99 168
101 179
109 151
67 139
67 149
68 82
70 84
70 114
71 83
71 105
71 175
43 161
109 137
109 117
104 178
104 164
75 149
76 139
77 137
154 171
6 149
26 92
25 172
25 98
25 93
147 171
6 163
22 70
21 137
7 70
19 118
17 134
149 150
25 132
151 158
15 148
15 119
15 89
15 18
14 173
13 153
9 78
10 38
12 69
12 61
12 26
11 126
31 176
138 139
140 163
35 177
35 172
156 172
35 46
35 45
34 123
2 18
2 40
143 173
32 99
28 133
2 170
156 157
4 151
29 43
30 145
3 169
31 54
31 166
23 38
23 108
23 122
97 120
46 107
38 50
50 126
15 50
50 94
8 67
8 172
13 27
27 33
20 27
27 90
12 127
36 171
36 173
73 99
70 73
78 95
95 179
81 83
81 109
63 141
85 141
43 162
134 162
72 145
48 72
16 163
16 123
31 39
2 39
20 160
159 160
131 153
144 180
116 129
165 180
1 5
74 131
51 112
92 180
51 86
51 159
52 129
59 124
59 169
33 129
24 59
1 28
1 22
60 111
60 63
48 60
107 167
62 120
62 107
50 107
