16.820632
21372
22
63
150215
48 126
97 144
93 147
85 157
84 130
84 94
79 102
77 119
13 82
13 145
63 65
56 149
56 139
56 99
55 65
13 74
47 151
47 91
47 58
21 35
39 147
38 97
36 127
35 105
23 124
35 76
33 84
31 128
30 77
27 84
110 112
128 134
127 160
127 140
118 124
114 126
106 128
107 123
5 126
6 155
6 83
9 128
107 158
112 124
6 117
73 107
7 84
72 77
13 135
146 156
6 66
107 150
50 59
15 65
65 116
116 148
90 129
87 147
20 108
18 89
18 157
45 111
100 122
2 42
2 89
2 97
42 100
2 124
91 100
56 70
49 133
1 49
32 148
32 147
32 64
31 32
65 137
102 137
137 154
22 77
4 40
121 147
41 121
12 59
25 54
56 101
35 101
69 75
69 139
61 68
19 41
19 60
48 136
136 141
97 136
3 126
3 127
6 44
44 47
103 122
103 147
26 86
26 125
10 13
10 64
24 104
104 147
27 57
57 143
129 153
20 153
80 130
74 80
28 109
46 67
8 142
8 96
51 135
52 143
52 138
7 53
15 131
73 92
16 137
72 150
16 22
71 92
46 71
66 156
29 100
29 49
1 132
21 132
28 100
17 146
17 95
40 131
78 141
78 115
37 159
37 133
25 81
11 81
86 98
98 160
34 110
34 113
62 109
14 152
68 152
88 120
87 90
70 120
35 43
43 142
88 111
50 54
12 108
18 61
