18.321529
95028
29
149
146841
83 152
93 182
91 184
91 138
55 191
91 115
11 138
12 63
89 196
88 112
12 193
59 82
13 161
83 156
97 116
82 167
62 100
81 149
81 138
62 102
17 93
62 179
19 39
64 82
65 138
75 196
22 67
68 95
39 194
189 191
173 191
35 46
35 117
2 153
2 200
3 12
3 196
4 93
148 152
35 122
36 161
39 188
44 136
128 174
45 152
117 185
51 91
104 161
101 196
28 90
51 96
51 125
51 190
97 170
97 157
35 38
78 160
74 91
141 175
100 186
24 154
130 168
139 196
139 149
110 139
7 139
56 139
8 110
41 180
24 139
82 126
31 62
5 196
61 161
123 198
160 199
12 199
1 79
43 53
17 54
54 101
2 129
91 124
76 124
38 58
58 76
147 154
60 62
35 60
27 186
26 169
93 169
6 51
6 97
6 177
152 165
165 185
33 47
67 166
166 177
120 166
2 20
20 157
29 138
23 30
29 40
30 191
29 181
30 138
49 106
16 31
119 172
138 172
34 94
123 178
150 178
151 178
2 42
28 176
143 176
112 176
16 79
70 105
113 134
1 134
39 195
84 195
163 192
25 109
132 152
118 191
25 104
118 136
21 132
72 98
95 118
25 150
47 72
132 175
14 73
73 85
22 107
80 107
87 99
52 94
50 52
41 52
145 187
88 187
135 161
15 77
74 135
99 147
43 129
137 180
141 176
42 108
35 144
144 155
61 137
159 174
18 159
68 159
168 178
87 163
84 171
40 171
66 171
103 128
32 103
5 106
21 69
69 92
114 142
26 142
111 146
72 108
37 49
37 158
121 127
121 181
10 23
10 197
53 164
164 183
71 92
71 86
34 126
59 131
85 131
133 140
57 133
52 162
77 162
105 198
9 96
9 57
33 48
48 111
