11.359152
17497
18
1471
203630
28 96
11 73
35 64
34 81
15 30
17 97
18 34
31 113
31 88
30 65
30 54
34 133
26 31
83 85
98 107
97 128
22 82
22 90
22 114
97 99
85 134
118 131
48 95
6 98
45 49
44 82
60 87
43 95
4 98
60 105
3 85
60 139
9 98
58 106
84 126
70 95
26 37
72 130
16 120
109 127
16 27
61 138
61 133
27 130
103 138
72 103
60 77
34 77
36 105
29 63
5 34
42 129
32 100
12 123
46 86
62 74
20 74
93 112
112 122
57 112
112 119
106 112
40 124
119 124
58 71
66 124
45 71
71 117
10 71
5 29
101 112
8 95
8 93
30 92
22 92
4 25
38 50
25 97
50 53
50 118
25 53
13 39
34 132
98 136
36 74
25 120
70 132
13 101
19 122
19 78
47 56
33 56
40 125
28 125
57 135
67 135
124 127
96 104
69 104
21 85
21 31
21 51
69 76
102 111
102 117
110 136
76 94
24 109
42 124
7 67
7 35
52 108
9 52
24 84
68 111
47 68
91 121
121 131
1 91
1 31
86 129
75 126
75 100
73 75
55 80
46 55
2 137
51 137
20 140
14 140
116 123
79 116
12 32
41 115
22 115
97 115
41 89
23 59
23 110
