89.285685
32185
107
420
47132
137 450
148 360
147 359
146 404
146 312
142 439
142 345
142 144
141 401
369 486
137 477
367 382
137 209
137 181
136 148
372 435
133 455
133 305
133 269
133 222
132 468
132 290
158 467
359 461
361 466
171 180
170 461
363 464
167 291
165 420
164 254
365 402
365 413
132 197
156 212
155 156
154 485
154 297
154 162
153 424
153 198
366 488
150 461
91 177
107 420
106 322
106 285
106 166
103 210
101 437
99 363
388 445
93 272
92 373
109 236
392 399
88 346
88 261
87 464
87 374
87 355
87 134
83 418
83 253
82 492
115 284
130 463
129 368
127 472
127 435
126 367
376 397
121 367
120 194
380 394
118 359
357 459
114 484
114 454
114 325
113 429
113 327
113 222
113 161
111 157
110 247
334 478
283 394
282 494
281 382
281 357
279 373
278 395
277 472
277 448
277 425
333 363
287 406
275 331
272 407
272 379
266 291
263 267
262 346
261 393
261 384
261 304
259 300
307 321
324 373
318 498
318 491
317 466
315 410
315 381
315 347
311 398
310 421
309 392
259 297
306 389
306 307
300 483
300 480
326 467
295 457
291 474
290 308
331 358
194 406
349 408
205 255
205 232
349 473
204 401
202 428
202 356
201 445
199 369
199 270
210 481
350 446
188 480
351 368
184 224
183 480
183 343
180 207
352 492
177 423
177 214
230 275
258 331
335 368
246 395
337 369
244 452
244 299
239 318
237 357
236 409
339 366
122 484
341 363
346 419
348 480
224 235
223 319
221 480
220 423
219 307
218 464
37 310
64 175
64 494
40 193
65 359
66 406
67 408
68 461
69 78
403 421
38 421
37 487
41 300
36 392
35 353
69 145
35 323
69 203
35 320
33 115
31 443
31 386
69 460
31 286
48 316
397 405
59 408
397 497
57 494
398 466
55 82
53 224
50 366
401 442
61 111
48 462
70 84
48 295
47 495
47 314
62 292
63 83
47 141
44 360
43 445
42 111
63 229
77 180
396 401
13 111
11 354
11 230
433 435
437 496
8 11
395 422
74 82
75 420
76 292
72 444
79 347
7 240
7 153
446 475
447 478
392 414
453 467
5 195
80 446
5 37
1 146
15 46
30 451
30 330
70 340
30 168
29 136
28 136
25 360
24 202
23 377
23 211
23 188
22 37
21 500
21 298
21 228
19 164
72 292
17 205
16 236
15 265
15 189
70 159
163 222
362 439
90 464
245 478
116 256
52 224
391 479
242 395
132 469
131 215
206 248
206 416
95 206
96 206
137 206
250 366
83 138
139 346
139 277
2 139
124 427
368 427
94 200
200 371
100 200
200 267
80 200
421 430
51 476
189 370
430 467
359 476
223 370
229 476
476 489
370 480
4 370
476 477
370 416
138 426
430 432
356 470
378 469
45 276
174 401
174 187
174 177
276 444
182 276
268 480
27 268
136 493
228 493
71 408
71 360
137 458
111 458
409 465
456 465
383 465
226 233
226 315
226 494
400 465
90 430
54 244
54 118
61 243
243 490
176 489
176 263
176 222
89 176
21 289
70 289
48 289
247 375
338 375
153 336
336 456
114 336
106 336
56 490
56 421
56 364
56 142
135 208
112 406
112 397
15 274
136 274
217 406
21 217
264 301
45 264
190 264
117 445
23 117
160 369
160 307
163 280
208 226
385 464
313 385
385 404
233 385
249 388
249 373
301 329
308 415
58 196
58 445
383 415
203 415
179 415
40 58
85 128
85 364
20 135
73 250
139 378
20 336
365 436
332 436
351 390
357 390
125 128
125 369
329 426
49 292
49 357
149 461
149 318
172 300
10 104
30 172
32 260
10 303
195 260
411 449
12 146
12 224
115 302
302 437
245 264
73 430
96 288
115 288
417 471
50 417
18 164
18 291
256 280
52 375
81 185
185 186
215 242
193 257
231 257
3 389
3 191
151 272
151 437
98 446
98 105
58 479
293 395
293 367
100 441
213 441
213 438
434 438
108 175
120 342
119 440
294 344
108 251
122 344
130 344
216 342
342 352
119 399
81 108
119 240
238 412
131 238
97 273
97 218
97 252
60 202
60 331
60 467
338 482
210 482
14 140
234 420
102 261
82 234
94 192
14 186
192 328
35 102
9 180
9 466
124 387
86 387
271 359
47 271
270 431
156 431
69 225
225 394
31 152
11 152
2 123
39 123
6 143
6 332
6 471
178 220
34 178
187 499
241 499
164 227
205 227
236 296
291 296
169 311
169 343
26 169
173 191
173 303
411 470
