6.094272
24561
14
89010
194079
19 27
9 91
66 137
62 134
15 27
50 121
50 87
50 57
41 128
21 27
111 115
117 132
33 128
21 28
36 44
12 53
128 130
1 10
23 85
58 72
95 124
27 75
16 75
48 106
10 75
78 99
20 76
66 67
81 117
79 81
51 64
14 51
49 95
40 61
13 114
30 90
74 75
20 93
83 131
48 102
97 115
97 132
97 106
92 97
78 97
50 140
81 93
67 104
92 113
96 113
25 103
25 65
24 98
25 128
26 52
62 98
26 137
26 111
35 76
35 77
14 110
31 110
40 104
45 63
45 128
28 60
5 124
5 73
5 61
5 36
7 25
27 129
7 60
128 136
34 90
1 99
27 46
102 131
4 25
4 6
46 94
58 75
108 135
108 116
42 44
42 64
42 107
71 133
26 89
13 109
2 114
30 55
98 100
26 100
12 129
56 116
56 134
3 123
3 69
3 39
17 120
54 118
54 123
2 6
69 88
52 88
43 88
9 68
68 85
17 94
59 72
59 119
71 89
53 80
80 138
22 70
11 70
82 127
39 82
16 70
11 38
38 122
37 126
37 112
18 133
18 32
34 130
23 136
75 140
29 105
8 84
105 107
86 139
86 91
83 84
47 125
101 126
101 122
47 55
