74.682801
40136
84
2904
80542
111 152
119 344
118 266
117 183
116 249
114 233
114 116
113 294
112 284
111 268
120 310
111 148
107 284
106 278
106 237
106 154
105 300
104 269
102 245
129 270
134 272
134 218
134 139
133 347
133 316
133 312
132 307
131 287
102 192
128 302
128 247
128 202
125 223
124 290
123 308
121 346
121 207
79 196
85 181
84 329
82 330
82 187
82 121
82 109
80 335
79 266
87 307
78 236
78 122
77 308
76 332
76 297
76 281
75 220
69 308
95 150
102 110
100 116
98 344
96 299
96 178
96 127
95 173
95 160
136 280
93 319
93 233
92 322
92 210
92 101
91 175
90 93
88 129
207 231
243 288
238 265
235 241
230 311
229 284
229 241
224 242
221 346
211 242
246 282
207 213
204 350
203 311
200 234
199 338
199 320
199 225
198 267
276 280
317 346
308 340
300 313
294 334
294 301
291 329
289 310
286 296
191 265
275 346
264 350
263 348
260 265
259 309
254 350
248 335
246 328
149 324
165 307
163 220
161 243
159 183
158 348
158 304
158 277
156 232
167 241
149 255
147 287
146 294
145 287
143 171
141 198
140 232
139 167
181 186
188 329
188 227
188 200
183 253
183 247
182 207
181 341
181 198
2 244
177 324
176 197
175 257
175 201
174 246
173 250
172 259
170 263
49 120
39 52
40 311
23 55
42 124
11 45
12 48
5 300
12 76
46 197
12 287
48 146
48 212
48 271
23 70
49 138
49 175
49 318
50 197
51 232
52 81
52 226
20 280
19 59
54 286
55 116
4 47
9 292
25 179
25 307
26 263
27 143
28 286
8 244
9 259
25 162
29 99
29 208
7 124
30 244
49 306
31 266
32 232
10 223
25 63
24 241
23 298
23 108
34 149
35 335
36 133
37 284
38 243
57 347
60 325
60 345
3 349
3 283
61 78
59 315
3 104
14 57
59 285
64 143
65 94
59 229
1 129
65 214
57 222
65 239
66 115
66 153
66 225
67 310
15 66
56 66
55 311
16 198
286 326
73 229
55 279
13 157
158 166
5 228
12 321
142 262
232 342
60 97
209 240
158 215
28 305
134 215
16 215
265 305
111 305
102 305
130 215
130 305
58 252
217 331
136 331
217 252
250 331
252 292
13 252
46 168
326 331
68 196
68 216
68 269
25 137
128 137
106 137
157 168
97 240
89 220
89 129
89 162
18 188
18 344
4 86
86 209
86 185
41 323
199 295
78 295
73 323
74 148
44 74
116 194
124 194
194 198
43 149
43 243
43 66
6 43
60 135
135 149
86 166
6 151
151 293
25 273
273 300
29 126
126 143
168 228
329 339
192 339
156 184
177 251
193 251
184 258
89 321
189 244
181 189
133 303
280 303
121 190
261 318
223 261
215 342
53 266
53 294
62 314
62 220
17 223
17 183
18 142
33 259
33 242
180 350
180 232
169 308
57 169
21 69
21 71
256 337
11 337
56 337
155 343
41 155
164 175
65 164
47 274
274 333
103 299
103 246
103 242
22 197
206 335
22 52
206 307
72 205
72 115
195 314
83 195
92 219
219 310
144 327
205 327
29 336
300 336
168 190
