114.407328
15513
125
2284
48720
127 468
131 466
131 332
131 308
130 494
130 297
266 434
130 205
129 497
128 413
267 281
128 253
266 432
126 340
125 309
124 461
124 408
124 328
124 128
267 392
272 419
274 467
278 493
137 302
146 352
145 340
144 486
144 277
143 360
142 342
140 475
139 473
139 344
139 184
138 413
120 389
136 439
135 384
263 283
134 283
264 304
264 327
264 369
266 289
132 280
131 477
93 102
103 156
102 288
101 385
100 395
99 198
98 444
287 416
288 336
95 313
94 316
93 139
104 198
92 156
91 455
294 469
295 345
295 358
298 339
89 296
89 191
88 368
88 320
111 379
119 378
118 367
117 256
116 315
114 245
279 321
114 190
113 175
111 489
280 347
262 338
111 193
280 400
280 402
108 448
282 420
282 422
282 427
284 415
106 340
105 414
194 220
201 321
198 318
233 483
197 311
234 334
240 475
242 455
243 292
243 446
195 280
194 342
232 455
192 482
247 435
192 231
189 435
187 253
185 385
183 414
182 395
180 220
179 452
225 244
222 249
221 372
220 370
220 268
219 367
218 430
218 307
217 443
216 475
224 266
179 398
214 372
225 324
212 243
225 396
227 274
227 419
210 274
207 315
204 339
230 283
154 394
164 401
252 393
163 378
162 178
160 343
253 424
256 377
157 435
256 384
156 208
155 341
164 428
153 453
153 223
153 188
152 410
150 395
256 445
258 472
148 267
259 378
260 363
173 495
179 322
179 230
178 476
178 319
177 192
176 302
175 354
249 485
250 466
251 479
295 300
173 423
173 401
173 200
172 493
172 314
171 360
169 483
167 267
166 299
165 274
32 97
373 483
380 414
383 404
37 218
389 434
391 468
392 404
401 435
35 338
33 334
32 144
372 441
31 76
30 131
404 492
29 298
28 54
27 443
26 316
25 444
405 407
24 416
363 393
47 384
46 474
46 351
46 344
355 415
45 309
299 330
44 409
359 407
44 122
360 390
23 341
363 412
363 476
42 253
41 313
41 153
41 83
367 388
40 80
39 258
372 392
462 479
11 339
438 448
10 415
9 271
9 55
8 76
7 404
444 496
6 388
6 273
6 229
437 497
464 468
471 479
4 318
479 496
4 181
4 168
4 69
3 343
481 497
1 288
16 362
22 420
22 158
22 72
22 34
21 164
20 448
19 313
18 466
17 413
16 447
44 450
16 267
410 411
16 141
410 478
413 463
416 440
417 466
419 480
420 483
425 469
71 283
79 85
78 114
77 89
76 230
76 209
75 407
311 488
316 349
73 467
320 415
80 255
70 395
67 313
321 348
65 378
325 394
326 334
64 276
64 163
64 151
83 127
88 226
87 389
86 301
85 455
85 426
299 403
85 112
84 444
83 346
83 248
48 394
83 109
82 454
82 311
302 498
81 353
309 386
80 496
80 343
80 275
51 497
55 115
54 449
54 136
331 469
53 199
327 443
53 121
337 352
338 500
341 500
342 418
53 150
343 431
51 245
51 218
50 258
352 451
49 265
49 238
49 61
48 448
48 56
63 186
63 161
62 81
56 170
56 357
60 385
59 63
55 350
56 382
58 249
57 493
365 401
206 254
149 420
246 342
213 392
48 406
15 185
291 334
146 317
128 329
257 366
286 461
68 286
66 356
26 66
66 237
66 239
66 244
97 174
203 374
203 321
174 439
203 301
174 241
203 271
89 174
68 335
330 335
312 335
12 335
491 496
41 491
225 236
419 436
236 334
156 375
198 236
24 456
89 436
63 436
64 375
311 375
105 290
49 290
64 290
13 53
13 352
51 333
230 333
196 305
261 315
130 261
415 490
384 490
269 454
269 381
40 215
175 215
38 280
38 139
81 96
96 410
213 257
235 332
235 338
66 246
317 376
128 270
264 270
274 293
293 385
329 376
15 291
202 399
399 499
196 365
133 290
164 371
192 371
431 484
300 484
254 456
149 456
288 460
256 460
414 460
4 306
264 306
46 306
90 367
43 144
43 175
43 416
90 363
90 341
43 366
360 364
44 159
364 389
316 364
159 378
228 239
39 228
110 252
110 206
387 421
367 421
147 468
85 147
6 442
407 442
249 442
14 459
2 459
36 465
36 400
36 86
36 51
123 493
123 455
258 303
131 470
303 339
111 470
90 305
361 387
211 302
114 211
310 361
52 321
52 340
285 475
88 285
74 469
54 74
429 457
314 429
107 338
107 309
55 487
243 487
133 458
315 433
12 433
5 499
5 384
406 458
249 323
2 323
81 397
397 402
