48.785434
41552
124
36628
45185
228 405
456 472
141 191
187 446
122 278
19 141
220 322
221 427
24 256
1 56
89 118
274 280
277 309
76 447
73 99
63 239
336 402
51 281
150 186
170 372
425 456
151 425
395 425
360 408
408 472
89 408
169 290
126 483
275 401
275 476
13 428
13 344
13 244
13 178
274 275
227 316
177 275
262 310
122 262
207 262
12 247
217 248
398 407
23 110
398 427
20 388
31 388
243 398
85 202
155 202
331 398
202 373
15 23
353 388
56 388
1 23
151 391
260 285
449 489
374 483
273 374
364 371
308 489
156 344
285 287
464 489
281 374
156 159
108 156
278 285
328 441
232 328
241 299
167 210
230 350
55 288
288 431
77 182
137 302
73 196
137 386
68 411
137 432
161 467
57 136
182 482
80 136
54 338
54 286
54 239
143 434
179 182
288 353
114 277
92 473
100 136
240 283
158 161
159 192
88 196
226 288
220 411
114 129
137 155
114 341
161 315
114 386
153 434
196 323
133 434
283 350
92 445
17 304
31 283
17 178
36 92
39 97
39 270
44 449
39 335
44 433
17 395
411 481
17 422
44 263
51 161
43 283
233 470
170 470
185 470
209 337
38 360
82 325
78 166
78 109
78 450
29 148
5 105
71 495
71 446
71 380
29 414
105 380
325 390
29 439
311 325
29 444
105 494
6 279
6 103
6 342
37 78
105 372
183 457
59 237
426 476
129 195
113 289
147 221
147 250
9 121
113 366
79 418
79 235
147 186
9 50
276 416
102 142
351 379
416 485
123 345
9 486
290 351
118 351
123 228
339 355
201 494
201 467
107 175
175 287
45 238
225 333
14 216
223 465
130 468
199 253
200 468
127 488
174 264
21 116
381 397
229 318
138 383
376 459
132 468
138 295
424 466
26 361
368 409
205 438
145 305
18 27
18 294
115 218
18 378
208 253
119 413
120 361
216 430
206 368
16 300
19 157
218 490
124 465
140 157
21 49
219 487
21 329
396 465
174 451
305 363
3 138
60 174
61 160
160 460
4 488
64 300
65 488
306 497
2 181
69 303
69 442
300 461
160 234
297 487
296 459
28 69
292 365
317 466
318 458
45 438
348 365
2 162
319 382
47 246
47 254
168 419
168 224
2 22
165 487
47 298
330 365
48 119
272 305
459 498
152 216
7 368
96 382
251 438
253 393
257 314
257 354
257 455
261 333
271 497
171 382
72 168
33 119
42 245
349 453
74 397
352 397
157 423
42 435
42 399
284 453
34 466
282 318
357 453
40 333
84 218
361 479
362 497
172 269
90 408
134 146
164 392
164 187
167 266
76 266
90 316
299 375
242 268
242 307
248 500
258 500
259 267
259 280
367 371
477 500
469 484
291 324
232 417
309 421
310 359
312 377
312 437
339 484
321 415
322 415
324 358
326 421
327 420
336 400
180 405
421 429
189 491
191 387
439 462
193 400
194 259
198 340
198 347
441 493
204 387
443 493
447 484
188 189
180 214
209 384
402 415
211 417
215 227
215 256
457 462
176 389
215 454
222 375
389 474
384 496
30 384
83 462
144 369
111 265
144 356
144 166
111 177
10 184
10 320
91 367
10 452
131 247
93 332
135 231
93 492
99 420
24 104
134 312
131 463
107 417
104 112
104 486
158 359
43 189
41 400
128 190
59 389
62 375
63 128
117 154
128 346
66 231
32 420
67 387
111 331
35 493
75 359
131 142
150 180
8 367
117 480
90 285
301 316
262 275
46 398
425 471
12 262
78 90
169 411
169 385
23 391
87 471
163 489
86 325
136 202
94 169
46 412
13 25
335 404
404 452
58 316
39 163
196 285
403 408
81 217
217 412
182 203
11 411
25 202
86 95
173 202
212 217
54 385
70 398
90 438
236 262
79 262
23 149
217 252
87 416
283 337
29 197
44 125
58 364
230 325
6 192
6 39
388 410
196 370
81 394
169 216
169 365
408 448
94 210
163 249
125 255
203 249
236 241
44 52
255 334
313 370
92 410
137 293
293 434
269 301
334 343
106 394
126 242
38 113
106 183
9 237
163 368
163 318
98 197
81 406
192 453
192 361
333 385
92 440
53 364
475 489
54 146
374 478
434 499
183 459
174 183
168 183
11 324
69 70
149 257
195 487
157 252
403 466
42 102
102 397
106 139
160 293
47 410
79 213
117 173
52 93
198 426
18 139
139 497
139 218
2 448
138 440
213 488
101 406
468 499
53 382
98 436
465 475
231 238
21 478
253 436
119 436
101 305
101 300
