14.688064
9898
46
26321
32343
98 191
195 297
42 236
142 208
11 51
66 295
70 115
81 87
36 275
111 116
20 293
256 293
174 293
238 293
106 293
212 286
128 232
14 131
9 284
156 271
156 262
156 195
64 241
135 241
144 184
42 74
24 280
17 281
31 266
31 258
122 287
96 129
229 245
245 296
239 245
171 245
82 106
117 274
187 274
2 104
114 192
174 192
35 252
50 192
104 127
104 135
140 252
65 192
252 255
236 274
196 246
16 269
23 283
68 137
72 137
41 137
124 158
137 217
158 163
158 223
83 177
182 183
134 183
143 183
183 250
97 183
136 145
48 57
127 193
88 193
93 130
112 260
45 161
133 161
161 232
46 161
3 47
172 293
256 273
120 241
44 153
44 218
239 294
28 101
101 165
101 179
85 294
6 248
12 253
154 167
154 244
12 272
20 154
10 213
253 283
111 253
259 272
65 91
91 98
91 136
10 122
10 147
169 272
201 272
79 96
51 160
160 279
71 161
207 216
202 203
182 216
181 203
155 281
155 198
16 203
205 216
45 155
155 173
203 280
75 244
75 169
104 275
37 38
103 121
215 241
73 235
62 83
11 209
62 108
209 297
71 216
243 263
248 263
55 262
64 107
107 295
172 241
119 131
14 291
36 291
240 271
142 240
31 286
47 96
156 221
66 78
1 118
4 141
118 143
224 226
86 242
109 242
188 226
78 261
118 238
26 59
115 226
78 144
88 141
141 298
59 278
28 157
68 157
38 288
113 288
123 251
87 110
27 282
274 293
94 204
57 221
120 177
15 274
39 251
168 196
138 156
82 148
31 172
48 154
227 230
32 100
225 241
156 210
102 138
237 245
105 204
3 149
39 237
96 285
96 197
197 245
22 180
18 92
18 213
156 252
185 260
34 184
146 229
92 146
70 146
54 197
74 123
100 252
199 289
129 290
208 211
99 175
13 211
49 290
21 265
158 300
137 300
53 233
24 34
44 168
170 299
125 299
77 299
164 257
164 222
43 164
56 227
137 197
60 197
151 190
81 190
15 233
161 247
54 56
84 85
63 84
128 185
5 29
159 292
22 277
69 206
69 194
247 254
94 132
6 128
89 293
162 276
8 246
61 95
234 270
67 282
67 228
67 152
126 214
126 267
7 276
8 40
8 167
219 220
97 270
25 61
103 126
90 220
19 231
176 178
19 186
80 284
80 191
80 166
76 176
33 268
33 189
150 176
37 293
110 116
269 277
132 285
79 289
9 200
105 242
89 264
32 73
60 130
121 264
10 58
59 225
175 215
52 93
52 194
178 249
26 249
29 230
23 27
180 276
17 21
159 287
139 216
30 96
19 58
61 158
33 273
55 299
139 220
30 164
