23.651972
43894
70
528
59561
61 275
110 172
140 349
103 171
164 331
90 109
166 167
7 285
98 291
33 58
21 261
132 134
129 179
41 226
39 246
13 43
252 313
3 23
210 300
46 79
189 264
205 291
205 266
205 238
205 306
114 205
65 122
122 338
86 297
80 287
86 168
234 287
81 172
92 238
92 327
5 92
85 92
96 229
229 312
229 277
226 229
229 242
31 162
162 240
162 299
69 162
11 127
106 127
9 151
257 265
86 183
175 202
19 307
138 209
138 243
138 256
47 202
202 290
202 277
19 179
19 271
19 334
128 346
317 347
40 199
130 137
130 330
116 346
135 177
113 141
82 177
7 83
83 206
83 313
50 199
39 177
24 317
166 346
91 280
199 303
49 113
95 280
26 317
163 280
122 159
126 182
73 126
142 249
142 260
142 335
63 142
95 263
310 348
200 342
44 342
70 342
167 263
264 342
136 348
216 263
145 348
118 124
115 215
195 343
228 343
148 343
89 245
51 245
1 62
1 218
170 227
117 245
255 256
170 279
1 314
1 207
132 170
207 255
255 333
185 255
12 122
60 280
78 296
78 204
78 236
287 309
17 298
17 349
15 213
225 325
225 302
225 323
186 268
99 268
40 213
129 268
125 213
30 193
177 221
221 317
24 223
76 235
231 235
201 266
201 312
131 201
108 236
33 108
205 211
276 296
139 223
184 203
101 203
178 316
60 115
157 185
146 157
135 341
333 341
133 341
5 157
18 59
149 154
154 318
154 292
154 173
43 86
186 222
222 234
176 251
6 251
243 251
86 252
159 346
183 245
86 211
52 54
67 165
38 83
51 284
106 284
241 284
247 265
144 208
97 144
20 292
20 350
111 322
20 300
110 144
111 176
111 319
32 109
32 282
32 331
36 153
36 161
36 281
199 309
38 126
52 230
20 139
12 193
138 254
287 301
274 329
177 247
160 247
30 268
53 213
150 305
32 54
219 305
258 305
53 270
57 212
19 328
143 188
153 188
22 244
221 276
171 190
14 190
41 213
254 342
107 257
98 267
9 267
107 275
2 158
48 289
48 290
2 161
44 293
197 293
230 284
61 250
250 339
181 283
71 121
71 143
34 65
34 233
142 328
81 94
3 119
154 274
26 321
169 321
6 37
37 101
118 212
158 288
68 156
74 104
74 289
74 344
27 304
248 286
248 307
28 261
68 87
68 79
66 315
272 327
152 192
31 123
272 337
27 340
28 29
191 198
84 146
187 248
45 123
105 134
105 174
96 196
105 273
196 214
198 320
93 345
93 336
13 152
42 294
84 220
27 164
77 152
25 324
124 198
25 140
123 259
25 103
75 272
120 315
112 196
233 288
42 155
10 288
42 178
84 100
55 90
55 239
119 210
18 162
59 202
58 311
232 311
224 346
217 332
4 88
278 295
102 326
102 253
102 175
63 217
23 278
4 184
57 67
46 83
64 160
94 162
180 189
151 165
35 64
180 194
235 246
194 225
113 138
72 147
147 337
113 262
130 262
190 211
92 237
127 343
8 280
181 224
16 343
93 301
8 170
16 308
237 348
56 348
8 316
229 244
52 269
269 315
56 305
28 308
