11.526808
38328
34
4265
38675
20 207
2 152
123 246
53 242
212 216
169 229
116 247
112 235
23 26
8 30
5 89
51 129
32 93
103 120
119 133
55 74
9 205
28 139
14 109
27 35
34 214
1 142
31 117
84 174
99 190
130 201
124 134
65 124
124 152
130 172
136 187
46 194
60 194
78 194
194 246
99 184
199 218
144 178
30 144
50 144
94 101
94 176
24 140
1 140
140 226
210 250
108 224
216 234
65 234
100 234
209 243
159 160
19 188
92 188
33 135
33 227
33 248
34 188
72 233
69 154
36 160
69 96
69 89
67 69
54 188
110 160
26 237
138 237
128 160
139 237
3 189
42 144
66 239
179 198
23 198
198 211
88 224
194 203
62 238
215 223
112 223
220 223
141 238
75 223
159 238
131 154
43 131
131 150
59 235
59 212
90 140
48 70
45 101
140 163
132 238
94 190
113 233
115 131
120 140
106 234
45 115
144 184
244 250
125 128
78 125
76 233
95 144
7 22
151 155
7 151
42 237
120 237
97 148
97 178
206 228
28 186
64 200
54 200
32 198
105 233
3 105
76 131
50 177
22 88
203 237
2 91
91 110
91 109
91 104
239 244
55 124
58 111
58 145
58 193
57 58
162 219
107 202
102 222
122 148
137 168
66 202
122 181
39 162
137 164
202 242
53 162
86 122
126 222
11 74
11 145
122 146
189 225
37 146
162 206
174 214
27 85
51 85
163 228
192 219
192 217
183 192
25 192
22 90
68 82
82 196
19 165
127 165
35 130
180 230
84 170
147 170
61 167
167 210
73 93
56 73
150 171
171 208
157 177
121 232
208 232
191 241
114 160
166 195
116 158
62 166
166 229
158 243
71 103
17 71
21 149
149 247
37 129
29 236
29 108
41 64
41 56
20 41
38 137
137 157
136 142
161 209
114 180
79 249
106 191
205 238
31 130
38 158
95 222
70 198
119 222
87 218
87 161
9 231
44 231
81 249
6 81
13 221
47 175
15 175
16 221
107 221
118 197
52 81
197 213
175 211
79 230
48 143
77 193
173 207
4 77
49 182
4 182
181 204
98 204
18 173
10 156
72 240
63 240
12 40
40 215
68 185
92 185
83 117
83 245
80 153
153 187
33 94
10 199
143 197
