5.239518
30978
18
498
74912
30 90
58 142
103 109
49 94
15 160
31 125
81 123
136 139
17 38
114 121
60 67
116 136
1 116
116 131
116 123
6 8
77 135
107 122
33 88
33 47
29 82
13 106
8 13
13 118
82 96
112 145
76 145
78 82
74 100
19 36
45 116
108 140
45 156
34 61
34 157
29 34
63 158
1 130
31 130
65 116
20 103
20 71
20 66
20 22
105 159
12 126
4 116
134 152
97 152
73 139
37 111
129 156
6 129
23 87
11 73
16 148
83 148
89 151
85 88
85 155
100 135
33 84
13 50
5 97
147 150
80 160
80 128
79 80
25 96
25 144
33 74
120 134
14 120
17 120
34 57
2 145
40 52
143 153
19 33
77 120
41 51
41 67
32 95
115 155
110 151
5 81
111 154
99 154
99 146
49 146
108 124
15 124
44 64
44 126
18 122
32 68
68 117
110 133
40 73
57 89
3 21
21 143
84 159
62 92
30 42
42 149
42 138
7 78
7 91
7 106
70 86
43 109
86 127
43 149
9 43
20 65
60 141
133 146
53 114
116 141
104 107
3 104
50 153
39 113
36 39
82 147
140 150
2 153
12 26
23 34
52 53
46 142
46 94
26 37
75 87
113 148
72 75
56 132
56 125
56 69
4 95
27 119
48 54
10 24
48 55
101 102
54 93
90 102
61 93
28 59
58 59
35 105
35 137
63 115
92 158
73 98
72 86
11 27
24 98
