9.803721
1543
29
1085
127397
95 145
79 113
17 75
72 115
70 131
117 129
47 125
89 110
80 140
37 156
117 136
136 143
91 124
25 64
97 130
90 97
97 116
19 97
33 155
37 107
32 107
107 137
48 107
112 159
54 114
114 135
69 114
15 55
47 63
12 63
63 70
42 128
103 128
1 43
88 119
72 82
77 82
82 122
7 88
1 14
128 140
1 120
128 130
18 105
18 112
18 118
10 148
115 148
69 160
4 77
4 110
4 46
26 36
4 33
44 146
44 68
6 44
96 101
36 109
36 124
21 96
22 36
65 96
14 92
49 92
92 108
153 157
17 127
3 127
99 127
11 27
11 103
64 97
97 149
62 111
111 131
126 139
74 126
45 154
45 132
45 76
104 125
20 104
104 147
39 59
39 150
52 86
86 145
86 135
25 86
39 40
35 132
27 31
67 90
26 67
20 51
51 60
107 152
34 109
34 137
2 136
1 144
144 160
80 82
107 142
53 113
53 95
53 85
87 136
32 158
98 158
71 157
61 71
71 78
87 91
75 134
57 122
57 58
84 134
83 141
29 136
5 107
81 123
16 81
66 102
55 106
22 93
23 121
106 151
106 129
60 93
28 41
30 93
8 121
41 56
38 66
13 142
15 159
100 136
50 73
24 127
126 155
35 152
86 138
24 31
50 100
88 114
13 96
141 156
5 133
41 149
29 94
71 138
44 153
73 2
9 39
4 121
9 81
66 133
