11.745579
15815
32
221
61962
38 107
13 32
46 168
104 157
64 160
65 87
70 178
30 159
41 179
60 151
62 151
121 151
169 179
52 109
25 170
24 164
52 164
77 172
15 180
15 147
15 115
15 87
45 153
61 153
74 82
74 111
74 125
74 155
74 178
153 162
1 153
63 67
84 161
65 161
100 161
10 161
68 176
38 126
98 176
108 176
126 177
5 124
9 123
120 165
110 131
113 120
110 115
138 142
42 46
42 86
120 145
120 160
49 146
11 49
49 134
29 138
42 172
31 110
83 110
35 138
73 93
73 168
73 121
78 104
78 163
80 148
148 155
81 141
4 137
4 99
4 140
25 48
48 145
48 57
19 174
47 68
33 57
33 56
12 33
141 170
36 43
36 169
58 114
79 114
19 114
21 26
26 124
26 159
32 136
59 136
3 96
118 136
96 149
96 105
8 141
7 39
76 97
76 100
89 122
18 112
18 111
54 90
135 154
1 90
88 175
91 129
117 133
128 166
129 139
133 150
133 180
60 166
2 88
6 34
20 166
23 144
23 127
50 64
23 107
50 67
50 85
22 40
17 34
40 82
40 158
15 44
13 167
167 171
123 130
130 157
51 141
49 141
42 141
164 179
24 27
27 131
94 161
14 103
16 126
5 132
44 176
74 152
94 116
95 151
53 109
16 73
30 49
69 156
8 15
152 161
101 156
71 164
102 132
37 77
14 102
75 153
63 173
78 151
28 153
119 141
37 75
9 92
101 176
164 174
69 138
66 103
51 72
81 154
106 179
114 143
4 66
136 143
53 89
92 129
34 95
7 72
26 55
96 106
55 88
