45.337553
1
95
13483
35064
158 205
25 259
27 33
245 301
36 45
151 247
75 254
130 311
115 180
2 262
2 322
94 220
90 171
108 269
88 328
31 123
107 120
45 123
48 120
54 88
59 123
62 88
88 261
123 242
68 309
71 120
43 349
26 43
125 308
145 283
145 346
42 251
43 130
43 243
161 297
91 308
55 151
55 220
55 254
56 316
66 316
99 145
12 251
14 169
18 153
251 318
18 182
18 222
18 263
266 308
250 316
39 246
15 113
118 275
94 218
175 278
118 262
149 278
4 67
15 259
4 256
4 311
108 294
15 286
69 269
33 69
218 343
218 282
162 294
69 115
216 294
28 117
28 201
28 243
118 329
30 75
30 116
30 241
171 278
268 299
169 267
63 90
63 202
299 328
176 185
60 63
81 143
81 234
126 299
253 267
25 81
185 270
141 267
131 185
279 322
137 153
22 293
158 333
13 51
137 237
138 293
137 146
289 333
180 293
51 140
51 245
183 333
279 338
247 336
236 336
84 93
68 93
159 344
73 119
73 161
73 301
31 159
104 159
93 172
112 207
128 166
291 295
133 197
317 324
225 340
100 214
100 224
101 102
101 134
101 345
103 164
103 213
1 167
105 196
105 320
291 315
306 335
303 347
109 341
112 190
340 350
112 272
114 323
121 221
121 307
122 179
298 327
206 274
187 226
187 332
189 334
191 331
193 321
194 330
197 296
198 347
199 321
200 310
184 335
208 274
209 235
209 240
211 230
211 284
212 327
215 228
239 330
229 310
223 277
165 317
144 335
280 327
148 334
150 331
152 167
154 186
277 285
154 290
156 187
276 304
139 334
166 205
167 288
168 321
174 330
260 323
258 277
177 274
178 276
179 195
181 276
82 197
47 103
46 97
44 228
41 312
41 264
41 157
40 179
38 166
79 209
83 217
37 331
36 98
83 232
83 238
35 211
85 97
100 110
64 188
70 347
72 98
64 106
61 326
61 233
58 109
57 319
3 340
53 228
52 136
77 127
77 132
50 136
78 98
49 64
87 273
7 319
8 310
11 61
16 121
17 77
96 317
89 154
5 109
20 136
95 163
95 204
95 313
87 252
23 319
24 323
87 203
86 348
86 255
86 142
97 244
6 291
32 105
27 339
29 339
10 339
111 131
21 67
21 263
66 74
74 140
120 249
248 308
123 124
120 124
249 316
55 316
145 251
88 170
69 248
118 248
14 271
251 302
80 309
43 170
98 309
309 323
83 309
55 305
28 300
271 300
15 231
248 281
135 218
170 294
281 297
211 249
14 319
14 277
274 297
14 154
187 297
136 249
101 297
76 249
19 145
18 160
9 302
219 336
92 219
80 231
292 333
63 192
185 192
147 278
65 271
124 210
105 302
197 300
124 334
300 340
302 310
231 347
231 331
97 219
173 271
87 219
111 308
4 129
30 337
292 314
155 265
9 265
135 321
135 276
227 246
155 257
305 342
192 314
167 292
77 292
92 257
192 291
103 279
51 325
227 267
61 147
34 342
121 210
34 100
112 287
173 317
173 335
179 287
34 228
287 330
109 173
34 327
64 325
86 129
76 287
19 95
209 337
41 160
