9.484678
110565
26
627
180099
27 67
3 31
17 22
65 77
87 102
13 63
33 66
1 30
79 89
89 90
89 103
3 89
62 111
13 111
43 111
59 101
8 101
5 95
19 115
5 81
107 115
77 115
6 115
40 81
40 68
37 40
21 40
48 67
48 106
48 100
85 99
23 92
6 23
2 23
86 99
56 99
28 73
12 105
27 69
31 69
69 74
63 89
23 66
7 14
7 55
25 54
55 114
35 54
55 103
2 14
4 14
16 55
14 91
54 72
54 87
5 33
41 46
38 46
46 56
46 59
75 80
53 108
22 34
34 95
109 111
84 93
49 73
47 49
82 84
68 84
10 88
75 88
36 49
65 88
28 102
84 105
49 105
15 116
25 116
60 98
58 70
58 64
57 78
42 98
44 76
20 76
78 117
98 118
29 32
30 32
8 58
32 45
12 119
104 113
17 104
94 120
24 50
61 110
18 110
83 94
11 94
50 96
50 52
9 110
39 112
108 112
51 112
71 97
10 26
26 60
40 97
46 119
1 69
76 109
53 71
5 94
5 50
78 99
80 110
