46.066169
1
99
26336
38254
243 270
315 328
192 241
79 255
33 228
3 341
169 197
301 333
152 338
68 93
113 219
48 187
34 48
48 89
48 200
8 48
144 258
24 144
51 144
80 101
86 143
151 238
151 286
151 298
151 303
43 175
153 278
219 343
196 309
28 69
76 278
72 250
69 229
164 285
156 285
69 207
62 250
318 343
123 250
130 285
297 344
285 287
304 343
250 284
253 278
259 304
5 109
197 223
118 223
117 246
114 133
64 177
169 312
33 312
260 341
159 262
36 223
159 330
106 246
5 89
177 232
139 176
19 256
19 301
19 188
86 246
137 312
133 175
139 166
54 260
139 336
93 177
62 159
50 133
78 260
5 270
243 335
263 335
57 291
57 79
125 335
12 104
45 104
7 57
104 228
6 264
3 264
132 264
191 241
42 152
42 204
191 234
42 348
191 224
87 217
87 344
4 213
4 315
107 281
182 281
277 325
277 338
2 105
96 208
244 349
84 154
128 233
90 184
92 108
92 181
92 209
307 311
306 316
124 184
95 311
122 240
121 138
96 147
120 248
97 248
99 201
112 305
111 280
102 179
102 288
102 296
216 313
186 226
186 252
189 306
190 244
193 311
249 313
248 300
205 236
210 269
212 273
214 293
185 201
218 236
245 295
222 257
222 283
235 242
235 255
236 272
237 279
240 345
245 287
273 332
138 178
140 306
146 157
282 331
282 321
282 319
149 184
150 222
280 327
279 320
131 240
269 323
268 313
158 308
158 314
265 293
167 170
172 201
173 233
180 245
183 293
16 274
39 85
16 115
39 267
66 289
66 231
66 160
10 292
10 18
65 112
44 235
63 337
46 75
46 199
63 247
63 168
39 136
46 342
17 98
47 158
60 290
49 52
17 346
49 202
53 279
60 261
59 269
58 60
56 119
17 194
56 195
56 322
77 186
84 91
22 112
82 254
84 127
82 215
23 29
23 163
23 206
1 146
81 82
14 233
16 94
13 280
26 273
27 138
73 167
71 96
70 146
30 167
31 244
35 49
10 347
2 142
2 161
251 302
251 326
37 324
37 317
55 266
165 203
40 340
196 340
37 101
38 266
103 286
88 310
135 203
113 251
74 340
103 333
100 171
88 211
88 192
100 187
100 239
68 266
83 203
103 129
15 83
15 176
48 297
144 329
220 259
5 230
134 220
221 230
144 276
297 343
278 343
2 230
230 293
9 230
20 43
69 134
43 110
20 309
126 259
17 220
220 240
19 309
57 143
116 278
329 335
80 235
80 222
80 167
67 80
43 155
259 350
20 225
151 276
21 155
177 225
141 312
139 145
271 297
143 275
4 285
63 329
92 143
245 329
46 143
11 69
43 174
21 275
158 309
112 297
162 250
259 294
20 32
104 350
110 162
126 299
246 334
225 236
39 141
146 225
145 279
145 269
141 313
61 159
148 260
145 174
133 227
66 116
16 116
264 339
42 339
271 339
11 191
244 339
32 49
32 84
248 334
227 281
102 162
67 198
60 162
41 186
82 198
41 233
10 41
41 67
23 198
198 282
25 56
25 96
25 273
61 138
9 184
294 311
148 201
25 299
227 306
280 294
