19.276551
3202
60
2861
36582
6 25
95 215
214 290
79 342
157 292
153 302
73 159
5 337
179 268
241 253
232 343
47 282
46 265
2 138
133 228
112 173
168 252
18 264
34 62
85 97
99 190
102 289
82 218
29 208
116 335
108 277
17 78
11 78
78 192
78 133
72 315
210 315
247 315
315 334
36 266
176 297
176 330
219 281
4 281
136 176
135 281
243 281
242 281
280 309
143 269
54 71
16 244
195 198
74 250
103 250
107 175
188 237
237 337
166 237
86 246
246 312
181 246
197 332
92 272
93 134
134 167
134 318
161 308
52 78
257 278
77 137
137 167
257 261
137 316
159 172
29 137
129 312
172 214
129 282
155 172
172 179
129 238
25 257
200 295
242 274
2 274
43 48
169 185
1 113
224 314
36 314
144 314
57 314
40 101
40 298
80 284
5 286
6 132
132 170
174 348
132 317
271 286
132 324
62 124
9 255
164 325
102 184
64 300
37 309
84 320
84 110
184 306
145 325
255 265
124 171
163 300
37 232
37 346
60 184
21 124
124 344
300 341
82 84
68 251
68 166
68 348
69 119
165 170
35 157
38 260
38 224
38 138
35 290
35 127
107 289
60 240
27 267
225 317
225 244
177 213
177 191
168 225
94 177
202 274
56 217
119 228
43 156
75 288
75 113
310 341
4 310
172 332
227 273
23 227
227 291
31 233
216 233
21 233
183 238
111 134
3 122
141 331
284 331
59 331
3 187
3 185
129 252
15 237
53 160
17 222
49 299
49 190
49 234
49 293
55 129
8 174
98 221
151 219
151 333
26 39
115 257
26 68
150 241
112 150
67 333
67 211
76 178
65 268
48 65
8 119
107 280
132 156
26 225
171 329
114 329
107 269
173 321
52 84
99 176
180 287
202 221
274 308
43 91
162 186
116 315
15 274
56 180
254 321
162 177
20 94
175 287
134 197
19 200
139 231
139 323
107 257
212 226
104 199
322 325
295 329
174 199
160 218
109 137
196 206
73 196
196 330
88 176
32 207
147 239
105 143
105 245
24 207
28 247
28 259
28 285
30 42
120 204
131 276
118 350
33 118
118 198
234 279
120 336
58 239
41 230
131 340
131 307
229 296
153 207
87 105
158 296
90 279
7 41
279 304
10 27
81 339
81 249
10 50
81 215
10 114
92 201
115 255
111 186
211 328
298 328
19 246
53 325
100 301
231 347
285 347
240 254
34 80
246 315
12 349
44 203
12 46
128 319
22 140
203 342
63 313
61 326
61 101
71 256
51 256
104 223
108 125
125 205
91 227
100 305
126 305
182 236
97 236
226 227
106 194
106 343
16 195
45 220
45 326
169 201
18 66
47 66
248 303
155 248
13 302
13 292
79 327
103 327
272 327
294 338
152 258
95 294
83 345
121 189
294 311
83 275
217 235
258 270
193 235
117 121
70 83
123 263
123 146
123 130
74 235
121 142
149 258
148 208
20 209
39 262
75 109
98 294
85 222
14 148
96 307
96 191
76 161
209 301
54 255
183 277
262 283
42 107
223 313
239 266
1 154
43 89
88 296
41 250
14 22
120 154
128 267
165 258
83 89
123 283
42 121
