23.154916
28785
59
339
43652
133 176
15 227
169 201
8 53
143 172
27 239
131 159
62 128
92 224
1 13
116 145
6 145
145 211
145 220
31 230
48 230
203 215
192 230
88 230
18 215
81 230
80 199
62 162
177 223
8 162
97 139
68 162
178 221
202 250
21 202
22 158
125 175
24 61
126 207
197 237
128 197
27 65
38 197
66 158
65 227
135 202
79 147
65 171
130 209
130 250
32 160
79 103
12 65
178 207
113 130
175 219
48 197
175 188
171 175
72 130
79 213
165 207
160 218
160 179
120 160
56 207
158 247
79 164
59 240
3 111
98 154
50 59
98 151
59 141
111 249
111 179
64 98
29 142
9 98
142 150
142 187
72 95
25 111
95 225
95 96
95 115
20 189
58 82
82 239
82 86
49 82
146 236
81 229
11 14
2 190
93 124
93 149
231 235
94 217
51 63
51 99
104 235
57 235
2 87
67 228
45 51
19 23
19 156
19 226
5 14
217 222
217 242
129 167
129 161
129 138
37 93
78 206
78 182
40 148
40 214
77 228
78 90
228 244
2 43
40 241
14 245
186 194
186 205
28 92
28 201
28 139
107 174
121 238
121 143
100 164
100 225
85 100
131 185
184 185
107 229
70 181
181 246
145 162
145 223
1 83
91 120
88 127
83 189
83 86
114 198
166 212
166 195
155 177
134 196
127 246
123 248
123 224
123 132
119 196
91 146
114 170
114 117
112 173
109 140
109 118
108 133
108 122
101 112
91 180
17 232
15 166
69 155
16 44
61 109
60 243
16 234
17 18
17 53
52 176
52 172
52 169
55 127
30 47
30 159
30 193
33 60
39 220
35 110
35 183
39 153
36 39
35 237
71 80
74 216
71 84
71 105
13 108
75 136
75 157
75 188
74 154
4 54
4 203
74 89
4 165
26 194
26 232
97 199
152 199
24 223
76 117
11 76
24 200
215 233
163 199
7 199
111 221
142 158
95 191
59 152
79 137
142 200
144 202
19 215
158 163
106 221
24 34
20 208
59 168
7 102
78 97
97 129
106 137
30 215
60 215
42 162
10 191
34 210
221 235
73 197
46 175
24 204
112 223
41 130
14 208
41 98
2 236
40 168
51 168
16 210
204 217
73 93
46 228
42 196
