23.633601
44101
66
59729
71853
35 296
27 74
71 293
88 203
62 159
109 150
120 202
127 223
147 288
162 179
14 216
13 257
6 286
3 66
45 114
171 297
171 251
45 189
6 169
153 169
169 283
281 292
189 298
242 298
79 173
271 289
44 79
218 289
159 289
133 288
51 261
61 140
186 273
10 252
125 181
51 274
93 252
51 176
133 177
133 206
135 230
88 181
140 234
147 181
178 230
87 230
203 207
207 265
205 273
166 207
48 279
95 279
27 128
121 279
128 167
128 198
128 275
58 128
177 279
160 279
155 295
54 86
136 226
83 86
86 236
86 259
107 156
109 244
1 40
170 256
185 282
187 256
195 244
202 226
209 282
244 281
244 299
282 300
1 242
5 42
5 172
5 283
5 295
8 256
33 132
14 21
17 226
21 116
1 7
21 214
33 138
24 33
1 82
12 206
183 194
176 280
127 280
98 280
208 280
59 168
116 210
48 152
142 260
161 188
125 129
67 253
253 255
174 178
50 90
43 75
30 262
75 115
30 254
30 118
30 46
75 157
75 263
37 144
204 299
26 41
204 272
26 52
18 26
130 204
79 284
64 193
134 154
71 193
131 154
3 154
141 145
120 145
108 119
108 179
108 296
53 193
114 145
131 228
25 78
149 182
227 248
139 182
137 277
96 248
25 231
182 229
25 85
76 277
34 248
240 241
36 240
31 277
72 199
32 72
72 105
240 285
35 290
97 290
56 219
98 219
208 213
258 275
257 258
105 143
38 143
222 268
162 222
171 267
9 151
151 161
106 249
221 259
4 49
211 243
113 144
113 220
113 250
237 238
239 294
201 246
22 49
200 224
196 200
249 269
11 91
11 100
11 107
183 270
122 151
180 237
254 270
2 270
13 221
167 211
165 245
16 221
101 235
57 66
57 81
59 249
60 62
60 121
60 286
63 245
101 287
104 124
70 92
28 239
73 246
74 104
80 94
90 92
92 117
94 223
55 94
103 197
103 191
103 150
38 101
39 211
41 57
56 104
164 216
164 266
68 233
65 293
65 69
233 291
233 263
51 112
45 282
111 171
112 156
20 169
45 146
213 284
33 169
112 146
192 298
215 267
192 252
112 129
163 171
112 174
123 269
123 166
79 212
207 278
181 264
190 225
112 175
86 158
111 289
45 154
15 273
12 140
20 276
77 156
29 156
126 163
89 230
21 215
45 182
45 248
163 292
102 276
152 273
19 158
140 232
110 279
99 212
15 225
23 230
184 194
37 133
155 260
232 256
5 188
29 30
21 148
244 247
72 126
23 47
50 168
75 89
193 278
108 278
247 253
49 190
51 84
217 256
246 264
77 200
148 240
184 237
110 245
25 217
84 277
228 239
