28.459034
41728
88
660
45542
39 448
288 387
297 411
180 204
74 97
71 327
201 418
102 205
61 380
239 421
56 364
233 290
394 423
138 184
29 114
330 336
157 267
196 437
370 374
146 309
12 309
309 427
349 372
301 349
349 354
50 170
43 234
251 356
126 318
113 420
195 227
17 227
73 227
58 268
231 251
231 352
180 361
361 436
361 447
127 231
95 329
63 189
189 199
351 373
44 199
306 409
199 317
248 376
248 430
114 351
168 385
168 282
254 409
18 409
260 351
168 218
281 445
264 422
191 195
175 208
280 322
220 280
141 280
284 444
52 131
52 229
52 239
31 52
52 317
52 390
142 371
55 371
176 284
243 284
101 284
371 424
371 384
121 394
169 181
89 419
215 243
173 391
173 403
30 147
146 185
185 374
188 266
170 349
115 296
46 241
136 194
194 381
74 313
123 313
194 246
311 364
147 148
174 380
304 393
427 446
252 446
106 187
24 174
144 393
34 141
369 378
175 378
49 279
49 341
33 378
187 328
229 311
187 234
29 53
166 311
19 49
53 354
34 139
53 277
89 174
53 236
34 112
148 203
271 393
263 292
247 446
25 261
113 261
261 346
17 295
67 358
111 346
232 257
7 211
132 159
72 159
131 377
257 302
84 237
84 307
84 405
87 211
14 159
377 411
92 257
96 200
18 47
257 450
48 367
162 413
211 423
3 377
159 416
200 373
47 310
47 331
47 400
48 56
48 403
48 404
197 413
51 398
51 422
51 429
357 413
200 387
31 200
54 84
163 341
163 353
222 314
314 330
23 220
109 169
179 242
16 242
242 302
132 242
109 349
176 333
116 249
235 249
249 296
309 375
286 417
143 407
202 342
105 432
105 292
332 409
199 332
204 289
268 289
214 289
34 50
86 184
164 434
164 237
164 288
37 103
37 219
295 392
44 383
383 438
297 362
156 362
303 421
122 303
211 392
110 309
305 349
177 307
64 177
409 437
339 433
205 339
334 339
85 216
85 449
172 396
102 396
396 418
154 168
100 428
130 428
233 428
287 290
250 287
287 443
231 386
43 231
227 337
98 281
98 368
321 433
12 321
382 414
32 440
32 213
305 420
67 187
42 309
15 417
15 150
171 319
11 244
167 324
161 278
226 319
224 319
5 244
244 435
270 278
62 340
68 178
91 192
91 315
273 274
273 410
68 355
324 344
70 91
103 273
340 408
60 68
320 324
340 426
258 278
76 336
76 448
75 193
186 275
246 272
144 275
19 272
190 412
61 412
227 326
20 228
20 64
153 157
38 153
351 358
88 253
118 152
118 450
79 227
349 439
59 187
343 345
97 140
140 348
50 396
107 119
107 444
191 356
259 350
152 350
27 363
27 95
27 73
188 325
104 384
312 388
221 424
45 276
415 425
41 338
210 241
41 285
39 125
151 210
160 293
212 401
415 447
36 117
158 415
165 212
1 299
322 402
2 77
213 298
155 402
209 291
35 221
210 265
41 138
104 294
78 137
78 149
125 440
125 308
124 201
104 300
291 327
6 117
13 267
21 298
13 318
120 124
117 179
276 359
13 335
90 312
77 406
10 26
9 298
1 80
71 312
26 395
230 325
135 160
143 291
66 221
65 325
337 389
253 264
365 366
386 399
58 442
111 154
22 225
59 242
110 133
441 446
57 283
69 263
238 378
198 329
262 371
365 439
83 116
83 304
40 305
50 273
361 366
128 198
93 378
49 93
370 407
81 248
51 223
22 263
40 88
311 382
382 393
206 238
343 446
69 377
215 227
42 134
94 248
81 366
183 248
28 347
283 333
163 358
108 371
280 379
262 397
82 441
255 361
28 49
28 174
269 345
397 414
223 256
231 413
431 445
46 284
360 366
129 183
245 313
266 269
148 245
108 148
202 326
126 256
286 316
69 428
419 431
32 309
264 286
99 286
193 238
86 99
182 256
8 30
85 94
240 361
323 371
207 248
145 284
212 316
78 208
255 319
4 263
182 85
57 324
276 347
77 360
217 323
8 91
8 26
160 217
4 340
68 207
240 244
145 278
