39.673650
1
83
241
42269
245 282
47 98
88 284
191 284
46 284
224 284
194 240
107 139
90 240
240 252
107 270
107 218
147 251
132 182
132 204
105 226
35 61
20 132
61 85
61 108
61 234
105 282
105 268
24 93
132 140
34 100
15 228
15 155
15 34
22 87
87 244
87 175
87 161
44 241
53 222
52 253
253 274
51 208
3 30
3 93
115 222
3 129
18 112
50 271
50 266
86 253
69 222
60 208
50 183
232 253
222 262
112 185
72 89
72 137
112 113
72 228
1 72
208 232
9 208
91 103
147 291
176 182
233 297
98 233
171 233
220 291
21 209
21 101
176 189
21 82
17 176
247 291
58 287
47 223
186 223
223 257
201 248
119 248
70 249
70 213
32 70
13 66
13 300
245 260
33 260
44 55
55 286
55 219
260 261
79 164
80 295
111 115
79 153
84 289
114 198
83 295
84 106
99 299
110 197
92 188
79 116
96 288
97 295
104 193
104 149
197 210
173 231
178 299
179 229
180 239
180 254
187 230
187 296
188 196
190 267
192 197
195 281
170 181
198 215
199 214
199 276
211 265
212 237
217 231
235 265
238 292
259 293
272 283
148 195
118 265
124 259
125 283
126 134
127 181
133 288
134 280
136 195
141 188
143 180
145 283
117 288
150 267
157 269
157 294
158 181
160 292
162 179
166 212
167 203
167 250
169 179
62 134
67 216
10 11
10 29
10 146
42 94
40 111
16 212
65 225
64 111
54 65
23 27
63 131
65 278
25 292
38 206
26 63
27 120
27 130
28 199
31 157
56 187
36 206
57 84
37 63
74 156
48 67
49 104
4 95
45 167
4 207
4 263
5 231
43 206
77 198
75 267
6 39
74 264
6 135
67 234
6 255
74 76
73 299
7 19
71 259
42 172
7 122
7 200
42 144
52 273
142 273
78 227
165 258
22 258
102 290
102 168
202 258
91 102
78 184
78 224
138 244
82 138
32 109
14 286
14 165
1 109
121 284
107 275
105 275
100 121
100 275
15 240
112 121
72 251
41 107
58 275
103 105
41 132
3 50
205 284
12 61
24 277
41 241
121 299
8 251
87 174
159 208
100 242
12 100
24 212
24 67
24 199
65 251
236 241
111 251
21 68
221 233
112 248
2 241
123 222
154 176
81 159
81 221
253 285
50 59
128 242
68 246
128 279
195 221
10 41
159 288
68 267
27 68
74 221
159 206
8 223
151 291
174 181
248 298
7 236
236 292
2 256
12 104
12 157
243 277
198 298
123 187
4 298
123 265
152 256
177 246
163 279
13 59
79 205
177 259
243 283
84 163
179 243
177 231
177 188
63 152
167 243
42 163
163 295
134 152
152 197
151 180
6 285
