48.325000
1
114
15295
37959
7 31
13 450
36 248
270 316
275 346
144 237
16 28
329 394
354 365
111 375
285 318
356 433
192 245
46 364
162 311
134 160
77 434
385 445
292 449
233 361
188 359
86 188
17 188
337 420
152 420
240 362
192 362
302 373
30 186
201 260
260 333
260 273
208 249
15 259
259 287
193 259
256 259
307 441
78 425
240 386
43 321
47 441
99 171
295 417
249 336
254 386
90 107
289 386
90 370
165 169
169 223
91 171
169 268
169 433
81 441
121 417
146 304
11 90
11 321
12 90
78 379
413 441
336 408
336 381
146 310
146 377
150 186
150 206
23 417
78 127
321 385
106 171
321 331
150 412
124 150
126 417
204 386
333 340
132 236
194 376
68 222
222 391
3 376
13 222
96 203
147 222
292 376
103 118
236 261
236 424
254 313
1 24
48 109
185 442
211 269
48 339
48 419
89 262
262 277
262 346
24 282
24 426
66 335
183 203
183 235
183 347
114 390
141 393
141 383
122 283
122 437
190 384
176 247
136 447
136 285
133 329
133 138
129 134
129 198
200 211
104 175
85 122
86 390
88 136
92 224
80 207
92 234
152 247
104 149
182 206
172 182
107 428
75 129
141 442
74 133
82 314
179 205
60 335
384 431
373 384
335 354
314 422
305 390
31 104
35 182
247 343
42 200
239 428
239 314
207 434
200 394
205 295
207 382
205 353
58 428
253 341
155 272
148 429
22 363
148 214
20 416
19 105
18 398
59 246
10 407
10 349
10 297
21 166
156 215
325 363
25 215
320 369
105 221
105 157
151 243
59 184
311 399
27 196
27 318
27 371
69 298
9 79
403 409
398 404
5 76
5 258
125 409
5 294
6 46
135 299
6 233
59 400
6 388
363 440
351 369
137 154
137 197
137 229
139 299
140 216
119 369
9 95
9 443
116 372
116 241
116 131
227 288
39 257
170 395
170 396
189 416
243 427
243 274
84 257
83 280
242 280
238 416
231 423
231 401
191 288
173 300
54 398
216 303
55 165
181 231
55 352
55 435
216 290
215 232
69 77
69 202
100 212
296 399
163 288
164 399
65 148
97 411
97 360
100 115
97 230
166 199
166 324
276 299
100 350
168 300
94 409
33 52
33 62
33 219
264 300
257 267
158 280
170 361
2 255
225 317
237 279
167 255
255 391
144 209
40 279
93 225
44 209
43 225
16 209
111 279
159 328
159 275
70 263
73 161
271 327
110 367
145 284
271 278
70 248
265 316
265 266
284 309
286 402
291 405
155 286
101 286
326 364
160 367
161 210
161 348
308 418
345 418
405 450
245 284
250 326
53 326
128 405
367 438
57 187
57 315
58 70
36 57
34 265
63 64
123 380
63 162
63 312
123 365
123 251
204 244
102 244
226 444
293 344
226 375
28 357
50 449
217 358
174 177
177 180
213 344
177 356
32 357
193 334
270 344
50 72
4 47
337 410
355 397
8 357
358 406
358 445
334 432
7 50
332 334
153 446
117 226
118 153
4 366
330 397
410 439
128 153
410 448
112 437
73 218
218 388
149 392
75 392
34 108
108 109
30 259
90 208
171 302
37 336
319 362
220 420
228 420
37 415
143 420
45 188
30 71
48 259
362 428
171 376
96 169
14 390
14 182
14 314
252 260
208 228
146 269
24 78
146 262
272 362
188 301
200 302
208 335
30 183
51 336
29 420
120 236
113 321
185 414
120 313
49 302
78 195
30 369
148 208
27 302
120 185
130 417
150 341
92 340
96 368
61 414
133 415
185 252
421 441
103 257
55 103
120 300
96 137
6 319
98 386
105 430
170 430
33 430
220 323
129 130
103 271
306 430
51 209
103 281
113 338
24 387
384 436
374 376
222 378
4 96
48 389
26 185
56 136
195 306
178 280
10 178
112 430
178 338
104 322
141 142
56 399
323 342
87 122
41 416
207 374
67 205
100 387
9 421
142 288
178 418
299 322
59 322
142 398
301 409
5 87
216 389
97 98
26 116
363 374
166 378
38 243
38 69
67 231
67 215
45 397
41 281
