7.093770
92506
21
3173
146124
54 81
43 88
26 84
42 77
36 120
102 130
19 24
58 100
58 113
58 122
20 58
51 105
50 113
50 63
50 51
4 79
28 95
28 36
10 70
28 78
28 66
70 79
70 101
9 138
5 12
32 140
32 135
32 73
83 116
78 85
85 139
85 96
26 52
52 109
15 62
52 72
6 62
42 47
127 140
18 134
14 71
103 124
25 65
65 102
7 23
23 97
33 108
71 108
31 68
75 112
13 80
12 80
82 110
82 94
43 80
72 75
7 75
57 89
87 128
87 129
89 117
87 97
37 90
22 57
22 106
22 125
44 66
44 48
45 95
45 55
69 118
58 70
35 119
76 119
50 61
58 67
2 92
83 92
93 115
54 93
116 131
30 37
30 132
70 136
104 130
104 124
5 105
53 126
84 126
29 35
15 29
8 74
18 114
46 107
19 114
8 38
1 41
3 122
3 111
3 49
24 34
34 40
34 77
17 86
8 88
46 60
41 81
41 120
16 114
9 46
11 17
56 137
28 91
85 118
20 27
27 139
62 64
32 91
123 131
32 121
85 137
69 123
62 67
14 58
52 121
56 59
64 90
61 103
99 133
32 47
82 98
134 138
22 136
21 136
39 59
39 99
21 98
17 133
31 127
