53.761825
1
117
3804
39384
39 308
60 244
92 292
25 174
49 198
71 334
96 307
317 359
142 201
209 310
35 63
160 267
386 398
206 356
138 266
206 321
206 217
27 206
214 266
266 333
266 351
266 316
177 206
31 279
393 395
46 393
49 393
135 393
81 132
78 332
99 149
78 264
164 384
173 257
173 304
300 384
72 173
60 78
99 214
197 278
132 138
64 132
90 384
197 367
18 197
161 173
132 262
197 398
56 78
99 160
133 166
133 228
119 133
210 385
89 296
42 152
42 400
202 223
53 296
42 350
194 296
51 257
61 334
61 134
286 345
256 302
256 354
25 381
66 290
189 359
256 386
88 381
51 291
22 371
54 290
180 309
22 342
150 277
22 244
11 76
180 327
150 201
63 180
362 366
320 381
92 290
39 362
34 209
34 52
286 375
34 45
189 227
32 51
61 368
114 150
246 362
76 332
189 346
46 286
76 210
183 323
183 310
158 183
220 299
71 299
299 324
18 50
124 125
102 103
102 178
102 356
124 307
124 331
50 225
50 245
95 377
95 177
95 172
234 267
234 372
139 382
143 361
123 146
157 196
120 239
156 191
121 272
143 374
156 179
155 253
143 339
153 353
118 268
145 379
140 204
151 265
137 394
137 347
146 213
146 283
126 275
127 171
147 190
128 387
148 335
128 319
148 352
128 141
127 270
272 357
237 311
240 303
242 280
243 258
247 340
247 364
248 373
253 294
254 288
258 378
259 355
260 275
265 341
271 314
236 326
274 399
284 390
288 380
289 298
292 353
298 344
301 325
308 397
311 349
322 392
336 389
337 382
360 382
195 325
162 235
162 329
163 326
170 190
174 322
175 259
176 224
181 182
182 269
184 274
186 253
188 373
193 298
162 230
196 233
199 218
199 391
200 373
203 303
204 222
204 251
207 303
208 376
221 390
226 250
226 261
231 297
58 259
28 274
29 224
30 37
30 318
35 336
41 326
43 145
44 118
47 263
47 338
47 358
48 190
55 353
26 322
65 137
67 116
69 148
70 325
74 98
75 265
77 80
77 285
77 317
79 247
82 272
83 314
84 311
12 397
2 224
3 156
4 36
4 73
4 281
5 165
6 208
7 144
7 219
7 255
8 165
9 280
10 239
117 130
13 117
14 212
14 238
14 276
15 390
16 30
17 165
19 145
20 336
21 280
23 231
24 288
98 241
117 315
93 208
116 343
106 182
96 118
116 306
105 129
97 98
107 199
109 196
110 239
111 127
101 258
100 275
112 314
113 397
105 159
91 231
86 226
105 211
365 388
279 396
187 396
154 365
136 168
122 136
202 396
136 142
198 365
229 393
173 229
99 229
31 369
42 99
167 384
133 169
31 370
76 229
108 206
215 266
31 33
59 296
42 223
223 296
1 31
229 330
185 385
38 197
59 87
40 132
167 287
68 167
167 383
62 185
95 169
78 192
223 328
313 384
169 234
169 239
169 312
87 189
22 287
68 150
362 369
381 383
167 293
59 249
59 348
295 385
190 223
38 180
115 232
62 252
102 232
33 34
205 286
51 85
256 363
282 328
105 287
258 369
287 288
156 383
303 383
68 204
68 259
232 382
232 272
231 369
87 162
87 145
61 348
216 290
33 50
38 247
273 293
38 104
115 85
124 348
33 253
98 282
192 373
205 208
148 282
85 143
127 205
128 192
85 199
216 252
326 363
275 313
249 280
226 249
14 273
249 274
265 273
196 273
94 295
1 4
215 298
118 305
348 390
165 215
216 311
30 216
108 116
7 94
131 397
57 182
131 146
57 117
131 137
104 224
47 94
108 325
104 314
