25.105285
1864
78
11963
35894
147 287
121 297
59 344
100 240
91 239
65 202
109 146
48 133
273 378
259 275
113 346
80 281
155 242
56 261
166 204
135 185
38 316
17 300
300 325
185 316
60 300
37 42
108 389
331 378
40 331
229 285
29 285
168 331
267 331
138 285
331 370
13 248
49 342
125 227
227 317
227 380
119 163
163 239
127 163
57 174
188 190
118 134
353 384
21 333
324 362
253 362
250 371
344 371
283 362
369 371
7 362
167 373
70 167
88 167
62 352
8 167
62 214
62 199
127 243
309 350
6 376
247 269
269 317
269 305
175 269
180 221
75 169
140 321
201 257
268 276
32 343
177 183
177 246
177 270
177 287
145 177
105 298
86 144
156 164
311 353
311 397
141 156
32 156
86 335
86 246
45 311
125 375
5 302
116 132
132 257
82 114
97 172
206 395
90 245
281 326
206 271
148 326
202 206
121 172
27 75
27 299
222 326
27 368
245 268
245 249
114 122
36 172
176 297
193 367
107 151
107 207
124 323
110 203
57 278
133 203
112 367
161 278
94 223
92 290
89 278
64 74
147 223
65 323
68 107
150 254
78 340
78 272
78 190
78 111
74 131
74 332
74 370
1 323
31 367
23 391
223 234
275 400
278 332
282 400
47 391
216 391
290 337
290 374
294 400
204 223
203 308
338 400
6 9
9 108
187 254
9 129
9 282
313 323
12 107
54 254
46 388
293 388
41 67
30 289
25 200
25 130
26 137
109 137
137 279
28 137
20 25
153 347
153 196
161 366
221 330
85 291
80 379
263 364
88 173
91 173
286 291
142 364
15 208
194 319
208 301
173 341
168 379
208 244
39 346
207 379
39 259
39 224
242 319
213 318
140 318
21 139
139 209
56 62
158 211
18 392
11 226
106 354
255 398
59 398
106 302
12 385
11 272
106 115
11 28
307 385
68 392
396 398
355 385
232 392
186 235
4 199
4 266
18 310
46 310
219 294
219 293
96 229
96 342
58 285
56 399
56 192
338 377
377 390
100 377
49 316
79 362
79 117
56 326
22 285
77 280
30 77
134 327
327 336
113 327
105 394
152 394
225 394
97 99
49 331
33 328
233 328
328 350
167 383
62 79
300 384
2 126
149 181
186 217
288 320
159 217
128 288
126 292
84 126
53 217
104 288
102 149
103 149
256 316
300 371
69 274
17 87
14 251
98 252
101 237
101 296
51 224
51 73
50 87
34 66
34 37
227 314
316 357
62 360
220 266
183 220
220 260
162 360
371 393
146 382
73 212
93 382
305 365
52 212
303 339
160 365
81 170
157 264
15 345
157 198
19 83
19 61
124 365
234 345
189 212
48 339
345 348
339 356
178 359
231 238
120 178
231 358
241 382
170 261
170 210
35 67
35 44
265 284
165 248
236 312
273 312
95 215
95 145
154 227
300 372
316 372
295 314
248 329
188 227
123 387
79 206
243 393
16 227
166 330
137 387
163 262
136 311
136 245
182 191
248 309
256 329
163 228
306 315
269 315
135 291
24 71
71 192
192 277
55 277
136 195
56 217
177 386
184 277
298 322
114 182
347 381
94 381
5 174
72 333
3 361
143 227
43 192
132 322
361 386
163 304
114 371
3 290
43 205
180 351
156 334
86 334
27 191
132 167
171 258
218 399
349 351
72 171
169 258
179 343
76 205
230 237
230 253
55 321
262 319
42 99
76 254
172 343
179 391
201 367
10 304
10 25
197 235
41 184
162 211
49 149
203 388
143 289
49 265
98 165
154 231
25 364
274 306
16 178
14 218
269 363
157 197
19 309
24 63
63 126
288 363
