25.042383
17058
76
5692
33714
20 196
186 243
189 319
192 280
17 386
159 207
206 209
92 258
57 296
126 183
39 381
292 303
29 199
12 396
16 244
134 288
121 204
34 69
69 331
69 282
62 231
7 217
41 224
203 261
89 326
194 326
22 59
201 283
174 382
238 392
198 256
160 339
80 329
131 285
281 335
63 286
83 286
135 286
155 372
144 358
61 387
144 230
199 387
34 144
67 158
93 345
152 370
173 346
177 370
144 396
65 346
231 295
44 118
228 360
223 295
107 346
188 220
220 385
220 240
212 228
92 220
205 346
84 295
13 228
118 194
118 313
319 370
118 158
8 295
145 338
117 272
214 270
143 361
139 219
20 171
267 355
267 321
255 267
91 267
9 171
121 171
171 296
50 267
55 262
213 253
111 253
98 138
322 352
322 373
154 322
274 322
320 381
13 193
165 312
77 328
340 397
258 340
6 228
109 304
128 369
334 369
303 369
201 301
301 324
232 395
119 162
98 119
5 161
12 161
112 119
288 306
71 326
105 321
185 399
185 284
105 256
70 185
17 309
141 318
174 365
170 341
105 143
318 390
85 245
53 318
85 273
85 249
237 264
292 309
124 259
259 344
130 365
241 309
150 365
96 237
236 341
132 341
156 313
24 259
49 105
149 237
23 237
289 347
326 375
239 326
101 226
197 226
169 335
169 384
169 270
169 242
226 314
226 379
102 179
33 288
328 338
37 229
21 178
11 21
71 387
264 299
114 299
50 76
167 316
11 76
28 329
28 90
28 134
316 359
54 76
316 380
112 172
323 398
323 366
323 352
29 32
32 207
48 325
133 325
75 167
75 145
23 42
7 275
218 275
180 275
18 42
42 189
93 217
6 365
56 69
62 387
118 204
244 340
38 334
38 140
288 320
228 368
36 368
309 343
156 343
288 312
22 310
283 310
239 361
276 351
41 220
115 198
288 369
168 375
151 311
290 330
277 290
15 290
66 311
196 311
38 345
190 322
57 164
164 183
286 374
261 338
30 169
94 209
51 392
80 131
69 253
107 125
125 133
144 347
228 266
127 221
104 233
137 367
388 391
208 221
251 357
233 300
45 166
265 388
225 363
25 45
221 327
19 45
3 225
357 400
184 225
181 357
73 233
364 367
367 372
378 388
214 266
51 286
100 138
88 248
9 64
153 206
159 248
68 356
64 394
58 354
52 153
240 362
342 362
262 362
136 250
118 298
298 338
160 370
338 374
30 172
226 288
40 376
40 314
119 129
203 297
242 297
148 279
131 220
281 346
307 318
287 349
195 349
192 222
78 222
261 279
305 307
14 322
55 278
154 336
336 386
59 215
97 336
108 317
108 280
215 232
223 383
109 383
332 383
67 246
333 348
177 333
106 371
31 47
47 187
36 79
4 286
351 395
191 269
79 276
74 157
186 337
176 294
175 308
175 243
46 291
175 235
74 219
74 234
39 46
1 165
1 227
16 315
315 331
293 302
285 337
268 315
257 353
247 389
65 86
46 113
123 142
224 254
49 122
210 339
210 271
210 238
202 254
122 200
110 182
87 182
140 182
86 195
86 103
116 293
130 293
82 122
81 337
142 287
117 353
146 353
1 10
163 294
95 142
120 247
216 377
26 260
253 377
190 252
14 393
26 346
252 269
55 350
72 156
318 326
27 347
263 393
311 371
155 259
185 246
47 244
37 298
129 367
33 179
35 85
139 252
73 211
15 211
60 260
77 94
85 193
100 250
60 272
147 341
147 156
69 108
354 382
72 294
45 131
247 306
68 350
4 233
43 370
99 295
2 106
99 225
43 357
2 388
2 221
