15.722730
39048
36
34
112423
126 129
3 45
23 47
53 86
87 139
57 60
96 118
2 22
22 49
22 100
46 89
68 89
89 138
58 98
7 98
54 98
72 117
27 61
36 116
5 61
53 116
61 65
69 116
68 116
41 48
21 41
41 50
41 133
14 121
74 140
113 140
82 140
45 130
54 102
50 102
31 102
103 130
39 130
19 106
3 19
19 57
60 107
107 123
107 122
44 88
64 134
63 114
59 134
55 97
12 26
44 112
10 101
43 101
42 55
1 80
34 101
66 114
55 75
8 92
70 80
8 67
8 9
87 114
6 44
4 127
4 111
108 132
4 15
128 134
30 99
26 62
23 30
20 80
26 84
18 108
32 108
30 120
56 137
118 124
110 139
56 121
16 117
28 47
119 124
13 29
13 93
33 77
71 110
76 83
77 86
77 91
83 95
85 110
94 115
94 104
51 94
16 105
46 83
28 109
28 135
16 81
13 129
124 126
35 56
115 136
90 125
89 96
38 98
96 131
22 131
72 116
14 38
61 140
25 72
78 96
40 61
24 96
79 98
30 38
38 80
14 37
38 77
14 40
26 72
72 114
17 130
22 136
14 52
11 140
17 78
17 101
17 55
19 73
8 79
89 90
4 52
24 108
73 134
11 44
