37.748927
7417
101
1857
22817
286 407
20 155
180 283
100 415
234 409
224 303
31 351
367 453
169 422
382 433
208 479
207 246
158 265
74 230
91 115
22 289
61 148
79 421
211 344
34 211
31 211
280 399
53 280
130 280
108 280
12 192
171 192
192 275
192 264
158 192
138 217
312 367
312 484
262 312
6 322
193 342
194 242
89 366
441 457
445 457
165 457
338 457
148 319
288 300
90 178
146 432
1 146
146 217
178 489
448 489
170 489
255 489
15 182
15 27
397 500
468 500
208 500
3 363
363 394
142 363
233 363
175 388
107 175
21 442
135 442
104 370
49 362
260 362
362 458
11 298
11 422
11 451
264 465
308 311
253 308
222 449
222 322
248 330
301 465
437 482
184 465
169 408
478 479
116 222
407 478
437 450
200 408
350 478
102 437
157 248
164 403
124 164
467 490
273 497
270 277
270 283
168 384
273 481
72 498
168 331
168 181
52 335
93 318
143 310
185 335
72 78
72 85
72 382
129 310
245 310
121 270
82 224
82 321
198 216
212 270
216 257
216 414
39 273
318 392
318 415
310 373
318 487
335 358
335 375
39 168
29 82
45 82
18 19
18 30
18 439
26 186
26 317
26 351
357 429
19 244
117 126
243 299
299 456
249 299
127 299
151 278
278 377
278 337
16 321
16 307
16 276
36 46
36 97
201 453
156 201
122 278
16 285
201 357
201 402
36 241
212 396
396 416
247 396
28 396
50 86
50 289
94 339
68 206
115 417
195 417
35 446
109 293
187 480
76 369
80 187
205 443
111 237
230 460
48 107
111 249
96 187
111 418
247 460
48 472
48 476
48 221
293 439
44 443
54 293
303 460
284 369
7 108
443 480
147 494
147 250
147 180
38 313
38 245
68 460
187 470
38 104
366 369
38 59
73 475
25 341
290 451
211 393
77 381
77 373
77 166
354 401
161 233
155 430
496 499
167 401
159 430
112 239
151 174
161 338
364 410
161 387
353 444
23 372
170 190
128 482
128 343
128 185
189 305
395 400
144 306
190 387
364 394
173 194
173 246
486 499
123 274
10 302
123 139
174 466
132 395
8 347
188 353
120 405
117 190
173 179
306 426
53 430
91 214
285 305
56 74
56 427
220 406
28 174
223 401
226 395
279 405
23 495
328 348
85 438
84 305
83 405
238 302
79 349
239 459
76 364
71 239
66 499
92 220
25 302
348 399
294 349
348 455
349 475
347 423
287 438
214 402
214 469
105 438
97 347
43 56
193 390
260 436
259 390
345 436
171 209
209 420
69 209
125 371
125 300
125 272
9 154
4 227
352 440
2 464
65 231
163 492
163 225
152 203
63 463
431 464
63 261
63 197
9 254
149 329
58 113
266 404
47 464
9 131
268 329
309 314
162 324
41 163
385 404
203 267
113 334
113 340
196 235
361 404
118 162
119 419
227 236
227 356
229 440
231 359
17 314
231 360
235 424
33 440
133 203
67 162
379 419
256 419
137 412
137 251
137 172
314 346
235 471
315 329
62 414
5 191
5 182
93 103
103 199
204 304
380 485
95 136
159 365
136 286
165 380
304 472
120 365
213 280
388 474
1 474
98 470
98 238
461 488
378 488
207 488
281 336
265 281
32 263
291 433
202 291
70 240
20 70
295 297
27 297
64 176
339 413
22 413
199 296
243 296
37 219
37 100
88 411
60 88
35 355
40 355
101 491
282 491
177 252
177 325
177 409
234 491
333 450
176 211
232 454
290 493
326 446
273 332
393 500
377 483
467 483
462 486
78 462
14 132
14 496
138 218
66 150
150 336
232 278
141 500
201 292
292 391
408 447
447 465
126 211
90 146
110 319
61 341
42 75
106 146
21 215
215 384
434 489
390 493
110 489
244 280
75 270
214 326
326 395
190 326
18 75
164 473
153 332
141 327
51 248
6 408
16 435
164 342
18 316
354 386
94 280
160 437
218 442
248 288
228 389
42 106
32 389
51 391
258 271
55 112
55 118
242 391
209 263
140 192
213 376
271 490
15 429
368 411
134 228
310 320
73 316
15 36
99 500
362 465
77 435
145 308
64 333
81 216
145 454
36 81
111 175
87 248
370 425
89 239
312 452
13 408
183 258
24 457
320 353
114 183
160 177
269 318
57 362
113 145
145 163
323 478
386 421
206 374
99 227
26 428
87 440
216 477
72 383
23 425
13 404
7 203
48 398
123 269
269 314
62 220
210 374
368 489
306 428
235 452
24 137
63 323
9 398
57 464
231 477
210 419
329 383
