31.350216
1
68
2075
46114
213 246
47 52
2 197
46 142
91 159
92 200
97 201
36 153
105 211
118 123
66 167
15 171
53 171
99 167
126 189
171 176
167 182
161 189
161 171
148 189
125 212
36 81
25 163
41 241
41 149
41 54
48 85
50 102
234 249
55 81
64 75
25 132
85 124
184 234
158 197
158 160
145 158
102 219
102 201
85 238
85 152
75 111
84 246
84 230
84 210
84 170
81 143
77 234
75 209
13 25
2 102
9 91
35 100
199 224
40 144
47 191
52 112
60 138
10 191
9 250
9 104
69 187
94 187
100 159
100 213
107 204
3 191
112 118
112 146
116 144
138 218
142 204
22 204
31 199
169 226
45 200
30 72
45 236
45 240
169 214
30 119
16 219
123 222
30 154
168 169
86 222
74 222
16 67
16 87
206 211
24 206
43 166
43 80
43 46
106 206
194 248
92 194
58 194
27 193
103 239
162 231
26 73
95 134
98 155
157 239
28 62
93 133
28 139
225 232
29 97
89 122
88 207
29 178
11 28
82 129
33 78
76 78
29 245
122 216
228 243
227 242
134 235
134 233
133 186
131 141
131 136
131 135
147 202
129 137
128 203
7 17
122 230
105 128
150 225
151 220
120 129
7 174
117 231
155 175
155 237
156 207
78 164
5 177
4 225
108 239
7 190
188 220
57 196
57 172
57 127
173 177
51 180
51 114
51 83
49 202
181 202
220 247
44 207
193 198
195 231
19 133
38 243
21 193
32 128
34 242
73 208
70 177
68 243
71 242
73 110
6 72
63 221
63 153
63 140
8 212
8 183
8 165
96 124
61 96
20 96
168 223
167 234
37 81
25 158
12 75
171 217
167 192
41 217
84 90
29 125
125 220
125 177
125 185
113 189
41 179
65 191
204 205
199 205
75 192
189 223
112 187
23 100
12 51
37 73
7 37
12 122
12 57
18 102
18 234
37 229
12 229
113 158
25 244
56 81
144 179
85 115
43 90
65 78
131 205
215 217
65 79
59 205
65 96
14 90
23 231
42 129
42 128
90 193
23 242
28 217
42 225
6 199
121 187
23 121
42 59
115 138
30 109
1 16
45 56
39 215
130 206
14 101
18 243
155 244
109 207
1 133
1 239
56 202
130 134
