57.120546
1
130
2195
23777
9 271
73 467
82 454
93 102
252 393
136 439
32 97
172 314
29 298
86 301
280 400
132 280
280 347
195 280
280 402
131 477
26 66
30 131
174 439
66 237
203 271
174 241
203 301
68 286
203 374
97 174
131 332
66 239
131 308
66 244
66 356
286 461
363 412
260 363
367 388
23 341
320 415
24 456
321 348
155 341
264 327
284 415
139 344
264 369
219 367
93 139
146 317
363 393
118 367
10 415
363 476
201 321
355 415
139 473
279 321
341 500
139 184
264 304
64 163
160 343
117 256
266 289
234 334
58 249
51 245
167 267
64 151
165 274
135 384
232 455
391 468
163 378
85 112
266 432
91 455
266 434
267 281
242 455
148 267
100 395
89 296
89 191
274 467
105 290
85 426
64 276
83 346
83 248
83 127
83 109
150 395
80 275
80 255
79 85
77 89
70 395
65 378
220 370
224 266
40 80
464 468
249 485
127 468
177 192
326 334
180 220
343 431
182 395
220 268
259 378
256 445
256 377
33 334
227 274
194 220
192 482
47 384
222 249
3 343
192 231
119 378
4 69
4 168
4 181
4 318
210 274
330 335
16 447
68 335
16 362
16 141
12 335
312 335
235 332
236 356
338 500
262 338
417 466
35 338
250 466
18 466
14 459
2 459
194 342
87 389
282 427
282 422
146 352
195 429
337 352
81 353
429 457
94 316
361 387
9 55
21 164
342 418
389 434
142 342
352 451
166 299
55 350
55 115
175 354
225 244
263 283
134 283
164 428
225 324
295 345
78 114
295 358
225 396
299 330
299 403
113 175
114 190
114 245
310 361
162 178
24 416
26 316
105 414
416 440
73 361
71 283
183 414
287 416
154 394
325 394
380 414
316 349
178 476
62 81
314 429
178 319
120 389
295 300
258 472
57 493
272 419
172 493
39 258
278 493
50 258
227 419
419 480
15 185
202 399
399 499
187 253
221 372
179 452
179 398
179 322
176 302
173 495
405 407
189 435
171 360
251 479
218 430
197 311
218 307
216 475
204 339
214 372
130 494
157 435
243 292
145 340
143 360
240 475
140 475
152 410
153 188
153 223
153 453
156 208
173 423
138 413
137 302
233 483
212 243
243 446
169 483
404 492
247 435
173 200
298 339
44 450
45 309
438 448
437 497
309 386
49 61
49 238
49 265
372 441
302 498
44 409
425 469
53 121
53 150
53 199
56 170
56 357
56 382
59 63
63 161
63 186
22 158
360 390
7 404
8 76
11 339
359 407
17 413
19 313
20 448
22 34
22 72
253 424
481 497
25 444
31 76
331 469
37 218
471 479
42 253
311 488
44 122
462 479
124 461
98 444
130 205
129 497
126 340
103 156
125 309
106 340
410 478
294 469
108 448
124 408
124 328
410 411
383 404
111 193
111 489
111 379
95 313
67 313
373 483
75 407
76 209
130 297
82 311
84 444
413 463
92 156
6 388
27 443
60 385
30 110
217 443
110 252
185 385
46 474
46 351
46 344
110 206
327 443
6 229
6 273
101 385
206 254
5 499
1 288
288 336
28 54
54 136
54 449
102 288
12 433
269 454
269 381
198 318
99 198
104 198
36 465
36 400
36 86
40 215
144 277
144 486
32 144
116 315
207 315
88 226
88 320
88 368
2 323
387 421
300 484
431 484
228 239
397 402
39 228
134 397
10 421
174 203
317 436
203 321
89 436
203 290
89 174
286 375
85 455
80 343
64 290
256 384
64 375
131 466
235 341
38 280
16 267
66 246
236 334
196 286
264 270
174 293
291 334
211 317
419 436
131 470
256 460
192 371
415 490
317 487
211 343
63 436
264 306
376 456
317 376
128 270
257 456
384 490
286 364
38 139
267 392
41 83
266 470
192 487
254 456
4 306
128 329
13 213
51 333
133 290
51 497
51 218
49 290
52 321
236 329
80 496
311 375
156 375
90 367
90 363
5 384
43 366
196 305
149 456
13 352
123 395
123 455
85 147
147 468
246 459
128 413
128 253
124 128
36 51
215 468
159 378
107 220
15 291
257 366
249 442
246 342
213 392
164 371
249 323
365 460
43 175
333 458
211 302
164 401
230 283
81 96
41 491
96 491
173 401
41 153
41 313
48 394
179 230
372 392
392 404
76 230
282 420
401 435
243 487
96 410
111 470
406 458
285 295
258 303
74 178
48 448
22 420
48 56
420 483
444 496
479 496
303 339
285 475
261 429
360 364
74 469
52 340
48 406
130 261
44 159
107 309
149 420
407 442
315 433
