37.401727
47227
88
17008
64942
79 196
200 234
173 250
139 167
4 47
11 45
104 269
9 292
177 324
114 233
28 305
16 215
49 120
49 318
49 306
49 138
66 115
66 153
66 225
25 63
25 162
25 179
32 232
56 66
15 66
140 232
156 232
51 232
217 331
136 331
250 331
105 300
300 313
5 300
69 308
181 341
149 324
149 255
116 249
68 196
68 216
68 269
181 186
308 340
100 116
114 116
123 308
34 149
85 181
77 308
286 296
28 286
54 286
5 228
183 247
183 253
117 183
141 198
36 133
198 267
113 294
132 307
246 282
133 316
87 307
146 294
133 312
294 301
165 307
16 198
294 334
133 347
174 246
175 201
175 257
159 183
246 328
91 175
4 86
86 209
86 185
89 162
62 314
209 240
155 343
74 148
44 74
46 168
58 252
158 348
158 304
158 277
252 292
217 252
13 252
261 318
142 262
13 157
56 337
256 337
11 337
263 348
96 178
96 299
14 57
98 344
75 220
274 333
24 241
21 69
21 71
67 310
21 262
125 223
111 152
289 310
327 343
90 93
3 104
3 283
3 349
93 233
10 223
163 220
291 329
96 127
84 329
93 319
95 150
167 241
95 160
95 173
79 266
170 263
120 310
118 266
111 268
199 225
119 344
188 227
57 222
57 347
224 242
188 200
199 320
144 327
31 266
48 271
60 345
199 338
26 263
205 327
29 99
45 274
235 241
47 274
48 212
60 325
29 208
211 242
48 146
111 148
192 339
83 195
195 314
9 259
172 259
276 280
259 309
20 280
136 280
92 322
2 244
143 171
131 287
147 287
112 284
107 284
106 278
106 237
106 154
129 270
134 139
1 129
134 218
145 287
134 272
124 290
238 265
203 311
204 350
207 213
42 124
207 231
40 311
39 52
38 243
37 284
35 335
221 346
30 244
230 311
27 143
92 101
243 288
23 298
23 108
23 70
248 335
254 350
19 59
260 265
264 350
275 346
8 244
7 124
317 346
65 239
82 187
82 330
88 129
82 109
80 335
78 236
78 122
76 332
76 297
76 281
161 243
65 214
65 94
64 143
182 207
61 78
59 315
59 285
191 265
52 226
52 81
92 210
156 184
184 258
177 251
193 251
46 197
128 302
128 247
128 202
176 197
50 197
102 110
102 192
102 245
103 299
72 205
72 115
43 66
49 175
43 68
43 149
166 305
158 215
41 323
326 331
25 307
6 43
286 326
279 323
49 169
181 198
111 305
25 273
273 300
18 151
215 342
25 137
321 323
137 331
18 137
130 305
265 305
116 194
68 295
157 323
18 142
130 215
134 215
194 198
168 228
133 303
135 149
102 305
169 308
41 155
232 342
17 183
73 323
43 243
18 188
18 344
53 228
300 336
53 294
180 232
97 240
55 116
206 307
206 246
89 220
62 220
181 189
151 293
219 286
293 303
89 129
124 194
78 295
164 175
223 261
60 135
3 17
106 137
103 246
190 273
33 93
33 242
321 89
229 241
188 329
29 336
229 284
59 229
55 311
206 335
23 55
29 126
180 350
121 346
121 207
82 121
126 143
12 287
12 76
22 96
65 164
92 219
189 244
121 190
22 52
