4.254326
76128
12
17088
98096
9 102
5 101
73 131
3 83
72 124
22 97
60 92
22 138
7 18
75 109
61 87
84 97
89 117
29 129
37 43
28 49
2 17
33 66
34 112
34 56
34 138
70 84
52 95
27 52
52 73
52 130
25 34
46 118
12 118
52 88
118 132
116 118
105 119
19 118
16 74
37 70
16 19
14 31
59 122
24 39
15 43
64 121
30 100
30 104
53 72
99 125
102 114
114 123
68 118
48 77
6 77
20 77
92 99
99 130
20 40
40 139
17 40
8 40
62 127
60 134
46 51
51 83
51 106
71 134
26 74
14 68
44 125
7 15
76 121
26 81
38 47
47 91
27 47
8 47
82 120
25 40
44 81
39 99
87 120
11 132
63 119
104 115
6 115
11 110
79 139
88 133
55 103
103 124
131 137
54 137
2 129
31 45
45 108
49 51
23 48
76 133
63 114
77 82
42 111
58 111
3 96
96 128
61 103
36 135
38 135
40 75
36 113
113 136
28 114
98 127
41 98
10 86
10 64
94 105
1 94
24 57
4 35
34 66
34 35
50 114
50 62
78 95
78 85
69 101
69 85
32 126
109 126
65 126
23 89
107 140
21 90
33 90
13 122
13 80
67 93
5 93
53 59
57 111
4 140
