14.989279
14870
47
4845
39477
87 181
45 70
61 200
110 199
18 156
205 235
36 231
153 232
101 196
102 103
111 150
74 182
4 135
54 139
126 188
46 180
84 100
136 187
123 242
79 242
24 242
66 229
66 148
66 132
86 109
12 21
21 250
21 149
21 107
62 170
62 152
62 100
196 239
134 189
59 154
59 82
17 146
144 192
59 80
17 56
125 189
197 239
102 239
55 192
189 246
189 203
169 192
138 177
93 177
209 245
114 200
215 234
92 234
85 238
42 171
158 175
91 156
74 91
37 91
76 220
41 220
220 229
216 220
21 78
130 244
195 244
174 244
198 224
58 198
112 186
18 172
104 141
198 206
141 243
54 172
33 141
25 186
172 236
11 202
211 247
161 247
89 124
160 226
204 226
69 181
69 133
65 69
219 226
27 69
19 23
175 239
118 164
63 183
14 164
143 183
121 183
9 119
81 88
26 223
26 176
9 237
20 26
88 201
36 131
88 104
9 50
8 13
4 131
16 26
67 88
34 206
34 185
34 153
34 99
13 35
13 38
13 58
131 223
24 131
49 97
2 250
121 163
161 190
210 222
20 210
96 130
187 248
64 86
44 64
64 231
16 129
129 246
122 177
6 101
46 214
136 214
193 214
15 150
15 39
105 191
83 227
39 227
23 218
66 135
61 166
83 166
115 166
66 157
189 207
78 190
84 242
21 47
202 240
77 233
184 228
179 233
110 249
113 228
116 240
241 249
22 167
45 240
43 213
52 249
43 154
43 75
33 167
19 167
194 235
29 194
127 194
122 141
122 198
2 218
30 90
90 115
159 173
145 173
17 157
59 106
139 192
177 207
60 199
28 95
60 140
28 70
28 51
60 97
89 142
1 203
1 151
27 72
72 98
3 40
3 87
3 68
205 217
108 217
59 188
75 120
120 159
103 164
59 180
21 158
178 245
137 178
73 155
73 208
32 177
177 188
48 94
162 230
124 162
10 126
10 42
30 162
53 71
71 85
71 221
147 192
47 168
168 191
32 114
212 244
31 165
62 192
48 105
17 117
234 242
165 212
96 142
172 225
57 111
106 186
49 207
180 183
5 226
7 225
147 226
11 117
209 244
55 128
128 208
31 233
6 9
69 238
69 171
94 194
7 228
