17.986843
19223
51
837
35156
125 205
85 90
25 54
89 94
73 111
27 241
8 224
60 117
59 151
196 228
15 74
100 220
208 239
150 203
39 177
101 216
101 108
30 101
70 101
111 230
4 33
96 230
33 65
20 72
41 230
20 86
171 221
51 116
195 206
189 232
81 244
81 240
81 152
49 147
53 81
47 49
48 81
49 75
49 195
89 92
92 118
92 133
16 92
157 250
115 250
189 250
54 250
29 66
185 190
132 167
25 71
71 119
63 217
57 63
71 155
60 63
106 215
162 197
99 133
56 58
56 161
56 222
145 242
12 128
193 229
105 200
7 19
180 249
238 249
229 241
224 249
200 244
43 249
18 37
18 181
19 198
19 219
124 200
85 200
143 229
144 229
18 76
18 107
22 214
42 131
174 228
144 174
13 126
118 213
55 75
55 149
55 196
161 213
213 220
36 55
34 213
191 218
101 203
67 68
67 185
67 168
80 91
124 246
245 246
77 166
129 153
15 45
29 45
40 153
45 235
150 153
20 164
14 243
194 210
127 128
101 230
26 205
10 26
78 98
3 94
3 182
98 175
98 147
3 126
6 31
69 227
165 199
84 199
6 181
6 211
137 141
32 46
64 141
207 227
38 141
114 121
46 159
120 199
2 46
121 192
121 176
227 234
79 208
79 140
14 203
113 156
172 217
27 122
5 122
12 113
100 172
187 212
209 212
8 212
50 233
50 151
50 104
101 206
11 112
112 240
56 203
93 248
93 194
131 163
102 163
134 230
9 223
97 125
97 239
61 97
9 160
9 146
33 81
169 230
135 169
1 110
138 226
231 247
51 201
109 184
65 201
62 231
108 204
1 162
1 170
202 218
59 186
35 138
183 186
44 52
39 82
157 231
24 204
179 201
178 204
82 171
77 184
74 139
186 188
158 238
158 167
80 158
22 52
90 184
28 106
28 130
21 52
28 148
145 202
4 82
142 202
139 225
139 168
73 173
173 237
88 213
66 135
49 232
99 103
17 103
20 71
128 164
88 166
49 95
71 123
136 177
23 221
116 242
203 210
19 134
79 203
236 250
37 83
83 160
197 236
215 249
20 154
87 95
33 199
87 132
13 42
6 123
191 214
50 190
132 138
91 141
136 227
121 136
46 154
