5.459537
107414
17
1185
121466
2 10
2 94
2 45
2 49
98 100
32 34
32 87
46 71
52 92
16 95
39 83
63 95
39 95
33 55
9 23
85 96
40 65
40 64
60 96
19 51
41 51
62 75
26 51
62 99
14 62
15 27
13 61
44 47
44 69
36 91
36 97
91 94
55 97
7 91
58 97
22 44
72 97
68 91
6 37
26 48
9 73
88 89
56 89
31 42
24 100
24 57
24 43
17 42
42 50
50 67
28 67
3 67
5 34
5 31
4 95
30 82
4 59
8 93
8 30
1 70
1 66
1 77
2 59
15 80
72 80
11 88
11 47
2 62
83 98
54 56
35 90
61 90
6 79
21 79
38 78
38 74
18 92
18 75
38 71
12 86
32 33
32 53
25 83
81 83
12 83
52 96
73 86
51 81
44 53
23 29
20 29
53 76
27 40
84 95
13 51
25 82
37 76
46 54
1 84
