36.623113
1
86
21680
39390
105 142
208 319
79 310
43 218
22 330
141 300
237 322
247 302
74 166
51 240
69 288
138 268
133 174
132 163
280 315
120 186
55 308
55 125
55 119
222 233
161 254
29 161
204 340
161 235
63 161
117 301
176 200
103 118
49 103
103 130
103 344
200 270
200 283
86 200
157 263
8 57
131 334
197 340
33 244
8 152
32 157
118 244
8 234
197 287
65 157
8 262
4 197
131 319
131 216
102 131
244 296
77 302
180 350
56 205
68 209
180 306
205 272
175 209
61 256
28 187
44 58
44 237
166 323
44 317
45 236
77 160
172 180
77 101
133 209
25 256
24 44
218 236
136 180
210 256
98 323
209 331
28 42
28 111
236 315
236 328
256 276
12 205
28 148
126 323
73 193
92 186
92 145
87 146
81 261
39 141
168 261
39 171
214 261
39 241
39 246
59 105
6 239
6 17
59 329
19 177
6 294
232 257
11 257
177 322
177 212
257 269
108 185
100 179
116 189
174 220
116 240
116 330
124 327
147 328
91 247
124 190
91 144
153 194
153 222
153 282
91 345
79 277
138 326
147 188
147 187
158 277
100 290
162 220
72 100
171 220
181 185
321 337
318 326
283 337
277 298
275 326
229 337
26 152
26 271
26 288
37 124
325 336
184 255
53 76
36 281
115 314
115 307
115 264
150 225
31 243
27 143
54 64
225 311
170 191
64 215
137 309
9 76
96 127
36 251
258 309
21 207
99 128
143 305
99 260
225 346
227 253
227 259
191 316
16 255
243 248
139 143
243 267
192 250
78 255
41 309
46 66
46 252
192 285
47 113
47 213
47 265
64 167
50 99
3 46
192 206
127 217
127 196
1 36
70 76
191 335
40 342
207 221
83 227
40 61
80 207
40 293
7 132
114 295
5 43
286 338
5 178
114 341
7 85
182 343
110 122
5 310
94 104
284 338
97 203
169 320
169 266
73 199
74 90
199 228
82 89
82 129
82 300
88 199
90 112
35 343
34 97
14 67
97 102
95 122
94 339
94 301
22 114
24 343
67 155
68 169
90 325
52 72
52 241
176 231
154 313
154 208
2 51
48 154
2 107
2 332
123 249
69 123
93 123
151 224
268 333
304 333
87 291
226 291
121 149
312 324
75 280
149 349
20 75
142 149
254 347
183 347
173 347
279 324
75 238
136 324
55 103
55 77
55 193
44 233
117 197
10 190
10 86
159 245
159 345
219 278
204 242
236 278
117 261
201 233
157 205
13 200
91 233
77 165
135 204
195 219
140 244
15 161
99 233
52 55
59 200
6 197
18 233
204 243
92 195
278 337
26 278
60 131
242 299
18 117
201 323
202 323
161 231
165 297
123 204
154 204
193 273
164 244
15 180
127 219
106 256
211 273
257 348
223 278
156 299
146 153
71 103
13 326
156 198
164 205
143 193
6 274
146 207
115 146
60 257
109 140
151 157
23 28
30 219
38 92
122 193
146 289
62 198
116 202
135 185
134 185
84 124
40 134
47 106
106 191
274 338
62 292
84 309
76 292
230 255
64 230
100 303
71 227
38 192
23 36
223 230
67 230
225 303
46 303
7 30
