7.991651
41648
29
1005
58824
2 100
36 80
103 138
105 113
63 146
19 162
23 121
26 57
45 47
47 122
47 146
15 110
88 159
128 165
55 175
55 123
50 155
50 148
50 88
42 50
16 24
35 55
111 147
37 117
65 81
62 141
5 90
47 73
68 74
68 126
37 85
55 153
70 151
110 151
80 151
89 151
41 50
40 109
50 57
70 106
33 92
91 92
13 92
77 172
145 172
103 172
43 172
98 134
6 134
133 180
55 166
51 152
2 104
104 115
19 107
51 60
69 109
27 151
32 109
47 164
68 73
162 172
16 50
54 168
67 135
55 67
68 159
128 164
58 157
52 155
52 105
3 145
15 54
3 99
29 41
81 127
149 170
123 178
49 53
95 178
44 178
53 71
21 178
31 170
53 139
136 176
86 97
161 171
124 161
97 165
46 161
140 176
32 96
53 99
76 111
40 52
11 56
11 119
56 150
95 150
65 96
14 163
118 132
106 179
92 147
163 176
90 135
27 157
92 179
29 179
127 166
130 137
39 131
28 137
49 137
25 131
12 131
75 137
51 117
14 63
85 134
107 153
96 144
120 132
21 72
72 143
134 168
129 173
34 93
34 43
87 116
87 108
87 138
57 104
10 171
108 156
10 60
143 154
112 154
82 102
18 20
18 115
48 114
66 125
79 174
20 66
4 48
84 174
59 102
24 64
64 94
35 48
118 170
58 129
121 170
55 133
52 120
42 61
61 62
61 158
47 131
22 83
38 160
83 169
38 78
6 83
38 101
36 167
17 78
17 74
9 167
8 142
8 180
100 177
30 177
7 23
1 7
50 174
102 141
