8.852690
25499
24
5729
80067
57 73
144 145
53 78
62 148
8 70
92 96
7 152
30 94
44 55
60 103
12 84
120 153
40 104
50 98
72 106
13 42
89 93
11 43
28 93
85 93
13 100
13 142
93 142
43 74
43 111
4 13
127 159
27 159
12 159
99 159
5 75
85 90
46 52
64 150
64 91
33 64
31 136
1 118
94 118
49 136
127 136
118 120
2 148
2 123
134 140
115 146
33 47
88 137
88 154
28 146
47 156
20 47
146 157
57 88
54 88
67 69
10 116
38 116
74 116
116 141
71 102
133 147
19 143
29 117
23 152
23 96
73 82
77 125
106 125
79 141
17 139
76 137
17 110
76 160
6 37
14 130
52 84
44 103
68 104
60 68
15 32
32 155
41 72
41 86
7 159
35 53
35 126
109 119
70 119
119 138
22 158
22 145
22 98
44 153
3 18
3 36
3 129
9 130
9 132
117 122
21 122
44 86
121 144
101 121
5 131
34 131
44 124
81 95
81 147
25 83
59 113
114 151
108 134
108 128
62 80
55 97
105 108
19 87
20 113
100 151
51 97
135 151
39 87
65 87
26 67
26 102
10 97
8 83
45 80
78 113
82 92
46 125
24 136
13 40
30 112
63 90
47 66
66 146
44 133
6 112
44 61
17 37
43 140
22 24
43 71
14 63
2 58
58 118
2 48
16 93
79 149
56 149
29 48
107 143
56 75
61 107
119 124
32 69
3 16
