18.562361
1
39
24718
143207
30 90
51 141
63 105
106 154
109 154
6 154
25 154
16 131
16 65
16 58
16 47
136 157
107 116
18 150
18 61
18 44
104 107
18 26
22 102
59 107
65 157
67 157
107 123
80 126
95 144
123 126
126 132
30 126
56 144
55 144
119 141
115 119
72 119
119 121
8 79
72 79
79 135
41 79
32 33
32 116
32 51
118 152
36 52
14 73
11 142
40 118
52 96
52 113
84 142
64 118
73 78
73 151
35 145
109 145
112 117
117 130
24 145
2 50
2 105
2 71
9 27
9 21
20 68
68 127
60 150
54 102
60 87
60 101
29 54
19 54
7 17
86 99
75 133
53 93
86 92
139 146
1 122
85 159
5 70
5 148
81 133
133 160
4 100
122 128
62 108
66 146
5 103
10 28
100 153
31 146
100 114
17 134
34 38
17 23
108 155
98 138
12 53
38 39
38 147
74 138
10 156
10 143
42 159
43 122
94 159
89 108
48 138
86 110
125 140
63 140
8 124
46 124
77 140
57 127
26 149
78 149
56 120
87 97
40 97
96 120
154 157
16 137
76 157
45 154
79 137
18 158
22 82
22 108
13 22
13 107
22 53
73 76
88 144
32 111
15 137
126 129
15 49
49 83
111 142
52 158
57 144
5 137
3 118
45 83
2 129
53 117
82 91
86 111
60 69
45 133
88 138
69 122
37 91
3 38
10 13
13 159
17 37
37 100
37 146
