7.566843
7004
30
9915
73734
95 152
79 161
27 117
81 144
82 172
124 177
59 66
30 115
68 130
11 149
100 102
71 102
97 102
134 191
32 34
32 70
32 119
19 166
23 108
17 199
15 197
29 197
64 67
64 193
64 169
16 33
10 46
37 77
162 190
11 92
85 138
85 179
49 168
9 174
52 105
50 82
50 95
16 50
116 158
101 116
29 151
48 167
102 130
118 173
72 76
46 72
72 182
72 138
72 192
102 157
17 140
5 144
5 156
73 109
106 137
110 197
21 42
142 186
83 119
83 84
103 105
80 188
75 88
12 139
30 53
31 54
31 176
23 31
53 97
111 114
114 124
114 161
53 117
64 115
22 39
39 84
22 99
79 99
13 184
49 66
11 35
160 192
59 160
26 148
72 122
9 35
102 198
86 113
18 86
60 174
26 123
60 177
31 168
53 168
88 159
42 102
52 62
62 100
141 197
8 24
2 24
32 170
21 151
28 58
40 103
163 198
137 185
18 185
28 122
37 136
136 195
13 187
11 77
47 133
67 133
32 184
157 159
6 180
45 73
45 69
27 127
143 169
2 127
125 127
120 147
120 121
15 120
91 143
89 171
8 45
89 146
20 143
11 85
55 75
56 102
33 163
5 142
7 197
123 164
41 187
7 80
108 148
41 199
92 106
152 175
81 175
44 170
14 56
44 191
74 109
85 194
104 164
55 116
65 98
98 172
94 178
19 154
12 189
155 189
11 139
3 87
3 131
51 128
1 131
96 129
87 126
1 190
25 129
1 196
90 112
4 181
153 167
126 135
126 132
112 200
118 153
61 183
43 57
61 149
51 145
61 150
57 93
36 166
78 181
36 165
36 134
63 153
51 69
38 173
6 110
38 140
107 148
48 162
57 74
141 181
89 104
178 194
129 154
107 112
