7.226717
89763
19
3227
208987
31 83
35 65
7 68
42 76
3 72
60 70
35 99
16 87
16 21
40 55
55 68
3 55
85 99
27 50
22 67
22 78
22 93
36 73
44 81
14 33
20 89
23 44
23 49
23 60
49 100
53 100
26 32
32 90
53 74
15 34
11 76
52 63
11 98
11 41
57 73
42 63
38 72
38 47
57 84
8 38
74 92
9 28
9 37
9 77
51 57
34 91
4 74
64 90
25 75
25 46
56 61
25 82
39 61
59 61
5 54
5 66
5 96
27 58
58 83
7 10
30 88
10 80
10 31
18 88
65 94
48 94
24 99
37 45
45 47
24 69
19 24
55 99
20 24
17 70
43 55
16 69
62 99
16 29
17 62
24 32
16 95
1 36
24 71
6 29
2 43
1 97
12 86
12 19
6 33
81 97
50 63
22 64
34 95
22 79
2 13
86 88
25 71
13 61
5 79
