34.027609
35693
97
28453
35840
46 357
19 162
99 253
170 377
326 373
179 263
26 306
113 169
187 255
188 191
192 285
381 401
70 292
8 88
3 51
48 157
125 283
5 444
54 312
247 337
184 392
386 437
283 437
433 437
136 231
86 203
137 323
101 339
200 390
200 432
71 101
124 154
403 406
43 128
202 448
69 202
215 314
179 202
128 248
106 314
143 314
128 147
184 272
267 272
207 272
217 300
300 379
245 300
40 281
40 122
40 123
3 300
40 176
21 420
354 366
14 56
14 366
14 47
205 445
57 445
234 445
9 445
97 445
268 421
16 268
304 364
68 221
122 138
138 396
57 80
220 403
80 341
220 409
197 220
131 317
111 138
171 393
321 432
321 415
317 429
17 393
48 321
138 345
80 416
91 187
175 213
176 185
213 435
213 384
91 263
54 91
25 70
271 276
276 310
276 425
25 127
185 357
234 270
238 328
145 329
218 298
214 443
214 423
121 395
102 186
113 298
86 270
149 302
226 329
178 302
92 270
93 186
161 214
104 302
27 430
27 359
351 372
27 307
27 245
38 186
326 342
329 400
32 227
10 32
8 372
257 328
264 342
395 442
32 169
15 328
275 342
23 152
23 28
44 303
23 425
23 436
44 145
44 135
312 329
30 298
298 428
270 360
338 395
350 372
103 371
216 278
216 373
188 216
83 232
193 232
21 254
232 269
232 343
254 330
254 313
5 254
168 239
173 174
378 410
378 399
67 378
277 413
256 356
392 437
79 289
282 289
126 289
129 155
129 361
109 332
109 304
108 359
175 405
82 255
31 82
29 96
18 448
115 383
285 383
244 348
299 444
249 299
46 299
166 228
101 437
252 385
133 146
377 385
146 253
146 159
114 385
118 243
118 330
101 236
154 346
99 340
180 407
229 340
167 370
167 308
195 340
141 407
39 167
194 407
119 440
369 402
1 363
100 331
2 402
134 284
4 258
414 424
408 414
139 199
165 284
142 331
284 294
73 296
258 427
73 389
74 414
280 331
76 363
77 402
42 363
199 387
242 273
199 316
190 258
53 324
53 212
53 132
61 73
242 447
242 438
200 211
251 337
154 279
201 401
201 412
79 318
243 318
318 400
128 431
144 210
143 144
158 292
158 221
211 272
120 237
120 390
40 236
295 305
295 319
228 265
172 265
233 246
231 333
237 287
240 266
230 311
404 411
130 441
225 322
246 446
148 173
343 347
315 404
182 356
182 367
182 430
327 426
290 391
189 209
197 219
333 384
162 260
336 426
259 313
160 355
153 259
148 388
177 322
204 365
266 309
209 235
266 277
261 353
260 436
259 362
93 322
89 306
89 361
89 421
22 301
22 170
90 241
22 88
52 130
92 241
35 353
94 247
94 320
51 333
50 382
94 323
19 148
50 365
16 112
105 260
66 311
34 151
62 157
62 288
62 449
63 192
63 381
58 347
58 219
26 246
41 150
72 347
75 394
56 75
34 325
34 376
85 241
87 124
87 334
41 168
116 218
11 290
116 191
116 418
112 156
110 353
110 287
41 371
6 204
13 160
6 87
107 204
50 125
37 112
107 160
49 75
128 422
272 422
27 337
270 337
103 337
375 380
101 375
108 297
268 431
136 276
368 431
65 431
24 78
24 337
20 276
117 420
291 300
174 437
60 68
78 348
20 64
208 431
80 434
200 220
14 206
81 203
346 378
202 335
80 352
60 64
223 417
154 372
202 397
95 185
55 335
140 250
140 314
354 364
291 450
208 417
206 220
84 101
154 413
274 335
36 358
32 206
45 59
198 398
59 198
63 297
44 183
251 317
293 308
293 305
368 393
181 431
29 352
117 439
250 405
65 328
222 376
141 222
36 206
419 431
12 95
214 321
154 349
167 279
7 286
216 395
434 440
286 385
84 374
130 137
163 393
55 146
186 256
164 214
98 450
290 358
33 314
181 302
53 368
65 402
138 196
34 65
163 166
397 404
254 344
216 224
258 439
18 73
12 262
98 311
196 414
209 349
199 262
33 363
419 426
331 344
224 284
224 242
44 398
