15.781371
19833
48
17063
38576
162 276
95 214
194 293
58 81
1 23
27 115
190 215
159 290
37 104
48 104
34 42
34 149
45 247
52 143
69 171
82 171
189 247
88 192
88 201
76 247
8 88
106 225
176 243
174 225
155 176
171 295
98 148
29 37
29 60
29 273
154 157
41 68
15 283
15 251
57 157
15 126
62 98
66 98
101 157
68 214
204 221
204 241
204 292
105 180
163 246
23 205
25 173
27 173
79 205
70 138
173 196
138 239
138 228
205 232
138 165
65 138
173 194
13 272
255 281
144 151
208 284
100 227
25 262
63 262
61 262
174 177
97 146
36 272
90 152
69 118
254 295
55 82
6 31
228 271
252 271
77 230
81 172
145 172
43 203
43 108
141 263
184 210
210 222
127 172
170 263
234 293
49 269
75 234
164 234
49 152
70 234
49 67
160 231
122 169
94 137
99 288
75 99
116 123
116 189
5 99
19 233
19 209
127 278
40 280
18 89
168 238
186 223
109 130
3 109
110 285
175 294
103 222
103 198
249 281
2 24
112 199
265 299
2 8
112 227
188 284
159 188
188 258
180 181
249 282
181 197
2 273
196 299
125 299
144 181
9 209
96 185
104 166
187 248
80 276
80 142
74 80
237 248
97 248
58 64
64 216
14 207
44 267
195 267
22 267
120 207
207 240
10 219
113 260
113 213
72 259
72 115
26 39
220 257
156 256
230 257
39 198
264 300
30 289
236 261
92 280
50 250
200 261
83 191
17 91
94 191
30 51
17 215
12 92
250 266
33 191
183 206
96 250
17 160
92 270
206 229
206 238
1 111
111 179
93 246
93 95
59 193
38 279
182 279
211 290
204 244
38 286
122 286
11 275
162 275
171 211
16 104
47 176
133 287
217 285
117 121
101 124
124 155
88 107
166 296
104 226
225 274
54 171
34 178
73 143
84 296
110 112
143 163
205 268
29 68
117 271
119 225
29 87
34 167
34 53
68 129
129 157
161 176
104 118
68 158
29 134
121 247
54 204
139 247
139 176
143 253
32 78
15 119
119 157
98 167
15 135
98 147
204 205
15 131
105 173
86 173
16 298
202 237
3 202
28 98
268 277
13 153
35 253
151 178
225 291
21 212
153 212
132 297
21 226
205 218
53 217
78 262
13 245
77 247
136 139
7 28
132 177
68 133
31 178
43 56
135 150
46 47
9 287
20 263
242 274
34 49
49 56
35 263
102 242
146 150
40 104
71 143
102 210
134 172
114 213
5 114
56 137
71 85
140 224
46 255
161 169
18 158
85 223
20 294
210 235
185 225
107 128
231 235
168 262
190 193
107 256
80 131
10 73
7 264
261 298
30 218
55 267
4 128
86 224
4 207
