7.397907
100860
27
60605
105691
77 91
74 114
79 119
83 139
38 86
15 86
26 150
47 55
68 136
82 136
61 136
89 131
10 88
111 168
12 115
21 94
105 171
113 144
82 151
106 151
118 151
39 151
96 151
148 152
9 123
33 52
56 164
164 176
162 164
7 62
25 84
3 84
31 84
19 51
51 141
155 156
13 117
13 109
13 175
103 138
127 136
50 128
50 87
50 96
98 134
73 134
38 134
27 137
27 98
12 27
27 79
60 153
78 83
27 94
135 174
131 134
45 147
57 114
29 58
29 91
117 169
16 86
60 72
121 126
126 165
11 73
18 76
18 90
18 99
11 81
8 42
11 173
32 42
42 132
20 152
20 32
139 160
128 160
28 180
28 140
102 160
25 28
78 86
100 121
70 133
103 120
106 120
44 133
95 133
120 165
100 124
34 100
35 120
9 100
53 123
115 163
53 84
65 136
49 86
72 127
136 159
66 124
46 66
5 41
30 66
56 66
41 179
41 113
34 41
36 136
24 67
1 157
1 155
1 129
14 136
16 85
7 147
68 112
70 112
54 86
78 108
119 169
130 159
97 137
23 97
67 84
6 43
6 87
45 93
4 30
4 62
2 145
4 71
2 125
36 69
15 177
166 177
55 64
64 105
64 107
76 80
52 80
13 47
54 143
138 150
65 161
153 154
33 130
92 108
51 63
148 151
92 168
104 154
111 172
167 172
88 146
135 143
51 144
49 146
74 101
101 170
59 178
37 174
37 142
77 110
48 110
29 69
22 63
10 158
75 149
75 116
40 158
17 158
27 122
1 86
57 93
122 22
163 178
75 104
