6.665982
29951
24
4872
59316
25 69
80 176
16 137
55 133
116 152
172 174
103 110
38 142
22 44
28 93
62 147
18 91
79 170
10 159
106 130
52 135
145 177
44 95
60 78
60 83
60 86
60 111
60 117
8 44
107 127
50 140
20 165
20 44
94 122
1 94
40 50
9 128
99 156
24 99
12 21
171 178
152 171
68 171
100 171
41 44
70 134
114 134
28 134
70 163
35 131
25 131
39 55
17 63
17 104
27 148
148 159
107 148
100 121
121 160
98 166
157 179
111 153
98 137
102 153
160 179
22 148
8 180
34 180
4 59
4 116
4 135
104 164
34 52
7 97
2 115
115 136
16 115
37 44
35 120
120 138
44 58
36 113
54 155
155 175
71 155
126 155
47 157
29 47
45 174
45 53
14 149
99 112
51 96
64 101
26 88
6 105
15 69
6 154
15 68
26 63
61 84
26 175
13 15
84 129
125 143
42 75
75 83
44 140
103 127
40 81
87 128
23 87
109 161
24 161
62 180
30 91
30 119
30 138
36 37
18 65
127 132
66 167
44 66
5 43
5 93
31 95
21 132
124 173
125 172
67 171
124 143
163 167
149 150
57 170
32 56
56 145
64 127
130 168
44 153
39 67
99 101
74 127
51 112
108 162
49 108
72 108
115 165
89 106
89 147
89 173
150 168
7 19
3 19
82 141
141 178
79 141
133 139
48 139
74 118
76 110
38 76
158 176
123 158
9 180
94 177
90 96
90 92
14 164
11 73
80 144
144 169
73 117
73 77
58 94
46 148
151 180
46 146
6 142
33 118
41 84
33 97
101 144
85 151
85 108
