7.166707
89057
21
1674
169851
37 38
18 62
9 91
57 83
89 114
88 103
12 73
12 84
12 91
58 81
70 87
80 90
111 117
66 102
64 66
60 111
52 111
51 90
47 100
47 96
47 61
21 47
102 111
90 93
5 66
36 101
3 8
3 19
3 42
49 89
78 83
24 88
24 99
62 92
54 92
92 120
24 44
1 50
1 27
67 81
34 67
86 110
22 86
4 86
86 113
11 41
41 70
41 110
7 31
7 100
7 38
26 29
68 94
94 103
72 94
6 79
39 50
32 39
33 112
74 116
71 74
106 108
39 46
69 108
109 112
23 108
25 112
15 74
12 59
19 40
40 43
57 82
82 99
98 120
2 9
73 98
2 114
12 118
13 65
43 45
45 63
18 45
17 119
17 95
37 75
36 75
16 65
55 65
29 75
58 66
53 111
10 28
85 90
49 87
35 105
20 77
47 90
90 111
24 59
10 59
66 76
14 53
24 56
86 107
3 85
78 105
92 104
20 48
35 48
47 97
16 30
30 34
28 115
39 107
56 79
77 108
74 118
97 112
17 104
