5.996253
11636
24
1301
57501
1 158
61 137
150 172
64 73
5 74
135 167
48 155
43 101
24 171
60 80
105 127
39 116
62 111
118 168
110 136
152 163
29 90
90 112
77 90
31 72
4 154
20 71
147 180
29 107
50 122
63 153
106 170
51 176
31 51
51 92
7 51
56 169
78 151
99 143
132 157
8 127
8 80
37 39
82 166
63 166
11 166
74 166
104 158
9 97
9 28
9 175
22 125
4 130
56 130
23 177
9 149
27 143
27 88
27 83
27 28
78 81
114 126
88 126
110 138
9 134
8 81
27 105
6 102
79 102
34 94
37 156
44 113
44 79
40 140
24 140
130 151
148 168
59 91
99 116
85 90
65 148
87 125
87 146
12 165
84 165
68 89
89 114
89 180
128 165
135 165
67 131
156 177
129 130
109 144
40 108
32 179
82 108
140 155
2 50
2 64
92 117
117 133
117 150
2 124
131 149
21 62
30 121
18 30
30 76
13 107
41 179
20 41
13 157
8 71
46 58
7 58
10 119
10 118
10 100
10 61
32 95
101 131
3 23
3 137
72 159
19 162
21 47
57 69
16 84
16 75
85 169
147 153
59 129
13 51
65 138
75 103
91 103
48 98
14 98
66 154
17 67
17 164
38 175
38 142
47 66
54 160
1 54
93 142
25 113
12 25
93 96
33 123
112 123
45 141
18 45
70 173
5 173
73 173
36 65
159 162
45 167
9 163
36 115
104 147
22 90
42 139
52 86
55 86
139 145
139 170
120 161
152 161
35 49
53 178
49 172
26 34
15 26
19 109
171 178
59 106
36 174
57 115
94 174
86 122
