35.014310
32249
89
6930
33762
253 277
83 97
91 248
190 333
74 323
69 170
203 329
19 147
229 332
99 127
49 270
134 160
124 132
105 199
139 325
130 325
105 138
325 333
59 361
303 361
355 361
360 361
123 219
15 346
15 171
15 45
40 287
2 193
62 96
23 169
23 128
23 332
23 365
26 222
36 62
62 229
62 259
64 222
188 222
139 168
168 300
228 366
298 378
317 350
125 230
118 230
33 235
32 230
27 69
192 386
70 201
157 386
140 235
202 251
13 27
141 289
182 384
79 182
182 255
182 307
182 391
334 362
198 246
198 348
9 127
99 388
55 388
9 123
88 120
88 293
9 196
181 198
61 88
154 362
121 245
362 385
212 234
245 262
212 351
66 119
66 295
114 212
132 362
63 66
270 388
30 198
245 352
133 286
32 379
81 380
315 379
152 380
103 379
80 380
305 372
58 166
58 243
58 252
82 305
67 397
324 397
184 397
185 305
84 148
165 166
165 265
16 165
90 165
148 244
148 323
11 58
309 328
61 278
1 310
4 272
221 378
8 221
43 282
5 334
5 374
260 267
116 260
137 246
131 137
137 193
31 274
273 317
162 228
116 273
162 385
72 313
94 274
319 392
20 313
87 274
149 162
137 279
143 273
104 162
206 313
179 312
90 254
22 223
98 391
98 367
98 330
12 371
301 371
130 354
68 289
74 396
167 354
283 354
176 398
41 337
53 396
41 241
214 396
41 122
343 371
176 251
176 233
65 199
65 390
68 263
65 115
68 268
195 231
151 353
147 353
253 347
21 308
326 373
266 399
97 101
237 247
44 399
95 363
101 285
107 156
21 304
34 227
134 347
101 338
102 237
232 340
208 217
21 111
37 186
39 399
204 363
186 341
7 340
218 318
73 107
163 227
129 340
216 326
10 363
224 326
227 316
60 237
56 347
208 344
208 256
92 240
155 226
86 107
186 395
50 240
155 164
318 322
318 383
109 155
3 240
325 361
46 135
223 275
194 275
158 275
170 376
142 207
282 377
248 311
160 400
159 394
159 291
213 276
211 400
210 261
242 257
180 269
183 381
153 320
187 257
239 358
269 271
200 201
261 365
261 393
142 348
200 296
142 328
100 203
311 329
4 377
35 368
83 257
292 376
89 269
91 159
100 370
124 153
100 138
25 117
14 389
19 381
357 381
18 200
28 400
42 49
42 290
51 153
54 376
117 277
117 264
113 358
46 276
314 368
276 299
319 368
281 377
311 345
42 173
71 389
179 302
76 302
177 303
152 177
206 349
17 225
337 349
17 172
17 249
11 108
108 250
108 133
24 382
136 280
136 297
24 96
106 384
106 359
106 144
287 361
27 105
2 287
57 361
9 325
62 287
287 366
105 175
236 356
168 205
15 386
222 375
105 174
70 366
350 375
215 249
215 259
288 296
183 288
364 386
78 180
78 300
202 230
175 222
15 278
335 364
219 342
70 110
205 336
88 387
362 387
272 287
222 309
12 369
187 369
65 356
68 356
93 325
62 238
88 286
126 388
52 70
23 274
212 397
70 284
27 221
168 178
43 202
146 235
146 230
105 358
38 235
220 350
298 306
6 182
294 305
245 321
245 313
52 189
6 388
52 112
339 379
15 327
238 305
41 57
148 321
165 392
155 366
258 380
258 397
189 331
23 85
310 339
22 66
294 312
202 326
77 220
110 347
161 198
209 350
47 66
191 235
162 197
145 350
150 331
75 379
29 77
231 254
275 284
342 389
135 178
48 150
93 101
136 197
48 363
161 240
47 237
21 85
318 327
107 209
29 227
191 340
75 186
75 399
145 208
