15.363558
94151
35
3028
111205
17 26
93 108
21 29
97 126
27 129
75 90
6 120
34 35
47 101
4 79
4 96
43 65
67 132
114 132
115 132
2 84
39 87
22 119
57 123
87 90
84 85
81 112
79 123
75 84
74 87
71 87
58 112
32 123
10 112
16 84
112 130
99 119
117 123
12 119
31 65
31 129
17 124
6 51
61 85
108 111
35 127
58 106
56 86
55 102
54 124
38 102
39 106
127 138
50 111
46 56
20 69
97 111
19 51
95 127
20 59
31 60
15 61
14 61
24 51
80 124
100 106
9 56
101 102
46 137
45 53
53 126
53 118
11 70
11 135
11 34
107 120
131 140
52 92
52 93
52 116
121 128
88 140
29 140
7 128
8 107
26 128
23 107
33 89
73 83
66 122
68 125
30 42
77 113
82 104
83 103
83 139
25 113
21 89
94 125
18 113
5 82
109 122
110 125
122 136
1 42
36 76
42 105
41 89
40 82
36 98
36 78
4 44
20 47
44 119
44 91
47 48
37 43
47 122
42 47
43 91
62 123
112 133
11 44
13 47
44 107
28 43
4 13
61 62
119 137
102 133
37 63
72 111
49 132
87 134
49 84
64 124
63 72
53 64
28 89
72 125
72 113
3 82
3 36
83 134
