24.052119
21079
52
25272
113204
4 45
25 101
24 90
109 161
18 187
129 147
50 134
118 128
101 146
107 146
112 146
41 129
41 102
23 37
117 123
117 128
117 119
196 199
143 199
24 199
9 40
8 190
8 65
8 63
95 117
40 102
114 136
114 150
114 194
94 166
70 166
46 145
48 145
114 127
121 166
145 200
145 165
82 187
82 158
44 148
71 82
44 120
44 111
69 92
104 134
66 149
45 116
104 135
53 74
33 69
33 89
33 95
74 118
74 176
36 57
25 57
17 18
17 171
17 180
57 106
116 154
116 126
60 149
23 104
149 161
6 193
193 194
175 193
3 12
22 85
22 109
51 108
48 139
56 110
56 93
3 56
90 108
108 152
13 163
139 177
4 139
26 163
141 195
157 168
52 54
153 198
67 105
144 174
184 191
62 178
61 87
173 191
140 167
59 141
137 181
130 153
55 86
125 178
78 124
91 155
124 142
88 91
86 197
86 156
84 167
96 169
98 178
157 183
167 182
75 96
170 174
99 137
162 191
103 157
105 122
91 115
16 164
11 96
14 30
39 137
38 87
35 192
35 172
35 97
16 73
16 132
52 100
30 138
19 153
29 30
28 189
20 124
21 49
28 81
28 32
27 105
52 58
43 174
5 87
49 72
7 141
49 68
42 186
50 186
37 146
8 146
1 41
40 44
92 199
41 104
17 37
34 116
12 146
113 166
8 179
40 160
34 64
77 113
117 151
34 79
34 124
34 153
37 96
41 191
1 185
2 37
113 179
113 188
44 133
151 166
47 145
15 199
40 80
47 113
76 131
77 131
149 188
31 114
76 163
76 141
76 137
133 193
10 33
57 159
49 188
52 188
47 167
16 47
10 30
105 159
87 159
10 157
83 174
35 83
28 83
15 86
2 83
31 91
80 178
