13.337495
512
31
400
86106
35 105
87 119
44 45
39 74
17 39
39 103
39 104
77 93
23 90
72 115
70 77
84 111
84 93
19 95
13 42
30 84
15 77
18 84
19 44
19 72
19 82
26 115
47 90
100 115
38 77
90 102
90 99
89 115
42 118
42 108
42 100
43 47
43 67
21 43
22 69
57 78
3 108
73 78
50 88
29 87
29 52
64 95
62 73
35 101
1 64
61 101
38 73
59 101
50 58
8 64
2 45
2 65
2 92
4 33
4 104
20 29
4 114
10 16
85 117
9 83
7 10
6 63
40 71
41 51
5 83
106 107
46 110
55 113
53 94
51 116
51 66
63 68
75 113
25 112
25 98
25 56
24 117
69 106
106 120
79 113
81 117
63 105
10 96
32 110
34 53
83 119
14 71
36 71
49 53
12 110
37 84
76 118
30 76
37 106
80 97
60 97
27 57
27 86
39 43
48 86
28 39
91 115
11 42
48 110
48 71
48 63
43 109
31 77
31 90
3 54
22 83
25 91
11 53
11 51
54 117
10 54
28 50
31 113
97 109
