7.990696
45206
24
54028
95005
68 151
13 16
114 121
35 149
129 160
142 143
73 88
3 181
137 184
38 184
76 132
2 51
81 87
20 161
5 54
10 117
152 186
59 152
100 180
11 100
100 165
31 137
31 200
12 31
84 89
89 117
89 188
96 153
8 68
61 111
61 116
23 61
28 61
7 151
7 109
11 52
57 131
93 183
48 93
69 190
69 95
57 189
4 93
71 115
70 157
113 158
44 140
57 177
66 167
20 58
23 58
58 166
99 152
47 78
47 56
99 100
40 123
92 145
70 145
145 178
48 145
148 168
1 192
72 192
111 171
171 195
6 89
135 194
138 184
37 155
58 196
44 173
35 152
33 112
16 33
80 104
79 133
79 105
56 79
5 57
19 60
60 83
61 106
10 130
14 24
19 193
94 136
24 198
30 94
188 193
94 153
129 193
58 135
145 173
52 106
146 159
146 187
146 150
181 191
139 140
78 139
17 116
17 83
170 174
39 196
41 100
21 55
21 165
177 193
74 82
82 189
2 119
80 157
91 109
81 91
25 154
25 59
86 149
122 134
18 97
18 72
119 161
62 143
22 62
100 128
26 167
63 152
124 152
31 63
69 158
65 155
54 104
8 124
31 77
69 128
87 164
65 89
132 184
6 94
49 185
69 123
114 194
36 176
24 26
32 113
77 125
127 179
97 127
51 127
118 163
9 101
101 141
42 43
85 118
43 162
101 122
108 118
24 37
49 124
144 169
33 138
32 142
103 175
50 92
27 197
27 38
50 85
88 125
29 90
29 84
3 110
71 164
75 156
147 156
120 156
40 168
66 67
46 67
64 115
64 102
98 148
98 126
107 199
76 199
45 172
45 73
96 170
13 191
146 185
130 134
34 182
15 157
110 182
36 174
41 103
15 43
34 169
53 86
53 156
