17.646781
79719
45
8682
108027
75 192
160 168
57 119
153 178
114 185
74 104
5 14
28 167
98 115
102 127
61 102
67 102
40 128
40 113
40 171
17 39
17 84
17 150
95 100
28 100
100 160
94 100
80 154
20 154
1 154
148 154
32 134
22 67
70 130
70 173
70 180
137 188
16 96
96 178
96 136
71 137
137 153
109 193
29 30
23 122
55 172
59 115
59 156
59 185
48 193
74 193
69 193
23 170
23 187
86 172
30 198
30 177
112 172
16 172
99 195
44 195
142 195
78 124
105 195
120 124
124 162
101 124
27 64
82 197
27 164
18 181
82 179
82 158
37 82
9 27
63 181
50 181
14 58
56 58
57 123
58 116
157 180
5 123
21 112
15 52
123 168
126 147
138 199
107 150
75 147
142 176
131 199
39 189
107 174
104 145
143 176
144 189
145 146
24 107
90 147
49 176
159 199
119 189
12 145
88 159
97 175
66 132
11 191
11 34
89 97
118 132
91 97
11 111
132 141
149 161
4 43
4 32
56 60
120 139
121 158
1 31
151 182
149 184
108 167
60 196
60 169
139 140
108 117
125 183
87 129
183 194
103 129
81 121
139 192
114 133
54 166
35 182
31 79
38 133
31 33
54 190
25 133
42 51
42 52
42 65
19 184
13 155
13 106
53 113
54 83
53 200
13 95
10 92
53 84
10 98
6 121
48 183
47 184
46 108
40 102
100 135
96 102
40 163
17 70
62 154
41 137
72 83
72 78
59 154
93 135
70 110
27 68
7 70
3 37
3 73
77 85
27 152
15 152
30 137
41 108
134 181
2 189
2 165
30 186
7 195
85 93
68 88
15 77
110 181
8 62
40 161
23 157
147 163
17 182
22 145
76 172
8 26
36 59
11 26
45 82
76 121
76 129
36 132
45 97
