35.813794
40766
96
7475
55430
128 319
205 368
179 241
24 372
212 301
154 321
30 251
32 334
6 288
110 162
67 171
47 376
51 389
248 254
256 338
77 317
221 338
263 317
166 338
212 317
136 279
279 347
249 352
175 198
175 250
218 237
175 226
175 231
237 245
237 375
22 237
22 175
65 237
108 184
145 303
303 367
58 339
345 394
58 105
58 104
43 349
281 394
119 330
110 303
104 119
43 51
43 260
359 394
5 310
270 351
265 316
201 225
225 251
100 225
177 287
52 348
71 280
146 280
120 252
6 252
106 165
5 95
103 140
244 280
103 105
96 103
95 316
95 290
94 95
52 253
52 63
52 210
165 372
64 165
23 336
23 261
209 252
23 164
208 280
139 314
203 273
48 207
315 387
278 315
173 348
207 286
84 315
101 173
207 271
16 173
2 173
207 213
109 198
158 341
45 93
93 304
271 341
93 255
93 246
329 381
208 381
220 381
147 381
235 341
335 347
228 320
56 247
181 219
13 160
8 200
70 137
309 322
264 359
1 136
126 322
126 228
126 256
188 217
114 289
80 192
3 361
62 99
88 334
3 254
88 130
62 302
62 156
44 132
192 376
192 299
24 331
14 331
171 262
10 262
152 331
151 328
151 203
151 186
33 88
132 154
132 138
262 295
3 365
216 380
355 380
321 377
283 377
91 377
40 396
40 73
32 40
34 215
83 276
324 356
134 373
141 392
143 148
55 125
83 332
83 298
134 296
144 388
31 340
148 185
148 370
134 366
31 222
133 392
53 240
131 169
36 167
37 125
125 400
122 356
118 240
116 285
112 356
111 371
107 169
42 167
31 211
4 98
4 157
60 153
4 379
59 363
257 306
59 313
257 259
240 307
233 257
59 75
224 388
11 371
353 388
153 308
153 342
161 371
78 285
346 354
20 392
25 285
346 391
346 383
169 199
167 362
86 289
70 86
15 121
15 255
15 337
13 61
61 176
35 69
69 277
156 326
49 67
49 344
29 79
29 170
29 250
49 318
56 312
26 230
174 368
174 297
174 270
72 229
172 217
74 239
76 191
77 191
57 195
162 242
54 236
139 350
159 202
47 54
87 187
135 201
135 293
135 384
85 397
30 284
150 195
149 239
85 325
206 290
277 284
269 274
63 85
244 274
243 350
65 242
9 66
9 204
230 301
229 258
9 245
219 350
17 202
206 374
21 349
205 206
202 294
196 274
195 389
193 382
193 333
19 300
21 90
21 291
182 319
182 200
182 190
180 230
179 284
123 288
312 367
312 390
35 187
39 352
50 292
124 343
124 287
41 127
124 266
108 191
38 50
102 129
123 275
123 197
102 227
39 168
102 241
117 300
39 327
127 223
128 172
89 172
294 358
323 343
14 323
249 317
66 267
90 267
82 97
82 249
216 395
295 395
165 338
58 249
183 238
175 265
183 386
119 310
95 155
155 252
238 303
338 369
279 341
272 378
12 338
338 360
43 177
81 183
155 341
183 232
82 163
305 351
119 315
317 385
114 248
137 237
82 264
3 272
58 181
23 109
160 310
142 394
194 317
52 369
225 264
68 265
232 399
225 234
93 268
282 381
113 155
192 249
97 393
28 360
92 178
163 188
151 265
262 386
282 378
132 214
88 214
311 326
317 358
7 279
242 311
178 234
40 386
240 351
148 265
310 346
257 351
169 310
46 214
207 357
280 398
62 268
18 103
34 273
68 189
27 252
229 314
8 371
81 239
83 264
127 247
385 388
309 364
114 300
153 189
4 189
50 194
167 357
113 115
189 193
356 398
18 125
59 115
7 134
27 285
31 364
364 392
