11.724594
97355
29
380
151184
17 35
53 77
19 99
109 118
26 58
93 94
36 52
22 65
47 88
22 89
16 44
16 52
16 96
3 22
72 89
83 120
14 104
20 75
10 128
29 75
17 61
10 107
10 85
75 77
61 78
61 86
61 107
23 80
4 27
28 56
1 28
28 70
28 136
110 115
6 41
9 90
66 104
46 66
5 55
5 58
5 120
37 48
57 97
8 57
57 91
15 86
15 133
42 50
35 69
2 130
69 99
130 132
33 69
6 130
54 62
12 32
39 45
12 131
43 54
30 54
12 137
13 25
45 103
45 116
49 98
25 127
25 108
24 126
18 98
126 139
125 126
98 124
36 38
7 136
7 117
21 31
31 51
31 118
109 129
123 129
67 129
4 87
50 87
22 113
36 135
11 26
11 122
92 134
3 134
40 47
53 73
63 76
63 110
64 82
64 84
64 90
68 74
73 81
40 140
40 114
34 73
74 79
93 100
37 121
100 105
101 121
106 121
19 63
16 88
36 48
16 75
36 69
36 130
113 115
88 111
36 129
61 95
10 71
112 117
80 112
14 75
23 83
59 135
27 59
57 71
95 138
88 126
88 98
28 41
22 60
72 74
102 111
9 138
9 45
42 119
25 60
12 119
54 119
100 102
