32.156420
18528
96
25024
41559
207 231
85 423
309 485
22 433
284 487
283 343
98 420
271 379
253 276
252 257
26 463
234 275
225 354
64 223
235 291
198 302
113 439
184 378
183 435
173 492
123 313
125 464
171 460
159 400
131 488
46 382
53 334
74 278
295 393
265 477
88 409
315 333
163 244
48 373
84 355
89 450
204 312
7 318
105 122
330 401
60 391
33 139
139 494
139 390
339 392
142 359
90 142
142 489
82 115
75 294
247 325
414 431
39 146
119 127
70 75
304 325
163 431
318 431
127 190
430 472
50 432
152 329
139 209
220 324
30 96
30 358
30 117
4 395
4 261
4 57
79 412
235 412
323 341
341 424
49 341
278 341
275 412
59 170
280 396
195 201
86 498
210 418
142 422
230 427
128 322
322 459
322 378
307 322
427 439
338 427
114 322
399 427
100 339
100 236
100 333
100 159
3 179
126 213
213 285
175 213
213 286
206 487
50 206
145 448
145 283
241 361
308 380
121 380
380 418
147 380
97 121
39 150
29 73
73 477
73 254
73 495
38 248
248 407
243 294
139 203
10 313
480 499
467 499
120 484
12 68
10 297
10 218
299 437
92 120
69 281
68 287
68 271
252 437
234 281
98 499
207 281
193 437
120 373
231 351
78 351
11 351
193 449
182 386
196 445
31 386
229 386
19 384
19 319
19 225
316 386
319 445
386 491
387 445
395 445
229 264
324 415
390 415
149 415
153 208
112 250
450 466
129 466
172 223
172 258
354 466
172 272
172 276
185 428
292 473
185 479
292 314
115 292
20 185
94 259
94 306
23 326
112 421
64 326
218 326
94 336
112 444
191 192
100 265
101 427
212 331
77 212
453 454
401 481
481 491
164 453
107 453
375 438
332 438
212 349
187 358
187 496
187 458
291 438
55 237
6 481
55 131
55 130
38 453
44 116
74 438
44 419
14 55
44 465
18 187
118 402
99 357
16 430
16 300
52 325
52 472
160 224
224 255
224 327
224 413
54 384
30 315
40 75
290 410
76 266
143 266
266 348
24 345
53 397
140 353
346 406
23 140
379 397
24 180
24 258
41 406
173 397
267 342
90 267
36 140
123 406
245 267
382 426
426 441
280 388
352 388
110 325
75 84
210 371
156 380
7 139
89 142
4 416
191 206
178 381
190 381
99 303
303 355
145 364
326 422
174 392
122 277
277 497
268 423
268 374
155 240
240 320
31 350
393 466
158 171
158 198
394 431
103 200
144 476
228 399
197 455
197 274
63 106
35 370
113 476
344 476
106 175
106 133
157 366
35 186
366 409
102 228
156 249
91 364
152 169
208 446
54 209
75 368
103 292
368 432
145 416
152 446
150 481
48 73
191 248
152 241
203 249
97 361
227 244
325 330
22 490
320 490
30 368
65 100
204 412
28 499
281 364
65 417
88 449
28 386
40 227
153 264
19 270
87 260
129 199
119 216
8 219
66 219
216 420
201 219
199 262
108 216
39 60
91 282
39 87
185 364
263 433
262 263
118 213
212 364
55 364
145 402
105 145
101 138
93 500
46 301
251 301
95 256
236 403
104 403
403 459
224 270
42 253
42 363
82 142
33 109
109 468
260 457
169 437
222 335
56 288
246 471
161 288
134 154
135 211
135 436
135 470
226 288
362 471
222 452
13 279
217 435
217 365
154 434
154 404
21 217
148 471
13 443
13 305
194 222
205 295
205 239
32 387
32 309
478 488
360 478
102 377
311 347
6 347
152 337
181 460
9 181
214 302
181 334
26 214
125 214
137 485
137 456
251 310
107 310
316 398
81 398
58 255
72 461
58 289
83 221
124 482
126 232
232 483
232 328
132 167
141 482
67 405
47 429
111 493
2 188
468 493
442 475
62 475
61 372
400 451
80 179
385 447
80 293
80 474
367 447
323 405
86 269
15 269
321 429
317 369
308 447
307 317
298 451
1 162
83 296
58 464
83 463
269 389
85 451
188 492
176 405
72 168
37 45
72 202
71 493
37 136
162 242
76 482
189 317
162 257
43 61
167 391
167 238
37 375
146 215
215 462
34 170
34 408
51 441
51 168
273 290
27 273
273 486
28 138
3 142
5 185
82 340
4 356
5 197
195 425
192 233
110 219
25 449
44 127
166 396
112 220
415 498
25 177
266 337
59 466
93 394
233 440
94 356
282 429
151 322
410 425
39 469
35 243
35 166
17 412
165 341
376 425
440 475
177 411
151 288
138 383
154 350
13 17
222 411
469 471
217 376
95 377
135 383
61 165
