15.497272
7044
39
2062
119437
71 149
32 43
90 175
127 141
137 151
2 36
48 100
39 179
24 179
1 48
48 81
105 179
15 100
126 148
32 148
50 164
50 157
86 155
155 172
155 178
87 113
30 66
110 113
61 73
66 85
66 117
66 122
67 89
73 112
73 104
69 139
89 108
89 151
54 132
118 139
36 73
8 113
127 132
38 113
132 136
139 160
111 176
52 98
46 98
49 123
25 70
23 70
70 140
20 98
123 161
123 159
98 129
87 123
40 125
40 90
40 59
83 169
77 142
109 125
2 147
10 150
63 178
34 150
5 63
137 170
130 168
79 134
29 79
79 174
18 37
163 180
60 116
65 120
116 165
51 163
116 156
68 143
53 143
93 163
28 62
27 65
41 143
9 133
19 65
4 28
9 94
7 28
9 92
75 166
25 78
12 42
8 42
77 173
21 171
80 177
16 17
96 114
74 107
114 131
22 43
22 102
22 153
64 101
97 152
107 112
13 173
17 111
114 141
11 17
119 124
124 175
5 152
3 167
149 177
152 169
3 146
162 173
3 35
29 124
57 130
56 107
57 144
57 158
58 171
30 64
52 177
33 44
33 138
64 71
48 179
48 155
89 179
48 128
15 139
11 26
14 37
14 35
82 162
46 82
26 174
50 132
76 89
15 91
15 72
6 103
45 50
31 148
83 148
47 98
91 113
109 139
66 109
72 132
6 142
76 135
128 145
99 148
103 150
70 95
73 99
154 155
18 176
40 95
15 88
84 145
106 109
55 135
147 168
28 109
55 65
70 121
106 115
75 79
154 163
115 116
121 143
9 121
78 171
33 88
