48.429248
3
118
6093
51481
64 440
363 441
182 224
258 323
318 450
358 431
22 401
61 377
105 160
304 345
263 381
241 385
264 330
50 195
220 233
118 340
37 248
152 288
80 256
49 168
1 41
287 332
86 308
136 308
308 408
308 362
85 338
76 394
18 348
217 441
332 369
45 217
182 369
217 254
190 355
340 437
36 355
410 437
70 149
70 151
70 216
70 391
71 217
74 78
364 437
170 369
355 389
109 355
78 301
78 422
122 369
114 155
114 193
114 311
114 344
216 357
37 357
94 398
286 333
214 426
39 357
47 430
92 150
90 164
84 357
47 87
47 169
47 330
305 398
54 150
60 150
260 426
66 150
67 293
67 449
116 403
5 67
24 67
116 195
164 207
26 55
164 288
26 69
26 352
26 438
192 223
192 363
116 231
192 407
303 313
192 446
109 398
196 426
130 426
398 449
13 351
20 351
130 228
351 430
115 423
158 346
158 400
158 368
158 261
33 76
33 300
140 380
386 433
244 324
157 380
345 433
79 218
103 324
175 433
23 380
311 324
211 374
154 385
154 373
1 390
220 374
224 343
166 218
160 419
129 282
166 186
259 343
334 425
282 317
282 358
343 368
19 53
19 124
19 152
374 427
21 148
21 245
50 334
21 273
54 419
28 118
28 241
28 381
68 334
64 154
62 166
390 436
29 419
61 390
227 376
49 376
40 66
264 361
18 399
149 399
6 361
143 361
137 399
194 247
191 442
125 289
191 243
123 270
121 444
185 232
120 185
179 222
156 180
117 405
181 268
297 356
336 378
310 375
113 249
113 262
327 354
32 38
138 295
416 424
156 359
153 354
387 434
387 402
7 144
146 415
146 367
145 247
8 58
142 290
8 276
163 185
8 335
379 424
125 360
375 418
135 146
10 424
356 377
172 230
173 174
173 347
131 272
354 445
16 144
128 387
173 384
17 444
178 405
126 290
82 91
255 378
51 378
250 270
247 325
246 329
246 298
80 125
269 290
268 307
82 159
82 237
272 321
274 319
239 444
233 246
230 443
57 191
65 413
65 411
65 221
63 274
72 144
73 188
73 316
73 350
32 412
56 156
257 382
257 284
77 95
77 107
77 134
257 281
43 272
209 375
34 270
206 268
98 450
204 356
98 349
201 370
98 234
97 405
96 113
201 292
42 295
44 108
44 312
44 432
222 314
222 392
201 278
198 274
295 414
230 421
32 83
115 294
293 294
275 294
328 440
208 383
212 238
280 396
203 417
267 328
285 431
285 322
238 315
238 248
409 417
225 280
197 258
417 438
177 197
100 428
9 14
88 397
59 208
52 197
14 196
99 102
46 326
46 313
14 435
2 266
15 328
46 302
41 100
35 104
102 256
31 88
104 141
102 277
2 372
140 285
4 100
86 208
88 170
2 393
15 30
199 407
167 187
162 213
187 279
81 119
161 338
161 323
101 106
199 291
199 365
111 133
101 165
101 318
22 119
105 213
202 406
202 299
139 401
133 287
168 213
133 304
74 215
71 161
48 139
12 187
215 420
139 263
215 306
119 240
308 348
189 253
245 371
204 371
369 394
27 68
12 27
236 266
236 284
303 394
353 366
366 433
116 437
226 404
158 348
89 226
78 395
26 333
164 333
366 390
228 333
217 423
361 366
164 388
25 357
25 67
33 114
339 447
339 404
341 348
85 334
144 366
394 419
226 257
112 398
85 271
171 351
113 394
85 125
85 290
296 374
127 303
40 78
271 296
14 226
208 226
93 184
176 395
235 437
228 265
184 356
242 309
200 303
337 339
110 114
127 309
79 176
229 339
11 355
79 219
19 251
303 429
320 339
342 426
3 116
192 205
75 351
112 439
147 242
89 283
171 202
79 132
342 380
210 265
210 354
268 283
44 200
200 272
200 270
98 235
252 341
28 448
183 282
147 247
147 191
166 331
110 185
65 429
8 337
229 405
11 156
11 230
252 295
77 252
183 375
183 387
82 448
205 444
205 274
3 32
201 229
3 424
146 448
73 331
75 222
173 320
320 378
147 280
104 439
189 333
