15.091201
9503
53
9169
38622
32 131
107 227
36 63
91 291
209 232
6 15
72 138
100 255
52 243
40 300
205 282
190 212
1 154
188 249
276 283
27 185
27 218
99 125
110 177
110 200
110 247
27 50
177 183
230 236
67 217
212 217
86 217
62 217
98 189
179 284
233 272
105 141
11 141
62 70
44 70
2 70
140 254
33 294
53 294
253 266
218 253
8 253
204 215
50 70
148 279
74 273
27 255
142 216
4 130
142 158
24 193
124 193
123 142
4 238
4 209
5 193
142 297
43 193
4 147
111 155
103 175
190 243
48 271
58 139
168 257
91 201
13 201
139 201
201 226
55 240
55 231
56 68
35 44
89 131
89 125
153 165
252 264
27 113
115 208
208 260
159 194
27 205
118 136
71 118
88 275
88 116
13 182
38 182
78 182
133 238
133 143
34 277
34 227
6 88
34 165
133 254
17 46
74 184
30 90
17 28
30 184
90 106
90 282
17 240
47 173
37 216
37 163
267 279
37 101
37 93
72 267
27 73
49 178
9 96
178 252
178 258
31 96
96 128
178 228
25 287
25 265
25 242
46 144
144 276
15 299
233 299
185 290
231 290
110 283
197 298
80 268
172 280
1 268
60 291
60 126
119 170
119 213
48 70
27 194
45 260
76 187
76 245
92 270
92 226
77 92
225 295
45 230
176 295
45 225
120 284
22 122
7 251
7 152
22 110
206 250
4 222
192 196
73 140
19 69
82 128
103 296
54 249
54 127
5 296
215 296
66 217
81 211
48 142
32 293
200 293
138 295
117 263
9 174
135 174
117 142
182 195
191 244
95 164
42 253
118 248
94 149
68 129
59 114
146 199
39 219
239 286
20 241
129 214
129 171
39 61
137 149
36 114
168 241
43 199
223 286
102 269
3 149
64 292
64 224
241 281
83 134
83 262
29 199
47 64
85 102
86 114
26 242
26 213
75 93
75 189
193 244
235 236
89 120
70 141
132 202
195 290
10 66
121 181
21 288
207 288
109 288
121 234
162 169
162 285
84 162
121 220
97 253
167 222
12 275
12 112
96 248
104 151
41 203
65 289
16 246
63 203
25 164
123 161
18 161
132 259
150 173
99 264
40 160
160 179
160 280
110 153
23 70
52 79
79 112
79 111
95 156
194 210
202 273
204 235
133 156
191 259
14 278
278 298
57 150
81 174
154 167
263 294
88 188
166 274
107 166
157 166
3 198
101 198
229 258
229 261
175 186
133 256
97 221
186 257
10 180
196 299
159 174
145 201
57 183
197 256
56 58
87 113
76 194
132 250
108 202
65 154
145 34
19 192
16 122
110 237
83 180
204 286
39 148
104 155
51 108
82 121
87 102
51 162
237 288
