13.247788
30246
34
1904
83265
92 107
3 57
16 21
60 97
71 139
74 146
100 117
41 64
41 152
41 157
98 145
113 145
82 145
131 145
131 155
23 126
23 138
23 106
47 120
124 130
31 60
84 89
25 156
5 127
25 31
96 127
63 89
22 124
36 46
31 137
35 89
31 122
99 127
46 135
134 156
46 100
46 64
11 97
89 157
49 124
54 156
11 51
11 83
127 139
37 133
104 134
85 150
29 39
36 39
39 61
39 75
14 79
79 136
79 86
77 79
45 67
5 148
88 108
81 118
81 92
125 153
67 125
14 20
20 42
28 59
78 102
69 85
69 93
69 103
16 59
27 59
6 13
6 109
10 159
10 99
101 102
6 70
102 146
10 116
3 24
24 108
15 90
80 142
38 142
18 128
43 119
21 128
9 90
72 128
43 112
90 154
142 151
43 91
19 71
19 53
86 147
56 147
73 158
1 123
47 123
105 160
2 105
57 129
58 94
55 140
12 62
65 144
66 129
4 129
68 74
68 117
68 143
7 114
2 7
140 160
32 144
17 111
17 95
17 37
40 94
82 144
12 107
12 48
140 152
7 115
41 149
13 30
30 78
33 110
26 41
89 110
26 145
132 155
52 141
149 156
33 76
124 155
127 132
23 121
141 145
52 125
44 104
11 23
31 87
34 87
41 88
34 50
81 155
59 155
8 44
79 148
88 120
81 133
69 121
44 142
44 158
90 150
44 94
43 45
