2.222194
65164
10
46587
113674
33 96
19 94
9 42
7 82
4 14
1 24
40 77
12 25
46 67
35 75
62 76
36 97
87 98
51 72
49 58
49 71
17 97
50 92
17 84
34 85
26 61
26 64
79 85
14 79
79 94
6 68
6 53
6 80
6 27
23 58
76 99
60 99
52 69
8 80
8 41
8 25
48 53
42 48
56 68
10 56
3 100
46 70
10 70
44 49
37 40
37 82
21 30
21 95
43 49
21 89
34 71
32 45
24 88
66 88
19 54
38 49
21 28
49 86
32 77
65 81
49 98
7 44
20 54
21 38
18 81
22 55
5 89
65 67
20 36
49 92
18 73
86 100
11 83
9 13
4 29
29 73
77 90
43 93
55 98
12 57
11 51
28 83
35 57
62 90
39 63
39 72
16 78
2 59
33 74
31 74
15 74
23 26
47 91
47 96
1 92
21 52
21 78
59 95
22 74
