22.233420
19791
62
114
35833
1 41
224 231
174 201
169 266
16 251
163 222
46 92
152 165
175 205
120 295
117 239
20 89
240 275
4 217
6 21
280 292
29 162
83 110
80 244
111 212
8 181
131 181
30 181
181 221
74 181
181 289
181 300
76 133
18 258
126 258
222 258
102 108
145 191
32 90
32 54
6 32
19 115
34 203
34 124
46 235
27 75
156 196
57 65
122 156
65 223
67 210
71 156
75 279
105 235
78 235
78 262
87 149
87 211
87 246
97 134
210 283
218 262
232 290
21 97
232 268
14 40
12 75
14 111
213 235
262 287
14 115
4 75
232 263
3 232
15 64
15 127
224 262
26 97
15 281
199 210
17 147
73 113
73 152
73 154
259 269
84 269
92 269
197 269
74 178
34 72
70 161
30 161
2 161
191 194
94 142
24 106
82 182
209 280
124 209
14 288
248 273
137 258
150 288
83 93
35 93
91 125
76 91
91 218
93 168
176 269
213 294
61 294
65 191
243 276
36 109
36 43
171 239
36 128
175 243
59 271
59 208
148 171
171 238
16 59
45 80
45 167
45 249
38 243
73 191
79 107
150 191
34 155
191 204
97 155
158 188
188 270
39 202
81 95
250 255
95 136
62 250
22 39
119 267
119 206
119 160
89 95
112 250
139 272
39 86
139 257
139 198
55 187
55 180
55 146
176 182
32 145
12 247
7 247
59 72
43 234
234 286
144 151
110 193
200 231
118 200
170 296
193 275
133 228
97 244
137 204
107 228
53 163
53 120
53 174
73 79
85 253
131 253
256 299
17 256
159 201
143 195
159 177
295 298
162 236
96 114
158 261
284 285
164 261
99 225
172 220
179 260
129 251
129 252
129 270
230 236
135 214
116 240
116 207
114 229
233 260
99 287
141 169
141 278
104 116
219 285
183 220
153 264
100 153
153 266
41 44
20 214
66 190
63 289
63 117
63 102
61 236
58 293
58 286
58 140
33 50
35 195
37 60
37 227
1 214
42 52
52 279
52 165
44 121
44 282
51 66
50 203
49 189
49 185
47 205
49 166
47 226
47 265
66 217
9 298
77 292
77 263
88 159
13 216
5 285
7 195
69 99
77 192
13 297
13 221
191 242
79 106
19 130
32 108
10 291
235 241
130 186
194 274
56 232
114 191
161 173
262 291
32 138
88 184
184 219
123 252
123 166
28 248
173 248
156 215
181 254
65 87
156 210
245 258
14 147
23 258
11 94
11 31
138 210
10 157
56 98
103 242
56 243
95 103
25 142
15 23
25 277
28 132
241 260
68 98
36 215
182 237
119 147
157 277
87 101
141 274
48 171
55 277
139 245
68 220
37 178
48 151
170 237
250 254
39 101
