6.643337
42164
19
1985
101525
10 134
103 104
42 91
74 129
60 75
39 77
87 111
93 127
20 65
8 59
23 59
28 59
59 122
56 59
59 107
59 90
59 132
30 52
78 140
34 36
61 135
61 122
76 101
1 27
25 105
21 60
21 69
79 84
46 84
21 104
16 58
20 84
75 84
70 123
11 123
77 123
62 84
44 123
20 123
3 15
3 138
3 119
3 46
21 132
97 105
6 72
6 86
6 115
3 82
59 127
6 116
62 128
6 82
35 78
12 89
12 107
38 90
25 95
40 133
109 133
94 133
3 68
57 98
30 35
49 133
31 69
83 116
82 95
92 123
51 113
9 33
31 49
7 120
89 108
66 139
55 108
66 80
36 66
7 16
73 83
50 101
38 120
97 113
18 85
18 29
18 110
18 20
9 140
99 103
52 99
5 54
6 111
53 74
53 102
92 98
2 8
2 22
23 48
48 130
10 48
5 71
67 85
67 118
26 112
26 42
124 134
19 124
125 136
63 136
93 136
96 121
129 137
56 121
15 137
47 121
71 137
27 37
91 114
81 114
1 114
32 33
32 45
17 43
43 131
43 88
126 128
68 114
13 41
13 117
14 100
54 100
24 100
66 126
37 50
4 76
64 106
13 34
4 43
64 133
