19.281714
19758
53
9613
44343
85 227
123 158
56 129
140 164
111 121
159 187
92 125
237 247
35 53
23 172
95 145
42 153
87 219
53 145
145 164
133 153
84 153
68 145
70 143
126 143
118 143
38 198
38 80
38 56
66 223
114 214
114 178
114 151
113 148
157 176
30 176
240 246
239 240
202 240
158 240
12 62
64 166
173 225
119 163
19 127
52 127
2 185
111 131
37 58
222 238
175 222
154 185
55 58
131 165
58 72
58 124
66 222
123 230
1 230
7 131
21 230
4 230
197 239
22 99
49 112
49 207
32 236
32 186
13 49
5 32
14 49
18 135
83 86
86 179
61 218
11 212
11 198
116 138
11 36
89 218
67 200
57 213
136 224
28 82
21 248
67 107
64 250
107 159
149 195
107 201
71 93
149 224
106 232
10 12
105 205
57 149
22 104
54 141
100 104
104 231
85 248
13 250
25 184
96 221
110 232
116 211
119 122
121 205
10 182
10 180
73 140
18 188
81 122
129 221
93 247
78 93
137 141
141 225
73 148
41 156
177 250
46 50
31 115
33 73
211 235
211 233
42 188
35 122
221 245
41 134
24 34
199 248
41 77
40 228
40 109
39 205
46 187
3 34
31 60
46 209
227 232
28 34
25 147
47 94
47 160
29 188
47 172
74 242
63 220
75 130
174 217
9 204
174 215
6 220
130 191
206 216
17 174
74 190
74 97
206 243
169 206
15 20
220 249
20 44
20 142
65 130
9 102
36 152
137 152
27 51
128 202
171 181
8 234
182 244
68 171
128 183
72 244
156 241
23 87
16 168
37 168
69 162
19 210
92 210
170 237
45 170
23 59
23 222
87 88
87 167
143 153
38 143
23 138
91 153
26 179
26 236
178 226
226 233
48 88
38 196
38 101
143 144
23 205
23 141
91 189
79 240
114 161
98 167
48 103
103 192
166 176
194 203
131 229
163 176
108 196
58 59
135 194
145 218
62 230
87 200
120 240
173 185
87 213
98 113
76 103
155 176
79 132
32 161
127 203
32 139
185 208
99 155
138 150
117 185
120 193
82 222
93 150
31 150
90 145
27 223
144 146
25 139
8 59
9 189
108 162
74 208
40 117
130 193
43 146
136 241
43 174
20 43
9 220
90 206
