12.592245
84020
40
2153
103877
63 188
144 180
106 125
34 92
25 111
155 198
5 80
174 175
70 174
130 174
21 174
27 183
50 164
69 144
69 115
26 69
48 166
10 42
99 150
68 142
2 97
66 126
41 105
66 101
66 67
64 91
32 91
49 180
49 148
49 125
37 91
105 163
103 127
103 129
12 103
82 105
42 167
4 167
56 167
54 86
84 86
29 86
11 86
128 134
108 179
128 193
36 94
34 89
5 94
139 179
175 179
128 170
85 89
87 179
89 110
94 159
90 94
53 93
53 119
53 143
89 168
53 149
6 145
6 177
6 124
47 119
59 195
160 183
112 160
127 160
9 160
104 188
88 155
46 88
35 184
40 140
35 98
25 140
4 140
106 194
7 194
152 186
182 186
43 193
43 81
30 67
30 114
30 130
84 158
158 200
40 158
3 16
51 132
51 96
51 65
76 166
76 146
76 114
98 141
141 165
102 176
102 157
45 102
178 198
178 190
44 161
7 161
151 173
99 173
169 174
1 164
18 196
196 199
60 78
16 60
69 71
142 171
123 135
61 191
61 136
117 162
80 131
18 57
90 133
77 111
62 162
15 154
171 187
135 189
131 199
8 109
77 93
135 195
92 109
139 185
133 156
57 137
57 138
44 77
153 185
2 133
121 171
109 152
110 154
39 154
38 75
50 131
38 52
113 185
28 55
19 165
19 147
19 37
55 116
82 120
120 156
1 10
79 118
14 20
167 192
174 197
105 172
31 181
122 192
122 181
13 91
83 172
69 72
107 184
107 151
48 49
48 103
83 118
23 69
13 53
43 174
14 79
17 128
20 88
22 66
100 150
73 190
73 132
33 100
24 71
6 103
3 27
22 58
58 68
31 59
86 104
1 61
48 154
33 162
74 105
24 95
23 55
95 102
38 74
