29.297125
41231
82
48878
52764
270 279
304 374
37 303
297 362
115 296
292 299
330 343
240 370
16 166
133 210
109 236
17 116
136 344
176 367
281 375
25 54
198 337
95 204
96 342
31 150
81 345
5 257
5 300
5 329
5 335
5 162
189 389
189 325
24 189
63 189
20 385
308 313
15 118
43 308
376 393
170 376
218 325
90 275
70 149
70 288
70 179
70 205
70 321
219 290
189 209
238 307
238 320
198 238
206 396
30 206
150 206
255 262
318 352
91 312
48 312
237 312
92 219
40 92
92 370
42 113
60 267
45 360
343 360
294 360
170 358
106 174
3 391
3 183
3 172
106 337
98 106
106 276
15 349
79 310
13 274
274 357
35 151
242 260
168 244
15 31
15 56
50 314
224 357
224 369
9 20
235 284
9 38
9 187
37 152
211 284
115 152
25 284
152 269
95 314
74 350
74 259
16 314
194 399
355 378
157 376
30 104
130 173
130 339
58 256
94 130
109 256
104 158
96 130
104 254
104 267
104 281
201 256
345 376
72 189
221 234
203 227
147 341
53 113
178 236
178 245
53 154
53 222
147 159
147 176
57 147
178 339
175 227
265 394
265 302
265 282
87 123
18 234
86 227
168 388
65 178
13 388
111 388
330 388
174 227
123 132
123 310
125 234
65 291
322 377
166 322
120 180
180 298
4 180
275 366
209 224
33 175
33 133
33 89
103 110
94 250
250 329
148 190
148 262
18 73
287 309
287 320
73 137
73 270
235 287
7 287
73 348
238 366
284 349
299 305
144 278
254 261
117 261
71 328
90 213
100 386
80 101
135 212
160 386
17 328
26 101
10 47
38 46
213 362
46 220
46 268
213 279
47 149
47 295
212 318
49 101
208 212
1 386
171 216
171 199
169 328
376 385
106 142
69 193
52 157
2 255
196 273
273 396
116 273
3 185
163 315
276 315
352 399
15 319
42 44
56 224
35 130
266 380
2 106
103 148
151 312
12 289
12 146
6 247
36 384
381 384
247 400
242 247
160 186
136 384
186 280
163 186
11 378
11 200
191 194
69 227
60 392
238 376
189 359
3 44
263 336
104 380
5 21
126 243
112 338
112 365
112 371
114 129
82 372
64 372
138 356
62 372
76 324
77 108
134 356
126 207
184 231
126 311
77 122
197 228
39 272
197 239
197 346
57 129
129 165
77 306
214 324
192 333
293 356
14 231
143 324
326 333
188 231
85 272
155 333
272 286
27 297
27 257
68 230
68 205
139 347
29 34
89 347
29 210
53 142
32 124
124 390
119 191
305 342
99 225
99 303
70 92
19 246
204 246
22 63
22 153
70 258
123 185
119 193
182 232
59 111
59 277
177 398
59 323
61 118
61 202
61 304
66 383
164 232
161 252
32 83
28 271
379 383
375 383
354 390
353 354
340 397
316 354
278 340
271 373
264 363
264 283
54 93
253 340
252 296
249 361
249 313
382 395
240 252
223 389
223 332
223 285
43 398
83 215
141 374
93 368
141 241
140 249
93 181
105 398
88 393
88 364
88 226
107 141
83 292
121 382
80 317
317 327
97 127
127 367
127 233
84 331
327 331
344 387
351 387
78 387
67 331
244 308
189 355
52 290
41 167
21 229
217 258
144 334
212 334
263 359
9 195
74 195
75 392
171 336
46 301
251 260
41 229
72 247
102 319
131 238
128 360
274 314
152 156
8 15
156 265
12 167
23 110
5 55
308 372
129 308
264 301
79 101
74 180
232 308
358 384
126 358
51 92
145 217
128 231
131 272
75 112
178 248
271 291
8 382
55 333
145 197
51 324
77 248
248 356
