24.314434
8786
64
15602
39945
39 288
47 101
57 68
103 112
116 273
133 196
199 274
207 279
20 176
125 176
11 176
42 56
209 268
229 268
148 186
232 268
223 229
144 223
188 223
105 223
117 152
117 161
117 250
141 160
17 160
160 259
48 160
125 160
225 293
168 253
78 180
43 180
142 180
31 93
8 15
8 136
18 63
114 201
147 213
213 221
211 213
71 163
66 104
28 104
159 164
159 214
45 163
73 74
112 132
128 192
128 272
132 209
132 181
128 273
172 286
70 167
256 267
208 247
42 131
200 243
226 243
252 274
252 265
57 210
158 208
137 252
241 252
240 267
2 267
75 86
77 210
131 291
85 131
86 166
86 187
99 210
5 167
29 243
4 208
7 167
6 142
35 284
7 237
73 84
130 170
217 248
3 120
270 299
156 299
17 299
176 268
203 251
9 264
251 264
177 278
48 82
44 296
82 151
133 296
115 123
135 292
64 219
24 230
24 140
134 222
67 222
90 246
106 219
30 294
118 263
19 190
239 263
21 224
30 119
30 41
129 261
184 224
13 246
190 258
10 261
202 224
222 254
219 231
121 261
138 283
101 138
38 190
16 54
16 32
155 292
263 277
153 249
46 246
51 138
249 271
25 249
24 280
92 95
92 183
1 292
16 109
92 195
124 199
59 124
55 288
55 168
76 270
53 76
20 236
96 236
111 242
206 276
108 170
108 114
72 295
102 143
88 143
89 151
100 298
89 212
100 269
100 154
116 178
97 186
97 98
149 255
293 295
36 227
36 256
286 295
39 150
40 69
40 152
40 197
35 108
33 196
150 238
33 173
150 207
52 276
122 126
53 126
262 276
149 179
3 97
178 248
178 289
63 80
65 80
68 149
80 235
36 49
126 233
12 89
171 241
171 260
79 103
22 79
61 297
146 297
83 228
204 282
157 282
83 93
26 50
81 83
26 107
26 279
47 282
176 281
176 218
176 237
191 275
8 148
137 215
85 215
91 139
174 243
174 284
162 298
59 162
148 234
217 268
160 243
50 198
52 300
111 300
189 193
41 198
58 117
84 139
6 253
8 145
169 180
18 191
37 180
94 159
120 174
174 182
159 213
213 245
23 180
163 218
18 131
87 163
104 175
131 201
117 299
30 275
14 245
113 191
145 194
14 74
104 113
56 242
37 213
127 191
165 172
94 257
132 287
91 244
191 285
60 223
58 267
128 266
34 86
138 148
205 220
268 290
210 266
165 216
174 261
194 205
62 225
23 216
31 62
27 86
220 264
18 92
110 163
60 208
24 91
190 245
145 222
145 224
16 91
219 245
34 203
123 169
287 292
185 208
33 87
175 297
182 249
110 263
27 143
246 290
177 185
193 201
