8.396045
95624
22
14654
105897
12 36
34 129
36 37
85 95
44 121
76 130
16 127
9 79
3 135
26 60
39 97
39 89
28 83
32 83
39 64
12 83
83 111
48 61
16 101
79 101
73 101
37 101
10 125
100 105
6 92
46 92
92 133
44 92
92 94
3 39
22 59
47 137
38 59
5 59
82 120
25 57
94 139
97 109
98 109
27 62
27 42
138 139
18 27
2 74
2 90
75 139
27 121
23 109
81 139
83 136
101 105
14 28
106 115
77 133
77 110
107 115
77 84
50 77
70 115
10 59
14 135
35 108
8 108
7 40
7 26
7 11
49 119
122 134
1 65
63 75
63 99
103 119
34 103
68 127
52 68
82 104
41 89
41 86
15 41
104 131
104 118
39 59
77 122
125 134
2 140
92 102
9 49
4 30
4 91
48 59
43 56
43 130
18 43
25 38
2 5
108 140
7 22
51 101
29 112
58 124
58 123
88 112
20 58
13 112
73 93
93 128
1 113
76 113
114 116
17 67
17 129
21 50
53 72
21 45
128 132
71 132
102 115
19 78
57 78
24 31
24 71
24 95
61 96
33 66
33 80
33 85
45 69
69 126
69 137
54 96
55 96
100 120
60 72
83 87
51 117
47 114
58 65
87 39
112 117
