7.249137
165572
19
183
214986
32 44
35 49
62 83
11 43
11 78
8 61
1 71
7 71
39 66
71 94
66 73
66 90
66 91
17 87
46 59
22 29
22 41
22 61
53 82
20 82
79 82
12 85
12 84
12 35
12 34
15 27
23 25
23 67
62 89
43 89
87 89
2 54
2 94
18 38
38 69
38 57
45 91
40 45
30 75
5 31
5 37
51 60
51 77
16 30
30 88
14 51
13 33
5 42
33 55
33 47
68 99
36 85
10 76
74 86
26 36
7 86
6 11
8 71
44 98
4 58
46 80
49 52
50 58
1 58
52 90
52 97
63 98
65 81
70 98
72 83
78 80
80 96
32 65
15 65
21 72
24 72
11 19
66 92
6 92
17 100
56 93
3 18
3 25
28 69
28 41
27 93
59 82
19 64
48 71
22 56
11 38
48 95
11 33
11 68
10 95
5 92
30 92
9 64
9 51
