2.880342
24541
13
1835
111856
18 99
30 85
22 48
24 48
36 65
41 60
44 75
23 67
12 87
6 84
34 68
32 59
16 23
3 38
62 81
6 57
10 87
27 83
91 96
42 91
91 92
25 48
58 79
58 92
69 78
27 91
4 61
4 53
4 14
8 24
8 73
40 86
40 67
19 82
23 66
21 48
5 75
25 84
9 35
9 33
31 37
31 49
23 48
16 83
89 95
68 72
72 99
28 60
18 28
47 72
15 28
79 98
80 98
7 38
7 42
32 88
13 17
76 90
62 90
36 90
70 85
43 48
50 66
43 65
19 23
52 89
2 77
77 100
64 77
43 44
39 45
91 95
4 82
11 86
11 30
12 70
52 88
74 78
56 74
12 54
46 55
20 23
17 50
1 55
21 69
39 46
29 71
34 51
51 97
54 97
20 29
57 94
1 94
63 93
26 93
9 45
41 77
31 71
23 93
