9.071229
42774
29
11390
60288
75 85
12 26
126 156
8 90
27 179
41 108
2 59
121 161
50 117
50 111
51 65
53 71
99 150
1 38
25 67
55 114
92 135
135 180
135 154
135 142
37 87
37 128
37 126
34 37
15 29
57 167
57 156
50 74
92 130
19 33
33 124
33 169
14 33
33 35
103 178
16 177
39 84
14 105
31 105
147 154
147 164
69 88
22 69
69 124
69 179
37 163
98 116
48 116
116 168
112 135
117 158
26 158
66 158
158 167
122 173
32 77
10 77
31 77
77 164
112 144
1 50
17 174
29 122
37 110
103 163
40 59
40 139
11 116
54 137
62 134
50 135
4 9
80 123
131 145
127 169
127 132
52 141
10 157
52 68
70 123
94 131
96 115
71 131
123 153
106 157
109 127
113 157
115 166
24 85
24 149
150 171
110 171
121 144
133 139
159 180
56 161
51 133
61 159
41 133
5 159
9 56
30 46
44 56
21 133
46 89
46 94
114 140
7 49
58 168
37 65
56 137
55 176
75 176
43 73
73 142
4 11
7 79
136 151
79 97
28 151
79 101
6 151
15 130
140 148
25 116
53 148
36 83
80 83
64 104
12 64
13 64
46 174
17 173
120 171
107 155
107 134
27 52
160 170
95 111
95 175
87 143
106 170
143 146
3 95
119 170
143 162
63 93
18 93
35 172
23 172
118 152
45 78
63 118
121 123
81 125
72 81
81 138
102 141
102 165
62 120
84 91
20 91
86 152
47 86
79 108
16 76
38 76
76 90
82 100
82 155
42 58
42 151
86 99
39 77
2 45
115 177
60 129
49 81
54 60
