39.410190
13219
104
4080
49128
429 439
287 420
98 354
275 342
125 246
306 448
241 250
127 435
132 395
67 279
239 302
235 356
31 191
213 232
37 148
363 406
189 322
196 320
43 169
182 198
178 432
380 396
376 425
378 442
348 433
32 49
49 405
49 52
177 281
281 304
281 324
16 348
16 189
16 44
16 23
33 331
304 416
242 268
242 342
90 383
24 34
34 53
34 179
34 260
183 186
307 434
109 211
131 288
83 124
96 288
124 344
124 241
211 395
124 126
211 359
182 288
226 333
54 264
156 309
155 387
85 174
47 334
47 428
155 328
155 185
184 264
141 309
97 309
101 309
122 264
272 376
283 397
345 435
346 385
272 421
50 406
50 381
50 315
368 415
50 112
385 409
181 385
93 265
93 146
119 397
93 101
104 222
107 330
330 447
93 316
25 345
70 272
222 396
308 368
31 330
341 397
222 311
152 397
8 368
59 345
259 330
142 272
81 329
81 389
262 394
81 143
150 262
5 273
83 172
89 215
172 244
172 213
147 237
58 236
289 419
236 338
2 237
289 442
215 391
38 236
206 215
236 325
199 289
28 237
188 215
187 289
195 325
214 221
121 352
121 243
121 239
197 377
139 377
314 377
185 230
238 285
183 285
285 363
285 371
78 267
108 444
247 347
247 275
22 178
22 270
132 353
22 283
22 449
42 130
269 444
392 444
42 287
42 349
42 359
278 444
110 353
143 408
79 374
80 214
80 419
62 448
62 334
72 80
62 111
245 403
49 205
326 370
422 427
414 418
412 422
343 414
293 365
94 161
296 337
300 303
301 414
339 390
327 431
1 100
218 337
201 327
216 266
164 332
163 227
161 173
161 165
158 216
216 417
217 228
217 235
276 339
224 440
225 300
227 335
151 440
149 332
135 220
240 327
134 220
274 293
69 227
12 217
17 82
17 271
17 282
27 422
29 332
36 220
45 300
1 91
46 293
65 339
64 277
51 440
64 263
64 71
63 337
1 430
242 433
26 196
26 180
306 361
170 361
49 92
14 129
79 129
128 355
128 320
203 258
367 370
192 445
358 371
191 373
4 233
48 99
43 350
175 364
207 294
209 234
209 315
209 319
210 261
40 212
37 384
55 87
61 302
61 107
156 294
157 367
57 373
159 167
56 253
56 198
87 299
410 424
48 193
167 252
171 294
52 56
400 434
391 445
174 350
382 437
175 250
32 167
48 380
10 61
257 329
258 360
258 429
19 369
260 261
19 331
19 23
18 400
7 373
322 400
257 284
280 367
13 432
290 411
292 384
13 160
295 428
295 450
13 68
297 394
21 379
6 20
219 295
223 310
226 384
229 278
229 317
232 410
233 248
6 388
6 443
212 323
21 354
243 310
246 358
21 39
251 261
254 358
255 403
256 362
256 439
76 350
66 297
105 148
78 411
113 166
113 169
137 310
114 297
115 411
117 229
118 153
119 382
120 257
105 446
67 144
133 382
75 255
123 445
70 153
125 175
73 398
127 233
73 356
131 212
73 313
95 366
88 436
90 256
153 279
88 420
95 273
150 410
145 425
145 399
87 338
95 402
98 105
86 88
103 255
102 113
145 202
144 162
144 378
92 281
345 433
106 281
285 433
34 116
49 136
47 386
16 309
345 351
49 357
267 281
138 433
154 205
84 385
247 281
155 168
168 330
368 383
34 222
231 291
231 372
121 386
200 211
108 140
123 140
60 277
20 60
121 416
49 326
200 272
208 289
155 333
176 194
85 264
208 375
288 426
74 307
176 375
81 318
33 321
41 176
5 222
47 194
116 438
30 155
85 426
42 383
168 438
230 312
84 336
172 407
77 377
204 383
186 408
190 221
242 374
264 377
30 215
264 340
35 312
77 336
3 47
385 441
17 168
74 423
237 298
3 236
154 298
74 404
26 168
249 288
9 124
85 300
85 216
217 407
15 93
64 318
22 35
195 305
393 397
339 340
327 441
298 337
3 293
401 404
204 413
11 321
245 305
138 286
1 249
9 422
401 414
15 332
227 286
413 440
11 220
161 393
231 357
