13.335140
56609
35
55662
70546
1 166
15 49
164 175
26 189
81 84
140 190
70 186
8 191
99 119
115 173
66 138
44 83
129 131
95 118
77 86
158 199
100 153
40 163
134 156
101 110
98 101
55 101
33 141
33 107
33 98
40 102
23 63
69 152
59 63
81 152
102 140
102 166
63 75
123 152
63 115
104 125
71 104
45 104
57 104
104 143
59 160
76 91
164 172
123 172
162 183
183 188
67 183
75 183
74 172
10 172
193 198
19 148
48 62
62 73
62 103
62 200
33 151
101 170
117 147
65 79
79 90
79 189
79 83
69 79
95 152
53 82
8 47
29 113
29 139
28 136
96 184
38 184
54 136
106 120
27 120
120 122
80 137
133 137
137 192
14 111
14 34
86 137
11 14
13 80
35 101
16 132
16 191
16 193
78 109
12 130
15 150
150 177
94 142
70 142
82 142
55 72
49 72
116 130
105 150
37 108
31 72
37 195
35 102
170 181
183 197
6 133
6 50
79 187
46 85
181 187
85 173
13 151
5 53
30 163
62 118
44 183
153 176
19 60
102 131
33 176
42 159
23 114
41 114
26 159
20 32
24 174
51 64
24 89
7 18
9 18
24 165
112 146
3 64
58 112
64 154
18 92
2 112
60 138
148 172
109 163
84 87
87 144
5 124
33 199
145 185
65 185
124 197
88 117
21 36
36 158
97 175
97 169
134 161
61 161
99 155
128 155
100 194
22 194
93 167
39 186
39 135
39 56
45 68
127 149
25 182
57 179
25 141
25 121
93 196
93 190
91 149
157 179
4 179
68 180
68 119
149 178
78 88
47 171
156 163
52 198
147 184
30 120
101 104
29 77
29 52
76 102
37 131
62 126
136 163
14 126
32 171
130 160
43 163
24 156
168 172
17 136
17 64
18 168
43 112
