4.670068
81644
16
78216
98704
9 88
37 52
108 114
2 110
32 69
43 139
15 131
5 118
40 117
12 49
12 84
12 100
12 131
95 136
59 110
55 132
20 30
37 109
35 93
43 137
8 126
8 79
8 39
119 137
36 137
34 133
70 97
57 129
53 66
76 84
26 125
60 98
60 62
28 123
6 31
31 47
5 115
14 87
11 25
11 74
1 89
20 89
89 102
48 54
82 85
58 85
74 85
5 130
13 41
27 94
5 95
70 83
83 92
86 133
86 117
55 83
72 120
72 128
39 124
23 72
72 82
114 124
96 135
63 86
46 124
44 96
16 107
35 85
16 24
16 41
34 42
42 97
16 102
65 104
5 108
2 123
76 136
17 59
4 99
5 78
22 107
22 128
19 80
104 109
10 67
17 30
72 113
86 113
91 105
50 60
8 28
12 69
80 122
78 106
3 111
3 49
65 69
26 122
45 77
66 77
81 121
6 115
32 38
38 88
33 101
23 101
4 12
61 134
64 94
25 64
67 139
15 29
10 105
61 130
13 50
19 27
51 80
69 137
53 99
54 134
47 127
14 127
68 75
73 116
33 116
21 57
21 121
29 129
51 60
112 138
87 112
7 71
71 103
9 71
18 56
18 90
18 140
75 91
18 81
