47.326490
729
119
11765
23383
2 187
41 98
44 263
72 345
148 196
157 395
162 433
166 469
168 238
200 437
225 374
242 296
335 427
7 152
49 116
34 97
97 123
97 254
97 324
116 143
116 295
15 443
209 443
374 425
249 425
425 434
289 425
56 356
156 230
113 410
194 459
194 312
69 194
50 410
53 410
68 194
159 410
327 410
223 495
27 76
136 208
76 335
72 76
233 495
173 244
173 224
173 401
279 495
49 62
208 427
208 220
481 500
251 275
251 415
252 268
89 268
83 393
261 393
411 436
270 500
268 316
59 470
59 271
59 382
59 282
148 251
218 393
224 315
315 484
187 315
179 440
179 370
179 267
177 405
315 338
345 405
293 411
250 348
405 450
146 466
146 413
146 404
144 393
140 348
135 405
119 390
119 337
239 500
18 288
11 348
38 364
7 119
38 286
18 204
33 38
3 18
41 93
359 448
32 131
93 266
93 392
201 331
73 198
255 460
73 320
16 452
16 436
16 271
214 428
216 381
230 465
234 381
73 207
16 491
73 471
188 435
185 381
20 142
21 435
158 350
23 142
150 158
86 158
142 218
142 171
29 460
106 460
102 428
333 465
381 401
446 460
277 435
309 465
408 428
328 428
330 465
43 158
191 314
399 414
112 191
5 383
56 414
191 382
57 383
285 437
285 378
40 84
213 299
14 285
278 340
84 154
84 236
2 299
1 340
60 109
197 342
186 308
89 308
115 223
8 419
115 311
115 479
167 430
167 359
163 474
163 372
163 331
88 240
91 307
115 209
8 320
99 395
108 167
8 206
99 255
37 240
71 91
55 91
240 290
189 298
8 232
160 259
183 290
67 245
309 376
24 66
35 197
35 362
35 396
66 442
66 485
12 337
94 482
457 475
110 445
111 149
30 101
122 211
126 475
129 494
130 421
134 305
114 421
101 477
26 352
358 402
258 489
258 361
258 260
253 441
253 417
10 25
243 494
211 467
42 253
302 475
195 211
323 463
178 445
445 472
165 447
165 326
161 358
386 463
388 421
149 366
149 184
25 319
25 397
26 65
26 172
426 494
61 325
92 134
85 107
36 134
58 90
51 463
85 391
39 235
85 451
95 165
79 358
39 439
39 469
78 431
61 365
46 100
101 438
78 181
61 367
46 321
78 141
46 336
90 138
90 343
120 327
324 373
124 389
124 226
124 128
103 252
103 378
353 468
430 468
75 236
75 487
228 453
15 461
222 493
64 242
64 225
222 433
222 318
13 257
220 454
227 456
246 262
219 478
174 203
74 333
44 212
174 238
174 263
175 339
177 351
77 328
77 247
190 310
190 409
192 219
217 360
196 454
74 98
70 322
202 297
70 160
70 127
69 74
212 237
64 416
355 496
6 486
329 476
50 262
334 456
339 387
339 464
341 360
6 67
351 490
351 499
52 301
380 400
380 482
47 350
4 317
47 344
47 139
444 461
449 454
45 132
461 498
296 476
9 200
257 357
9 162
264 380
265 283
265 291
60 190
272 292
272 403
294 303
9 215
297 429
301 306
301 419
303 385
313 355
53 360
6 488
317 413
317 423
82 87
164 262
80 274
80 287
133 144
87 168
133 147
22 453
87 121
123 476
133 284
125 132
157 212
77 434
152 272
28 132
166 453
118 241
96 153
295 379
304 379
155 241
153 462
153 189
379 492
241 276
97 137
175 269
62 97
443 500
356 500
137 411
116 377
54 116
97 398
173 495
38 346
179 346
28 248
431 483
24 483
248 481
31 229
17 410
105 411
405 480
116 183
31 363
194 384
48 118
48 226
93 119
194 285
407 465
31 35
332 443
173 273
119 193
17 18
131 193
76 384
81 393
300 435
31 94
62 458
268 371
414 448
191 448
346 363
151 299
31 78
90 443
31 463
105 229
116 120
63 105
354 480
38 84
145 268
18 145
394 448
179 455
394 412
205 412
414 473
109 146
142 377
146 342
398 435
81 497
208 245
375 411
259 448
131 256
368 428
73 368
76 424
158 199
16 199
381 432
180 348
221 300
298 460
169 407
170 412
156 303
176 201
105 253
19 59
99 273
208 280
180 473
63 210
163 340
265 346
176 458
117 348
134 448
19 383
375 418
105 257
62 80
231 495
39 201
201 211
104 315
54 149
281 340
201 456
308 369
61 298
25 298
91 422
170 420
91 373
131 269
347 418
297 432
424 494
169 349
182 332
101 117
85 422
280 421
258 349
281 358
26 369
124 420
165 406
46 182
355 376
12 219
104 475
347 406
231 445
