14.546783
38212
50
3882
65897
163 281
140 260
19 236
27 49
96 215
85 300
34 46
235 288
244 279
74 239
107 298
20 143
2 212
66 194
32 250
108 250
250 275
5 262
99 164
61 142
48 122
47 254
78 231
88 116
88 232
88 286
50 264
91 264
198 213
98 182
180 216
29 102
140 150
150 155
150 183
150 278
19 150
26 219
7 178
50 226
109 226
184 237
55 81
81 131
81 163
13 289
13 259
13 53
43 265
52 265
142 217
4 217
65 217
63 217
55 186
243 246
212 220
193 277
51 281
166 243
8 243
66 277
144 220
181 277
51 155
243 261
38 129
201 230
94 251
202 207
101 161
85 101
97 101
93 101
32 77
36 211
83 137
165 269
172 236
154 241
135 250
113 222
25 191
124 247
124 286
9 96
9 218
9 79
51 239
67 71
139 253
34 253
75 158
71 86
195 293
214 295
86 106
93 158
60 86
120 214
147 214
169 195
10 158
174 246
27 151
151 298
117 256
100 294
104 105
105 157
117 192
292 294
117 287
130 255
133 294
137 173
173 199
173 209
255 297
6 255
4 105
35 152
8 173
35 175
12 255
39 105
35 187
31 242
6 62
62 244
62 288
177 242
30 197
46 224
215 224
190 245
16 190
87 179
16 95
95 122
179 220
76 176
76 289
76 198
68 84
84 196
81 159
21 167
102 103
103 257
143 226
14 45
45 53
28 265
115 218
115 191
69 183
56 69
88 299
13 41
150 250
23 170
112 162
185 271
98 162
119 279
170 210
91 271
74 271
47 170
40 119
41 217
28 220
116 136
120 136
240 276
156 250
44 226
219 250
171 226
135 217
61 127
254 264
138 223
223 295
101 228
231 264
88 231
7 129
149 201
11 186
54 87
72 132
188 264
121 193
121 296
9 38
2 217
25 207
202 265
149 205
264 283
180 86
171 277
12 59
59 80
59 138
238 265
262 265
18 88
1 150
228 241
78 148
148 154
92 188
107 222
208 243
208 220
22 54
73 164
73 299
18 29
94 238
24 171
48 220
266 280
127 237
58 184
58 113
1 204
203 248
82 203
64 203
205 208
118 240
160 280
234 267
234 300
132 204
92 118
89 249
20 89
159 294
151 266
75 229
5 291
270 272
235 272
90 211
90 216
128 260
125 146
37 128
153 282
227 284
126 274
15 111
145 146
128 273
227 285
3 17
134 200
134 258
17 263
123 282
97 146
111 189
114 274
10 111
49 141
141 290
172 221
233 269
225 233
33 222
44 195
110 197
110 221
24 252
57 208
41 162
67 182
206 294
35 206
84 221
21 30
242 283
22 165
57 70
36 268
117 277
160 274
42 168
194 282
134 252
70 227
165 203
17 83
33 42
