16.448280
2476
55
5559
38537
118 278
205 250
91 195
5 217
176 187
21 168
78 124
22 229
105 237
109 174
104 185
272 275
226 230
112 240
112 246
32 112
112 115
148 299
261 299
185 247
93 101
84 177
141 259
130 249
70 79
8 79
79 198
287 288
40 67
44 165
281 294
35 167
14 149
245 256
1 136
1 137
1 229
1 279
128 200
117 240
117 226
26 117
27 297
27 110
27 77
199 203
57 224
57 216
126 158
57 178
39 158
158 218
5 57
96 199
199 212
199 200
230 275
47 63
14 63
63 218
61 123
238 268
173 242
173 273
161 173
181 187
129 181
181 186
119 133
46 74
76 151
202 219
73 280
73 131
157 286
120 178
193 271
116 193
82 120
157 172
157 272
48 289
228 277
25 112
144 171
121 269
28 201
28 172
28 169
121 204
34 144
144 196
109 121
6 284
6 35
6 276
107 158
38 89
55 171
55 163
55 126
78 215
101 232
50 66
75 183
51 66
66 206
46 232
118 232
2 7
7 91
7 142
7 295
10 215
183 285
183 190
174 215
26 232
1 122
52 112
221 261
112 222
63 257
38 199
130 239
86 214
213 214
130 225
71 299
108 271
108 179
61 235
95 235
48 247
135 265
203 265
8 19
19 284
117 296
275 282
88 220
22 88
158 275
41 65
65 179
223 266
80 279
80 195
87 106
156 238
97 147
182 278
97 165
42 113
170 223
42 252
97 176
156 291
21 182
102 156
106 177
160 182
106 168
4 72
4 159
4 217
122 139
199 296
243 299
256 299
128 175
20 197
86 197
248 299
139 296
93 191
1 71
167 222
89 130
130 132
173 298
12 29
25 145
194 243
29 241
282 292
60 173
215 257
74 298
84 241
73 275
52 81
193 289
104 221
130 234
72 255
13 255
244 245
244 294
228 275
36 233
44 81
189 239
267 295
105 267
267 290
152 208
152 288
67 134
134 160
16 127
45 253
45 83
43 184
45 49
153 184
16 192
16 85
184 210
119 175
54 57
62 207
132 146
76 111
111 166
250 251
251 300
27 164
100 205
100 141
62 145
37 79
54 181
123 233
96 188
155 188
40 268
130 151
18 53
24 293
11 56
150 211
99 209
64 237
30 59
98 138
236 270
124 140
31 236
140 180
20 140
94 114
23 58
131 264
103 262
23 283
227 254
64 274
103 219
3 69
103 125
3 231
3 260
186 236
59 143
90 211
260 264
15 254
99 263
114 249
114 258
17 138
56 57
112 183
24 228
18 154
36 53
154 194
164 293
54 68
33 259
92 121
33 79
9 202
66 248
45 275
9 120
80 287
42 281
223 234
23 60
149 184
117 162
92 99
207 211
11 138
37 254
59 221
16 162
