30.204475
8124
76
379
41161
167 292
219 245
17 60
98 221
90 186
259 295
12 23
115 124
50 267
19 299
121 294
76 289
231 289
175 289
94 289
97 163
43 281
97 261
74 289
281 294
186 281
11 252
11 275
11 286
103 187
103 207
103 273
170 254
58 143
109 298
173 251
152 300
152 288
152 230
143 236
143 228
130 224
35 254
130 253
39 251
130 291
14 174
3 143
8 51
8 79
254 299
251 298
8 250
72 296
72 160
72 125
71 72
13 156
14 228
14 102
13 270
13 292
14 17
58 169
75 134
75 225
7 111
21 111
140 169
77 169
111 257
111 238
111 174
169 271
169 235
240 273
1 276
133 272
92 133
70 76
70 114
70 118
70 159
55 133
112 166
112 192
112 204
112 269
9 80
176 211
263 285
40 194
194 201
246 264
42 108
48 153
65 85
85 98
68 205
68 293
136 138
138 279
172 227
34 57
48 167
5 146
48 149
31 34
77 85
45 172
146 155
34 71
146 221
9 172
131 234
212 284
82 191
83 141
95 223
220 223
233 265
100 131
127 247
116 237
142 283
113 222
150 266
154 260
168 215
171 237
185 284
83 189
191 206
193 223
96 226
96 117
96 105
199 260
200 233
88 266
4 191
64 217
52 283
24 36
53 284
54 113
59 66
37 215
24 47
20 127
46 113
27 64
64 177
59 128
63 283
69 237
10 233
32 215
59 164
2 266
44 260
29 131
18 127
73 83
24 67
1 255
94 255
89 110
89 264
104 268
6 89
280 282
124 280
211 280
126 136
79 104
126 277
126 267
78 104
154 297
162 238
115 214
49 259
49 263
50 274
180 256
182 225
183 210
19 162
108 147
132 162
147 287
147 242
144 214
140 241
33 180
26 241
25 49
134 258
157 208
175 180
157 219
158 244
158 269
41 239
158 290
16 258
23 106
120 274
119 183
91 182
249 274
241 278
62 245
62 195
62 165
61 182
258 295
12 239
202 239
106 229
214 248
81 139
60 139
216 279
90 101
148 216
28 216
101 197
101 262
121 240
121 135
103 198
86 99
99 121
11 196
87 218
87 190
97 137
31 232
232 268
8 209
103 254
97 184
111 209
93 209
130 198
97 176
281 285
75 109
30 289
251 276
130 196
133 152
11 42
151 251
121 260
121 237
86 89
109 184
93 129
80 254
97 188
133 137
145 151
13 15
14 15
121 157
172 203
143 178
131 209
93 138
22 203
38 129
56 109
112 178
24 75
13 84
123 169
109 179
93 213
106 276
15 266
243 246
188 194
34 107
38 181
56 283
68 297
64 243
191 243
107 127
96 123
84 113
138 183
68 161
179 223
22 122
59 122
83 122
213 284
213 233
161 215
87 243
