15.127086
11463
41
4058
64904
93 166
50 145
100 150
14 94
77 117
54 78
132 136
8 119
35 146
60 151
46 82
82 179
82 157
75 133
29 66
29 142
29 64
5 180
5 144
5 115
16 135
10 165
171 176
85 93
52 117
15 169
79 106
27 106
92 139
69 107
68 107
25 38
52 111
38 80
146 154
137 154
3 85
133 139
36 57
35 85
33 171
109 171
107 159
9 38
106 143
50 52
94 139
43 159
124 167
12 103
34 62
88 134
37 54
20 37
134 145
60 112
40 112
110 125
2 12
41 129
166 174
150 173
44 116
44 178
45 114
132 174
130 162
128 148
127 163
45 124
125 136
45 176
119 120
65 129
48 55
49 98
49 172
97 163
95 125
91 129
87 120
53 173
81 175
81 141
81 104
55 58
77 120
72 123
15 163
8 55
30 70
30 74
7 78
7 36
7 31
14 44
26 128
19 162
2 86
23 72
24 174
2 102
113 131
113 170
88 105
65 105
56 153
1 42
99 164
59 67
59 76
18 152
59 177
11 42
101 164
73 152
108 164
51 153
10 147
6 160
6 155
6 83
42 122
153 168
152 158
135 147
82 121
82 156
89 157
87 89
21 121
3 32
4 17
17 71
71 118
32 170
118 178
5 39
143 149
149 175
84 169
154 156
43 84
28 154
38 151
39 85
38 39
29 90
16 63
39 138
5 47
29 106
81 84
7 84
75 167
59 84
16 57
16 21
29 167
13 61
22 63
13 52
103 139
72 165
34 57
139 140
61 173
47 152
22 161
57 162
96 107
126 138
49 167
6 161
140 164
126 128
30 96
96 153
42 126
