10.929680
108741
29
33
149876
2 5
27 99
98 128
107 135
18 112
87 102
22 69
15 125
15 25
15 58
36 132
94 132
130 132
132 135
100 132
20 75
20 66
20 49
82 96
77 96
96 138
80 96
4 7
7 102
7 40
7 66
33 46
48 50
103 134
50 91
61 134
50 123
58 134
71 75
74 90
21 68
54 108
61 68
77 131
51 131
21 131
36 131
23 63
63 70
68 89
86 90
90 122
2 68
93 108
9 108
10 63
8 34
8 44
8 64
8 123
111 124
17 122
53 104
64 119
114 119
29 65
85 119
15 22
104 115
13 30
13 73
13 111
115 127
115 126
107 137
33 137
39 109
121 128
117 129
84 121
52 121
55 139
62 139
72 109
92 139
42 117
37 109
24 117
57 125
57 101
98 110
99 110
56 83
60 106
67 105
26 87
26 113
19 81
32 116
28 45
19 88
106 112
106 140
12 67
26 76
48 116
5 67
19 29
78 79
18 78
70 78
45 94
16 45
1 116
14 15
20 118
6 7
15 17
108 133
3 50
3 134
20 97
20 136
6 8
35 41
35 63
35 108
63 118
7 11
11 47
59 96
43 65
68 124
90 120
46 95
14 65
38 65
53 120
43 121
31 131
47 56
97 117
59 109
31 139
