8.923305
67851
28
29
79799
52 129
76 104
86 145
5 79
142 153
49 88
48 128
13 63
55 121
10 24
51 60
51 62
51 100
51 127
1 36
64 72
64 108
64 136
44 122
1 147
1 28
1 74
105 122
7 51
122 151
11 117
44 130
77 130
95 157
36 93
22 25
43 125
47 125
89 125
91 125
17 84
20 42
20 107
20 127
39 86
78 159
15 39
37 39
59 61
61 157
5 61
69 78
71 124
71 126
71 128
78 85
19 87
102 106
94 102
91 150
56 108
33 56
24 56
8 56
23 67
144 148
116 133
111 154
8 134
6 134
11 109
42 123
54 57
9 153
9 55
9 77
37 97
16 97
129 160
74 160
25 112
84 160
30 112
140 152
53 112
12 81
54 81
81 98
80 113
110 137
118 137
68 137
122 149
64 149
62 82
82 104
99 135
111 115
115 140
135 142
14 105
14 70
35 159
31 35
65 103
65 87
18 73
63 83
40 145
49 90
18 88
40 76
31 90
32 52
32 92
119 138
27 66
3 119
89 90
40 96
26 32
18 155
83 148
46 66
48 83
23 29
141 158
29 41
29 139
133 158
114 158
75 79
75 101
22 149
78 149
102 149
38 149
45 149
4 10
21 132
2 125
120 122
71 143
38 143
51 146
120 146
17 117
61 120
21 50
34 109
64 156
13 154
34 152
50 123
19 93
1 131
95 116
20 58
67 156
2 80
81 121
58 137
119 150
66 131
