21.650739
1
48
63
65174
43 120
118 142
93 131
140 156
31 40
40 95
56 63
122 167
8 145
8 97
8 82
56 61
56 143
56 94
56 84
102 115
58 107
15 36
15 86
15 178
115 155
19 58
101 157
101 118
42 136
85 101
76 119
70 115
58 98
64 115
12 119
92 111
7 34
1 141
34 69
33 175
33 167
33 78
73 151
142 151
151 168
81 110
81 135
4 46
23 46
10 32
1 22
10 156
43 69
17 69
46 61
1 143
105 139
105 113
105 131
10 38
140 154
109 154
144 154
45 138
65 103
52 79
79 87
152 166
162 174
172 177
53 164
53 150
53 59
49 148
124 172
116 126
123 138
114 176
112 159
104 106
103 180
103 146
48 169
123 174
99 165
67 114
91 104
88 148
125 169
83 99
80 159
79 153
120 152
127 152
129 169
132 172
35 126
39 158
39 161
13 114
6 174
27 126
24 89
25 104
29 130
5 74
9 29
5 54
3 159
2 148
14 39
24 60
24 72
29 93
5 160
11 99
20 137
20 111
28 45
71 77
37 121
77 96
28 55
28 66
37 134
16 37
90 147
90 117
70 90
51 121
26 30
30 57
40 58
56 122
8 42
42 122
8 119
8 15
15 50
40 108
40 138
29 122
122 152
122 171
50 174
119 133
101 173
119 173
7 81
42 44
68 115
92 138
58 149
47 101
40 51
105 128
10 108
75 114
24 128
75 103
53 128
21 128
1 179
18 21
18 62
20 75
99 100
5 100
39 133
41 62
172 179
68 81
75 170
69 163
77 100
44 169
68 159
126 149
79 163
148 163
100 170
47 104
30 42
