22.262512
26139
68
30997
37809
15 179
252 335
11 32
90 255
23 298
86 247
235 339
68 325
283 306
35 229
264 322
61 265
226 237
13 14
43 115
126 155
48 148
93 157
72 326
143 217
239 302
197 286
40 286
16 73
227 320
132 228
78 228
240 311
65 69
184 336
24 276
36 247
172 250
129 172
216 344
216 339
163 216
103 172
166 346
154 193
107 239
193 214
107 208
75 220
220 293
107 155
137 220
54 203
148 193
73 220
54 298
185 193
54 322
168 330
111 288
195 223
132 200
10 200
120 200
13 200
183 210
183 212
45 183
22 331
37 278
29 249
29 292
29 143
29 151
118 171
97 171
171 185
158 171
46 253
142 294
96 190
173 228
139 303
188 348
135 350
142 350
48 350
88 218
221 288
23 348
109 348
72 221
129 218
162 221
157 218
138 245
98 291
28 274
256 291
209 274
95 274
8 245
90 245
122 141
127 342
127 212
190 326
190 217
135 299
139 248
124 215
133 215
82 327
327 341
215 290
10 215
12 86
12 194
12 262
324 335
264 324
263 324
307 327
206 248
17 324
248 265
31 295
111 308
190 302
59 191
59 104
59 196
59 277
237 281
56 172
119 345
232 345
210 345
323 345
146 349
190 315
58 131
294 308
54 170
51 177
107 173
89 169
89 311
50 89
181 250
115 181
140 164
268 316
85 309
85 198
85 136
83 85
55 62
17 316
140 232
62 116
62 312
62 257
11 140
137 175
95 175
144 160
102 190
74 107
226 280
280 321
63 342
63 133
63 65
296 346
174 211
36 228
67 300
108 278
284 300
179 300
21 108
38 108
200 286
20 172
77 152
50 77
31 343
267 329
109 329
183 296
92 117
254 314
117 195
15 254
24 117
64 254
20 54
93 146
12 56
79 252
79 91
69 184
191 272
207 272
159 313
147 299
171 227
126 337
229 261
14 261
113 337
3 260
149 225
30 225
128 260
260 287
150 225
43 328
224 328
154 186
27 186
305 318
266 283
282 332
130 176
1 70
165 178
198 258
199 236
204 246
187 241
207 279
182 234
180 266
176 259
234 271
167 318
235 238
266 270
165 168
236 249
236 340
238 297
156 336
156 319
238 301
244 258
152 279
246 273
253 318
47 289
33 156
34 285
35 165
39 40
101 279
100 233
39 161
39 295
41 332
1 9
52 332
53 87
53 131
53 347
61 233
94 230
68 234
80 233
106 246
1 97
110 285
19 325
112 289
19 269
19 32
7 258
4 94
5 241
6 242
6 18
134 219
104 219
171 213
106 222
222 323
211 228
57 243
57 306
145 166
145 255
275 291
25 147
125 201
122 201
74 105
159 248
55 123
123 243
114 197
114 317
26 343
310 313
76 116
66 76
251 304
44 304
76 202
144 304
2 22
2 231
2 84
59 174
42 218
121 313
52 99
99 204
25 275
60 313
184 313
220 338
96 117
216 291
276 334
160 315
183 205
220 245
62 192
42 333
331 338
58 240
16 71
71 192
172 281
37 141
300 310
108 310
173 176
49 189
81 216
51 107
6 286
16 241
303 327
228 260
46 81
85 153
153 333
102 289
184 225
285 330
94 223
189 350
