14.677684
45443
46
608
66361
70 115
142 208
11 51
42 236
195 297
81 87
98 191
66 295
36 275
111 116
256 293
20 293
106 293
238 293
174 293
128 232
212 286
14 131
64 241
135 241
156 195
156 271
156 262
9 284
42 74
239 245
229 245
245 296
171 245
144 184
96 129
17 281
122 287
24 280
101 179
117 274
101 165
236 274
187 274
28 101
35 252
41 137
137 217
140 252
68 137
2 104
72 137
252 255
104 127
104 135
183 250
158 223
161 232
158 163
97 183
45 161
46 161
182 183
143 183
134 183
133 161
124 158
23 283
48 57
82 106
16 269
93 130
196 246
120 241
112 260
44 153
44 218
20 154
154 167
154 244
71 161
88 193
127 193
136 145
3 47
83 177
10 213
10 122
10 147
104 275
256 273
31 266
31 258
85 294
114 192
65 192
50 192
174 192
239 294
79 96
6 248
45 155
155 173
155 281
155 198
205 216
207 216
203 280
202 203
16 203
182 216
181 203
37 38
160 279
51 160
172 293
75 169
75 244
14 291
36 291
103 121
215 241
73 235
47 96
142 240
240 271
119 131
172 241
71 216
15 274
55 262
66 78
78 261
78 144
113 288
38 288
48 154
12 253
253 283
111 253
138 156
156 210
237 245
209 297
209 279
274 293
248 263
243 263
118 143
59 278
118 238
62 83
4 141
62 108
201 272
65 91
115 226
259 272
109 242
1 118
141 298
26 59
12 272
86 242
188 226
224 226
88 141
91 98
169 272
91 136
96 285
107 295
64 107
225 241
87 110
27 282
146 229
92 146
70 146
104 148
156 221
28 157
68 157
102 138
123 251
168 196
94 204
39 251
32 100
119 221
39 237
197 245
120 177
227 230
34 210
156 252
53 233
126 214
126 267
103 126
44 168
3 149
161 247
96 197
105 204
74 123
15 233
137 300
164 222
43 164
125 299
77 299
170 299
164 257
24 34
18 213
18 92
94 132
54 102
69 206
69 194
100 252
60 241
101 225
56 227
185 260
49 290
208 211
21 265
99 175
13 211
199 289
129 290
54 56
158 300
22 180
84 85
8 167
8 40
8 246
63 84
84 212
151 190
81 190
159 292
5 29
247 254
132 285
128 185
31 286
37 148
6 128
19 231
19 186
217 270
67 282
219 220
150 176
67 228
67 152
176 178
234 270
61 95
25 61
80 284
162 276
90 220
33 189
80 191
7 276
76 176
33 268
80 166
110 116
22 277
269 277
89 293
48 289
105 242
60 130
9 200
32 73
121 264
10 58
89 264
59 245
52 93
52 194
178 249
26 249
175 215
29 112
23 27
180 276
17 21
30 96
159 287
139 216
19 58
61 158
33 273
55 299
139 220
30 164
