33.154411
8669
97
6111
32159
40 74
66 158
377 410
31 272
175 450
118 445
336 386
261 301
227 331
139 324
155 307
78 355
161 204
39 104
364 400
102 270
126 396
28 240
415 423
91 164
135 232
381 436
113 249
113 166
34 65
18 355
18 221
18 44
214 259
265 354
134 354
80 339
273 339
339 423
300 354
181 393
325 329
66 325
200 427
132 256
38 427
153 427
145 256
186 427
256 326
325 340
237 439
191 318
49 130
56 165
262 327
97 251
89 203
154 431
231 385
10 172
151 368
231 297
239 368
172 277
196 231
83 245
140 388
74 112
314 449
314 319
105 112
69 345
69 310
8 140
69 276
69 163
69 72
1 314
112 167
263 314
112 407
21 112
140 433
140 149
62 412
96 124
22 198
144 387
209 229
179 294
159 372
182 209
158 178
119 178
247 294
128 294
63 104
63 274
63 377
17 209
99 389
70 178
99 162
159 351
99 298
246 326
220 278
15 38
15 77
15 347
131 411
131 333
131 299
52 393
139 289
52 342
363 379
52 153
122 317
40 131
286 415
233 268
29 216
234 289
236 400
258 317
260 289
382 392
262 429
266 297
268 309
268 361
271 317
286 409
84 266
289 320
290 291
291 428
303 413
313 363
3 238
3 219
3 215
3 205
315 363
317 335
321 429
216 343
88 216
208 382
337 429
88 236
30 125
199 224
194 303
191 303
216 330
37 286
189 224
35 291
224 410
229 236
185 236
382 386
86 266
30 432
30 174
374 429
275 283
68 302
302 372
144 302
313 448
102 448
25 157
269 399
81 226
103 295
94 370
120 444
117 370
82 169
184 208
234 341
207 444
43 295
190 370
184 367
270 341
184 288
7 444
175 341
169 384
169 204
149 295
14 223
346 359
240 346
156 340
156 320
89 230
13 348
164 230
293 348
348 390
230 281
325 362
107 201
2 11
210 443
107 195
123 383
107 225
109 376
180 210
171 430
133 171
41 61
7 376
9 171
6 376
67 383
56 210
26 32
27 46
32 244
32 406
46 282
46 75
2 115
2 173
41 285
378 383
41 426
356 438
121 350
129 356
167 350
325 394
159 316
160 427
193 249
193 296
17 45
45 438
87 93
93 435
269 322
90 322
34 95
95 196
59 375
18 339
113 147
12 42
14 42
16 408
16 21
58 187
187 267
87 421
58 421
250 299
253 335
57 261
110 434
57 155
83 255
108 450
23 352
161 441
55 176
166 353
250 366
57 374
253 331
54 272
154 334
152 311
152 274
22 255
152 188
254 305
218 416
217 414
373 395
197 353
47 251
47 264
106 425
31 73
192 338
47 186
28 308
308 385
33 334
100 338
307 434
25 434
405 442
238 253
108 424
306 420
5 51
242 369
176 437
176 364
242 439
227 242
243 398
54 162
98 352
255 371
54 419
168 398
71 396
353 380
136 222
135 138
381 425
304 345
334 445
398 412
71 301
130 304
79 403
71 344
127 308
148 441
126 352
276 414
324 441
323 420
73 360
283 305
5 101
212 218
287 365
118 373
78 365
116 357
4 108
259 414
263 442
143 305
142 422
79 137
349 425
142 170
141 338
292 442
39 365
304 417
79 336
116 146
116 278
138 391
257 373
96 138
136 397
178 232
268 316
91 286
165 436
145 404
55 404
213 303
137 401
94 401
24 279
113 440
113 172
248 440
256 375
214 368
248 446
62 248
30 160
248 387
394 402
203 354
114 362
30 59
113 202
231 354
62 418
214 332
114 213
328 332
36 319
36 100
150 436
64 194
64 247
241 339
209 418
3 214
69 147
284 289
268 284
245 256
111 172
53 266
53 216
150 214
48 246
49 235
314 318
18 275
181 382
20 99
140 327
177 206
252 382
76 354
223 436
50 436
140 446
24 325
228 235
20 224
99 431
226 328
279 376
177 284
220 294
61 92
13 92
312 358
228 358
202 291
85 198
252 447
214 383
113 211
93 206
62 399
60 111
131 399
183 317
48 420
19 178
280 447
142 312
32 85
41 280
46 280
157 171
76 136
19 107
5 183
60 218
2 211
