44.345160
29575
105
12141
38966
7 34
75 188
235 352
230 249
80 280
51 73
44 61
194 395
127 206
347 362
35 301
92 184
239 283
269 337
245 254
165 209
15 334
70 159
17 205
22 334
44 205
165 236
165 290
159 176
37 348
156 159
123 348
74 205
304 334
288 348
112 231
231 282
231 338
8 291
239 240
8 27
26 240
108 247
235 240
97 108
104 298
119 166
147 166
166 211
389 396
157 366
24 343
157 182
157 196
145 343
157 324
266 343
182 271
271 355
11 271
77 271
130 295
130 276
138 263
138 265
126 248
125 400
125 320
248 379
125 155
55 248
244 307
130 387
244 276
138 225
150 244
244 261
138 186
58 375
43 52
63 393
22 66
57 172
133 318
57 163
57 104
133 262
148 152
48 69
154 370
133 301
52 359
136 170
170 194
3 175
3 249
3 281
84 152
99 131
331 370
99 362
6 170
99 386
289 359
80 117
278 394
267 359
260 368
111 278
250 368
69 256
69 191
117 229
117 322
204 370
120 211
120 268
120 345
193 341
193 221
188 368
184 193
180 278
61 152
158 297
101 146
110 115
272 339
275 292
285 325
286 316
106 306
105 246
286 358
103 314
287 292
306 309
103 197
103 137
110 167
313 340
319 342
340 356
342 353
98 284
360 388
96 258
96 255
94 306
360 397
91 173
90 141
89 342
124 270
132 312
143 325
146 252
146 367
2 98
160 219
162 335
173 328
173 377
178 339
183 399
190 237
124 303
132 371
190 273
200 219
202 315
202 376
202 381
216 340
219 346
223 292
224 246
233 286
246 333
251 399
110 279
28 326
67 364
18 399
19 325
42 195
21 90
28 51
28 234
38 124
88 349
68 162
71 162
36 190
31 192
31 214
31 323
76 360
33 96
42 378
88 380
88 317
1 64
64 350
64 293
62 90
86 132
60 339
10 142
10 280
10 327
67 151
67 230
46 98
42 215
58 87
161 302
181 302
116 199
35 299
199 213
185 206
185 354
32 302
78 199
185 264
87 128
95 299
228 299
83 87
257 266
65 238
351 390
351 385
344 392
12 100
14 34
14 220
14 330
238 382
238 253
208 365
203 391
203 289
181 203
392 398
113 114
82 208
100 222
100 337
113 169
174 217
53 227
227 297
227 294
25 189
73 189
85 331
296 374
321 384
177 179
39 274
92 373
50 263
50 245
50 75
7 384
79 352
29 168
144 373
47 127
153 168
20 39
47 49
39 391
93 277
16 308
168 347
16 372
16 393
277 305
54 79
4 47
196 384
277 383
179 395
48 135
164 382
232 283
140 154
140 383
59 180
59 65
45 116
24 134
134 396
45 294
118 348
139 269
187 283
205 231
8 118
122 283
5 259
122 269
283 336
130 159
5 130
170 254
107 232
149 232
201 232
102 165
56 254
9 298
135 283
149 205
96 254
159 201
185 254
227 269
158 334
16 269
50 269
9 343
218 244
125 218
88 118
210 259
118 310
298 359
171 348
121 240
40 334
5 302
5 87
198 257
30 218
231 243
9 129
164 232
72 187
28 298
10 298
210 271
85 165
207 248
66 248
47 118
41 117
72 226
132 218
13 198
102 368
108 361
8 363
259 357
166 212
3 107
138 311
108 164
125 329
90 107
107 342
210 339
149 219
149 399
139 212
296 375
63 392
30 332
41 168
64 243
109 122
122 241
109 193
208 210
57 369
121 300
306 311
81 152
23 278
133 242
242 370
292 329
124 329
162 241
173 300
103 332
110 300
109 360
109 286
241 340
246 332
190 369
42 361
23 325
146 242
31 357
98 363
202 357
40 351
171 174
81 113
