29.811261
43769
77
1355
62069
29 135
212 284
99 327
215 232
200 292
13 76
171 334
157 273
37 145
255 316
108 178
43 69
127 136
124 311
57 179
118 256
58 304
119 210
71 303
83 332
17 332
234 332
77 234
109 330
26 70
52 339
70 146
62 339
136 339
67 70
70 191
5 287
82 222
193 328
68 328
266 328
291 328
65 328
24 139
4 14
111 184
108 111
14 248
32 124
14 258
32 185
32 287
61 111
138 139
30 121
121 209
121 205
121 265
6 268
6 221
6 49
6 109
34 317
130 165
37 180
91 173
130 275
69 173
7 202
74 196
113 196
105 130
180 336
180 302
180 293
173 317
173 253
7 20
7 73
196 285
15 93
235 282
131 178
131 305
122 131
13 54
54 60
54 280
83 141
147 346
281 310
42 348
42 322
42 227
147 154
214 281
22 147
21 281
9 147
218 329
22 329
161 329
183 329
137 221
115 343
195 343
50 68
125 312
50 205
3 323
72 203
1 203
3 48
3 127
280 312
31 312
81 250
213 241
170 213
28 107
117 199
117 256
72 107
162 249
162 200
152 162
117 151
107 321
47 56
47 306
47 336
129 191
40 101
40 135
40 174
2 133
100 350
284 326
45 350
45 133
241 324
297 324
112 347
292 347
63 226
63 82
258 314
48 314
211 276
230 337
89 159
96 342
92 342
219 335
89 344
89 257
220 286
220 309
220 349
94 219
120 182
208 276
263 296
233 341
175 263
169 337
156 341
144 264
144 197
144 188
128 270
128 267
128 190
261 337
126 313
53 341
276 331
273 313
11 279
11 153
33 313
84 243
78 219
11 16
80 263
46 120
55 120
84 171
39 342
44 84
12 164
12 43
23 25
9 25
207 252
29 252
97 215
97 311
27 177
160 327
81 177
160 316
177 247
206 260
49 260
179 194
238 318
238 304
36 90
239 283
245 269
246 265
255 283
134 240
132 288
35 301
8 235
225 320
225 319
224 345
223 246
2 333
217 334
217 308
217 289
8 71
8 106
294 333
198 238
193 283
192 254
189 194
301 323
142 301
176 254
19 246
157 288
85 88
104 240
58 87
62 254
67 269
76 240
274 300
98 300
269 290
95 345
119 333
90 310
90 110
271 288
87 297
87 93
85 253
85 204
145 244
242 338
116 338
75 244
187 299
59 187
166 244
118 338
99 187
229 330
278 340
32 278
139 278
201 237
236 340
163 237
172 328
150 262
18 229
111 123
35 41
41 285
237 282
111 325
14 325
201 339
6 298
158 237
231 259
42 86
77 196
10 330
160 210
131 236
277 330
64 277
139 307
7 70
50 86
34 222
103 272
148 332
228 332
281 298
18 139
196 295
5 54
42 64
103 107
237 315
168 332
186 298
141 231
129 303
237 272
262 343
38 278
216 339
77 213
216 222
250 339
150 168
131 155
14 140
79 143
79 158
123 162
117 172
32 51
130 228
278 313
120 278
15 147
47 307
219 298
89 330
102 222
194 298
114 180
167 222
66 137
149 163
40 148
6 251
155 300
140 144
51 84
66 345
186 341
114 326
216 225
38 181
181 276
102 220
167 337
11 251
251 263
128 149
149 342
