28.160897
13042
85
10440
35246
118 287
132 265
36 424
173 437
402 422
272 293
167 192
72 255
51 226
19 328
229 230
138 317
140 344
357 387
248 250
430 438
97 258
307 341
74 257
147 218
143 331
96 216
115 216
39 216
238 244
7 409
24 31
228 448
40 366
242 364
386 393
132 439
412 439
419 439
54 431
148 333
50 336
4 212
201 274
21 314
194 261
194 334
262 417
194 211
194 401
262 288
294 303
318 389
205 210
214 299
214 359
86 323
80 383
289 450
257 302
136 185
290 341
77 155
374 416
290 419
290 335
77 88
10 77
53 331
53 187
53 80
30 53
178 290
402 416
136 416
59 159
295 400
38 283
167 283
200 310
45 444
254 417
129 378
71 394
239 394
48 394
106 381
263 422
133 156
156 267
137 156
156 158
62 156
70 442
329 442
182 442
235 396
315 450
140 315
204 278
130 379
326 379
112 427
427 447
41 52
166 237
79 166
46 395
109 247
376 395
109 293
109 414
150 404
308 352
81 322
81 183
81 141
81 112
276 355
81 99
51 355
74 355
308 355
165 352
190 352
364 404
355 397
321 352
65 298
202 246
257 283
15 270
23 311
160 321
23 200
23 59
100 160
224 295
42 345
18 399
396 406
406 440
102 229
99 160
15 259
15 20
102 127
176 382
13 367
13 267
172 324
406 424
13 58
102 187
172 429
103 224
107 339
42 120
95 172
3 339
96 102
339 425
29 371
29 270
346 382
29 219
29 134
42 291
160 264
192 406
42 303
25 224
191 382
144 216
203 305
89 203
323 398
206 251
114 398
284 398
206 314
6 206
203 344
216 353
363 439
17 285
17 337
17 351
17 373
49 67
262 378
45 152
7 152
152 421
184 239
175 278
73 175
122 358
87 392
108 122
106 122
392 438
36 380
55 77
111 257
22 325
145 151
145 437
34 145
236 277
22 388
124 236
188 258
22 209
391 449
171 181
8 181
410 449
135 196
135 228
139 188
88 188
135 325
210 449
202 249
5 113
11 168
11 245
11 248
249 268
50 113
43 249
61 113
340 368
240 362
217 443
195 273
65 195
47 345
47 292
193 366
66 357
4 375
108 375
66 411
66 232
64 375
32 82
32 393
63 272
63 269
85 123
174 180
174 274
53 363
217 257
143 381
23 443
1 90
28 279
310 320
201 338
216 400
194 433
78 343
13 218
148 439
240 307
383 409
208 444
75 287
72 186
186 281
75 445
186 251
104 296
104 391
198 416
343 366
189 313
81 330
93 133
93 421
184 257
294 439
262 431
327 420
348 420
16 213
76 384
9 275
389 420
266 275
16 328
16 317
126 384
220 275
222 384
116 447
97 116
214 242
27 355
224 330
194 377
160 350
290 448
77 338
117 185
156 221
11 257
113 257
162 260
260 365
256 286
12 256
68 260
233 407
57 407
33 256
142 407
189 380
69 315
242 416
60 312
118 312
255 319
319 403
165 319
15 55
386 416
204 216
84 130
14 300
14 141
84 265
117 283
86 262
252 320
129 246
214 316
366 394
227 266
222 227
92 432
92 137
92 211
138 436
354 436
31 125
103 125
125 179
119 349
289 318
173 435
54 435
28 66
225 302
164 290
225 349
40 271
306 428
306 397
306 387
271 441
405 446
147 446
1 91
91 342
37 252
105 315
221 332
170 356
180 356
35 394
241 250
241 296
361 372
199 360
146 309
197 243
26 301
149 337
149 413
154 309
199 385
199 430
153 347
101 253
101 368
226 309
326 434
131 304
128 301
121 215
121 280
121 362
19 243
169 243
177 347
52 98
163 434
161 304
423 434
94 101
44 149
98 110
39 347
98 370
372 418
238 282
282 369
282 408
263 426
69 415
27 340
83 262
83 214
198 203
29 244
366 395
85 449
109 439
21 166
339 426
16 350
159 442
2 279
353 392
2 298
49 212
86 382
181 366
56 105
123 399
17 316
56 234
90 234
172 400
236 377
75 144
384 433
41 399
207 390
223 390
157 235
193 372
86 260
301 336
119 231
184 297
157 304
256 297
231 407
390 399
