12.857812
49598
39
655
77859
14 160
98 182
83 127
53 196
2 134
22 74
41 143
46 157
15 84
15 172
15 26
119 158
129 147
10 195
128 145
127 166
156 166
107 166
117 166
41 99
68 99
99 137
99 179
55 132
55 119
55 104
65 143
48 125
56 198
81 152
81 145
100 156
6 100
46 81
85 98
66 85
85 123
10 100
165 173
39 111
134 154
69 154
43 197
9 197
147 197
70 103
82 164
82 122
82 186
83 138
29 53
29 106
48 131
29 133
88 152
88 175
1 93
42 138
29 198
76 88
1 159
1 168
24 82
1 188
20 131
2 88
131 181
138 192
138 139
114 183
5 87
35 172
13 116
94 115
94 120
94 161
94 191
141 193
38 54
80 95
157 193
11 54
73 193
95 146
67 144
70 144
31 144
45 89
15 158
7 52
148 196
148 182
140 148
15 129
155 180
160 180
89 109
86 109
109 200
36 174
102 178
69 136
37 136
32 113
32 162
17 32
30 104
30 37
3 30
163 183
22 63
63 102
118 163
13 184
101 184
42 59
59 130
15 85
75 186
23 75
15 25
16 76
16 51
77 191
34 77
47 77
64 194
62 110
60 199
124 135
121 142
121 132
118 121
110 159
110 111
108 153
58 176
106 108
36 50
50 105
18 112
52 64
44 185
44 150
20 33
21 108
44 61
40 64
28 60
57 112
33 91
5 112
12 50
33 149
58 189
4 165
4 74
4 72
14 124
25 78
19 166
49 126
128 131
99 100
99 177
49 55
54 96
92 125
100 125
88 90
19 71
8 92
8 79
54 126
96 178
27 177
90 187
1 19
85 169
109 195
56 82
17 167
150 167
151 171
71 103
27 190
151 180
65 171
35 97
19 95
39 170
94 173
116 170
87 95
7 190
32 125
97 174
39 58
60 169
