10.469865
20
26
4
128149
80 95
41 93
76 79
62 81
35 98
15 27
27 65
27 60
12 70
12 47
25 59
37 95
37 89
37 75
20 37
11 40
35 69
66 69
7 25
25 88
32 65
69 86
69 90
4 25
23 94
94 97
18 99
41 99
31 54
54 80
54 91
10 50
51 99
11 94
10 83
10 76
36 58
2 53
86 100
81 100
68 82
68 71
33 61
34 56
61 72
58 63
55 100
53 73
52 85
42 85
43 61
49 53
28 68
16 56
13 56
6 58
24 85
3 44
3 9
1 3
84 98
79 84
75 87
5 64
5 74
5 88
93 96
67 87
8 78
29 84
46 62
46 57
45 87
17 83
22 46
38 96
26 47
12 32
32 40
25 32
12 21
14 37
14 40
27 92
32 68
39 69
17 27
14 99
21 77
21 53
48 94
14 61
30 54
19 40
3 92
30 85
39 56
48 78
58 78
