28.077354
28638
89
8485
34325
103 107
221 256
84 153
83 112
247 422
73 263
66 369
280 297
170 358
287 398
380 440
156 282
76 318
94 210
57 315
242 300
110 435
233 346
387 445
204 426
203 420
181 203
203 342
203 239
8 334
173 365
173 211
173 236
14 173
173 361
31 173
136 264
60 289
63 163
159 349
15 159
23 159
63 182
63 382
159 428
17 63
159 235
19 411
222 406
99 359
99 258
99 165
226 292
351 398
70 103
273 283
223 351
273 291
206 273
70 133
70 167
112 273
127 218
183 417
51 417
252 417
132 407
71 132
5 132
120 172
47 362
47 272
47 262
47 168
172 238
172 249
172 291
154 172
214 324
2 284
310 439
108 178
57 146
20 146
33 104
427 450
6 353
244 372
76 372
49 119
77 140
252 394
74 276
12 330
219 276
19 38
38 380
38 311
298 394
289 376
24 394
36 376
276 416
126 319
163 330
65 126
49 425
140 377
49 348
140 384
53 366
242 305
22 152
222 243
243 371
5 243
243 337
44 214
81 117
117 153
117 197
309 346
80 147
4 80
309 329
52 80
3 419
285 419
9 157
253 445
253 418
253 290
144 314
89 144
213 419
23 144
35 253
157 345
157 333
33 393
270 274
1 136
151 274
41 274
1 446
28 413
28 392
325 340
93 368
340 356
207 368
30 368
170 340
158 200
51 368
158 389
8 158
18 354
18 331
18 67
255 351
412 435
220 326
203 242
281 435
161 335
161 359
78 440
191 203
330 393
2 355
64 355
317 390
87 399
247 399
189 379
43 95
166 338
35 130
130 392
150 361
150 438
108 255
341 378
6 341
196 231
16 447
58 123
123 313
111 391
85 124
207 232
183 364
91 437
45 185
323 391
332 364
45 85
16 272
232 375
310 391
104 185
148 437
178 185
232 349
330 426
326 412
78 293
42 63
281 400
96 326
39 159
41 409
24 409
251 268
251 298
48 83
31 48
191 351
63 240
204 394
227 256
93 267
156 194
227 431
115 194
227 385
267 348
194 322
267 404
114 152
114 301
114 344
99 175
202 339
26 278
293 309
100 408
20 408
162 399
49 277
32 268
32 347
38 220
75 336
82 105
88 441
134 441
266 430
105 306
295 441
216 424
216 410
75 286
75 367
199 266
54 266
118 135
118 397
118 436
21 216
62 105
78 202
273 279
203 299
190 317
190 418
190 429
212 217
213 217
309 318
184 363
327 414
34 74
29 434
66 414
211 363
141 254
73 141
34 228
339 423
245 297
171 245
177 244
177 283
28 204
316 321
132 175
78 191
139 145
145 302
61 234
61 221
250 280
142 215
143 443
72 215
182 405
180 225
179 422
179 343
179 210
7 308
260 405
259 269
300 373
27 444
125 275
98 121
7 229
68 241
370 444
68 149
373 383
386 443
11 209
401 415
421 449
160 421
95 201
328 373
79 101
79 129
201 218
79 265
275 402
55 415
7 354
128 230
275 427
11 404
369 405
11 102
366 421
137 201
110 444
269 442
225 249
225 303
121 122
84 415
230 381
86 250
124 448
337 448
97 433
97 358
261 263
261 335
257 292
257 432
173 439
27 69
69 229
10 360
146 279
271 302
271 329
1 94
94 274
92 117
264 324
195 352
40 287
40 131
243 321
46 352
50 164
25 294
155 384
239 294
294 395
56 116
101 198
52 155
107 116
116 228
198 212
106 423
96 126
320 376
47 350
173 353
246 326
78 312
146 388
92 237
334 372
146 350
81 174
160 174
162 217
205 411
224 312
90 188
196 277
237 242
37 376
188 387
304 419
253 374
157 374
10 316
38 195
46 276
158 193
26 417
37 59
37 157
126 226
47 357
296 357
13 70
80 138
53 127
43 176
42 437
374 403
145 282
92 114
240 379
227 242
140 357
187 248
13 450
113 193
246 248
208 315
338 400
1 284
186 278
187 340
123 138
192 307
242 269
169 326
320 443
176 230
215 233
250 388
299 434
205 266
106 288
396 403
169 441
50 390
109 113
121 169
216 288
109 118
75 186
105 396
68 208
267 307
