7.940226
104649
28
30104
122940
110 112
79 102
85 157
90 129
10 64
20 108
43 142
93 147
39 147
61 68
2 89
2 42
25 54
18 89
18 157
21 35
35 76
35 105
100 122
41 121
42 100
79 121
106 121
91 100
103 122
146 156
45 111
1 49
49 133
12 59
51 135
13 145
56 99
56 149
13 82
63 65
55 65
56 139
13 74
102 137
4 40
137 154
31 32
3 131
128 134
31 128
106 128
9 128
33 84
84 94
84 130
27 84
129 153
20 153
32 64
24 104
116 148
7 53
35 101
29 100
19 60
19 41
44 121
28 109
48 136
136 141
87 117
8 142
8 96
52 143
52 138
21 132
1 132
80 130
74 80
69 75
69 139
87 90
6 155
6 83
77 119
26 86
26 125
30 77
10 53
62 109
50 59
35 43
46 71
28 100
27 57
57 143
66 156
44 92
29 49
70 120
7 84
67 121
71 92
121 147
16 22
127 160
127 140
36 127
72 150
86 98
98 160
13 135
87 147
22 51
18 61
68 152
14 152
103 147
56 101
40 101
88 120
12 108
15 18
32 148
3 50
62 111
34 110
34 113
56 70
17 95
17 85
17 146
37 133
37 159
47 91
114 126
107 123
112 124
78 141
118 124
78 115
97 144
107 158
25 81
5 126
4 78
38 97
47 58
47 151
48 126
23 124
11 81
116 150
3 127
6 117
18 73
104 147
15 65
43 77
50 54
2 124
2 97
73 107
