23.802047
18901
69
15149
51021
172 259
307 340
179 182
81 185
51 160
59 364
60 322
141 241
256 389
191 369
131 203
130 362
107 159
2 398
128 310
36 225
104 333
148 188
32 351
134 302
58 343
58 337
58 200
54 262
54 207
8 305
102 235
102 304
112 293
252 346
119 327
163 330
211 381
171 225
171 252
171 174
4 380
378 380
115 380
117 316
73 178
224 347
212 246
166 267
46 89
155 328
150 184
313 394
193 394
38 76
31 289
31 238
31 210
31 138
31 104
76 105
76 117
76 345
240 394
199 394
81 394
44 72
165 168
196 348
21 141
21 178
268 371
171 368
277 315
179 277
214 277
132 277
140 277
142 387
76 348
79 124
121 147
143 147
47 147
91 94
94 345
84 217
55 92
129 283
128 217
55 342
245 265
15 267
106 245
15 324
15 390
77 114
55 384
114 241
148 217
67 245
114 332
210 283
123 283
342 363
343 359
304 359
37 280
99 209
6 339
37 126
6 284
37 203
37 355
182 321
205 321
6 187
6 275
93 281
54 360
244 311
87 358
82 106
87 162
87 159
82 184
82 377
82 295
70 87
311 352
311 341
279 301
7 137
7 202
7 89
7 302
58 327
102 136
134 171
52 95
95 107
372 391
175 372
43 372
83 385
83 310
115 231
14 322
14 235
14 49
30 55
127 248
172 335
69 282
160 294
75 122
75 227
143 400
229 331
59 96
60 282
242 388
57 298
75 258
149 296
100 294
116 125
296 362
288 312
305 335
125 233
125 324
298 319
299 312
173 388
312 365
170 331
169 294
282 391
22 335
273 398
36 388
97 335
96 130
264 282
43 96
91 296
331 353
48 53
50 181
260 273
50 307
50 369
53 387
7 374
154 270
370 380
316 370
208 393
21 216
380 383
173 300
123 300
54 246
86 186
186 317
54 154
102 246
102 166
16 356
162 356
308 356
374 400
157 281
112 166
10 327
303 327
8 386
167 219
136 344
85 185
44 266
85 215
85 301
254 287
111 189
256 266
34 131
194 349
41 395
194 250
340 399
34 208
34 221
111 354
153 314
153 234
222 395
161 274
224 399
23 97
23 113
23 251
119 161
61 330
325 399
61 293
80 176
26 287
27 266
13 61
132 161
176 243
133 220
24 101
29 269
29 144
285 286
29 62
17 204
101 239
101 108
272 285
151 285
164 232
3 68
90 133
64 164
45 133
3 145
164 336
204 392
204 257
3 292
327 386
32 63
63 155
35 327
114 270
56 129
56 191
177 223
177 284
25 180
25 259
318 397
261 315
22 366
199 226
261 338
135 318
226 320
275 366
277 376
195 396
99 396
88 291
38 291
271 291
20 79
20 375
278 352
103 278
102 329
58 147
249 297
5 317
5 364
334 355
212 334
86 276
228 276
98 397
98 200
171 192
73 306
219 344
28 246
146 236
2 146
197 202
197 253
156 171
9 42
71 268
71 323
66 193
66 237
152 183
201 247
201 211
51 290
168 183
40 389
290 379
11 40
19 40
190 201
192 297
188 393
12 367
328 347
118 198
206 383
30 157
12 206
376 382
52 263
263 384
213 245
65 351
1 102
82 198
28 142
54 350
230 382
209 213
39 367
39 361
329 394
110 346
357 381
10 74
40 368
10 326
78 273
54 294
120 192
93 303
245 328
109 360
15 33
127 230
167 357
306 311
74 371
165 311
78 356
120 255
124 147
58 158
167 312
18 246
196 331
118 309
35 395
33 287
111 361
76 139
298 350
9 46
153 326
55 373
75 309
1 285
110 204
194 231
65 176
3 18
109 218
133 158
164 218
101 373
29 139
