10.927638
92618
28
30633
108719
2 5
27 99
18 112
87 102
98 128
107 135
22 69
33 46
15 125
15 58
15 25
100 132
130 132
132 135
94 132
36 132
77 96
80 96
82 96
96 138
111 124
71 75
103 134
61 134
58 134
50 123
50 91
48 50
20 49
20 66
20 75
7 102
7 40
7 66
4 7
29 65
17 122
2 68
21 68
21 131
36 131
61 68
68 89
51 131
8 34
8 44
74 90
77 131
8 64
8 123
90 122
86 90
9 108
93 108
54 108
53 104
63 70
10 63
23 63
114 119
85 119
64 119
15 22
55 139
72 109
52 121
92 139
84 121
117 129
62 139
39 109
42 117
37 109
121 128
24 117
57 69
57 101
33 137
107 137
56 83
71 118
99 110
98 110
26 113
18 78
26 87
26 76
19 29
12 67
28 45
106 140
106 112
104 115
60 106
70 78
19 81
19 88
67 105
16 45
5 67
48 116
115 126
115 127
78 79
13 30
32 116
13 73
45 94
13 111
1 116
35 41
14 15
43 65
11 47
108 133
3 50
3 134
38 65
15 17
6 7
63 118
11 50
6 8
97 133
14 65
35 108
90 120
68 124
46 95
41 95
38 136
53 120
43 121
59 96
47 56
31 131
97 117
59 109
31 139
