33.954335
40486
97
13050
47056
381 401
19 162
326 373
179 263
54 312
125 283
99 253
170 377
70 292
8 88
26 306
5 444
46 357
3 51
188 191
48 157
187 255
192 285
113 169
247 337
136 231
184 392
433 437
283 437
386 437
137 323
213 435
175 213
213 384
86 203
124 154
106 314
176 185
179 202
215 314
71 101
69 202
101 339
185 396
185 357
202 448
143 314
184 272
207 272
267 272
245 300
3 300
217 300
128 248
300 379
43 128
40 281
40 122
40 123
40 176
128 147
403 406
354 366
21 420
68 221
317 429
131 317
282 289
126 289
109 332
109 304
79 289
200 390
200 432
205 445
234 445
9 445
97 445
57 445
25 127
25 70
14 366
80 341
171 393
17 393
122 138
57 80
80 416
321 432
321 415
14 56
111 138
14 47
138 345
48 321
103 371
268 421
16 268
91 263
54 91
271 276
276 310
276 425
91 187
168 239
173 174
304 364
257 328
226 329
93 186
92 270
214 423
214 443
178 302
67 378
238 328
218 298
234 270
104 302
102 186
86 270
329 400
32 227
378 399
32 169
351 372
30 298
149 302
350 372
338 395
145 329
27 430
15 328
27 359
326 342
23 28
27 307
23 152
27 245
23 425
298 428
312 329
23 436
161 214
44 145
395 442
44 135
378 410
264 342
8 372
10 32
38 186
121 395
44 303
270 360
275 342
113 298
83 232
188 216
254 330
216 278
216 373
254 313
5 254
21 254
193 232
232 269
232 343
256 356
277 413
392 437
129 361
129 155
244 348
220 403
220 409
197 220
31 82
82 255
29 96
18 448
115 383
285 383
108 359
175 405
166 228
252 385
377 385
114 385
146 159
146 253
63 192
63 381
22 88
22 170
22 301
133 146
118 330
118 243
101 437
211 272
101 236
165 284
180 407
99 340
100 331
167 370
167 308
2 402
1 363
134 284
139 199
142 331
141 407
77 402
242 273
242 438
61 73
242 447
53 324
53 212
369 402
53 132
229 340
73 296
73 389
74 414
76 363
258 427
190 258
408 414
414 424
4 258
39 167
194 407
195 340
284 294
42 363
280 331
199 387
199 316
154 346
119 440
144 210
143 144
251 337
172 265
228 265
40 236
120 390
120 237
103 337
158 221
158 292
128 431
197 219
58 219
237 287
287 303
110 287
101 375
202 375
272 422
295 319
295 305
34 325
243 318
318 400
34 376
34 151
79 318
27 337
270 337
201 401
201 412
333 384
336 426
130 441
327 426
189 209
343 347
290 391
148 388
148 173
404 411
299 444
315 404
240 266
204 365
182 430
182 367
182 356
209 235
225 322
230 311
231 333
177 322
233 246
153 259
246 446
249 299
259 313
259 362
260 436
261 353
266 277
162 260
266 309
160 355
105 260
116 218
56 75
19 148
116 191
112 156
110 353
37 112
89 306
89 361
89 421
26 246
107 204
107 160
75 394
52 130
51 333
50 382
90 241
50 365
50 125
94 323
92 241
94 320
35 353
49 75
94 247
93 322
85 241
41 150
41 371
13 160
116 418
62 157
87 124
11 290
62 288
87 334
16 112
66 311
58 347
6 204
72 347
62 449
41 168
6 87
375 380
128 422
136 276
208 431
109 431
95 185
154 279
174 437
24 337
108 297
268 431
60 68
20 276
346 378
20 64
291 300
24 78
78 348
208 417
25 272
202 335
63 297
80 352
223 417
80 434
117 420
202 397
368 431
65 431
154 372
44 183
140 314
55 289
274 335
140 250
239 406
300 450
81 203
251 317
14 206
354 364
59 198
45 59
198 398
84 101
154 413
419 431
117 439
293 305
293 308
36 358
32 206
181 431
29 352
7 286
141 222
222 376
214 321
12 183
213 349
36 274
250 405
163 393
164 374
84 393
84 374
286 385
216 395
164 186
256 328
434 440
95 340
130 137
167 279
33 314
290 358
98 450
181 302
138 196
163 166
174 407
258 439
397 404
53 368
65 402
254 344
18 73
216 224
12 262
98 311
196 414
419 426
199 262
33 363
209 349
331 344
224 242
224 284
342 398
