11.216234
95946
31
28692
113733
37 142
83 169
101 163
18 70
58 114
1 49
4 21
44 50
50 132
47 94
47 121
47 149
3 74
70 74
11 17
17 151
17 87
28 61
80 154
23 95
44 108
108 139
82 175
1 113
82 144
82 137
20 113
22 85
5 12
5 158
131 151
8 77
9 179
9 157
77 169
77 160
9 114
31 104
31 76
10 62
60 115
56 129
129 146
49 129
92 128
41 82
28 69
53 96
53 110
84 123
112 149
79 120
79 175
88 112
2 127
15 65
118 124
25 98
10 25
35 73
35 177
38 42
42 133
42 170
35 59
135 162
48 135
54 89
24 180
55 135
24 109
24 43
75 89
89 103
143 179
2 168
90 168
165 174
23 165
36 106
29 39
29 60
45 145
46 106
26 178
29 142
26 147
58 140
68 153
21 153
16 153
86 140
99 130
100 140
106 139
34 128
34 102
34 67
7 145
120 130
6 130
136 145
4 52
52 101
13 64
64 176
64 156
33 85
33 171
18 122
116 172
37 172
163 164
84 164
19 164
74 152
41 122
51 100
51 110
119 174
119 157
47 91
30 32
50 95
5 71
22 50
61 63
80 93
40 66
74 111
17 80
31 50
27 152
74 141
22 47
47 113
80 117
111 117
17 22
113 161
80 155
50 166
13 57
57 98
115 126
31 32
9 40
87 97
14 83
14 81
97 136
113 138
126 166
71 150
66 159
93 125
5 141
123 126
63 125
105 131
78 155
107 127
72 138
9 62
77 134
17 167
77 78
107 167
118 161
26 126
61 148
108 135
15 159
24 134
72 89
92 143
69 173
42 148
35 173
