36.974240
1
90
25038
39874
36 239
195 253
185 323
17 59
22 38
25 76
135 291
129 339
43 61
309 341
54 119
108 260
85 292
29 112
2 75
146 256
146 318
146 335
22 146
75 317
75 211
75 128
75 86
125 263
125 271
30 270
20 290
248 289
126 316
126 328
128 297
20 106
20 242
126 161
131 141
141 202
248 298
258 297
141 231
141 276
27 248
197 297
98 176
215 248
84 236
132 216
73 132
28 94
28 122
28 289
145 170
74 198
66 192
65 121
4 50
79 145
137 171
132 341
132 244
121 135
4 109
59 145
96 145
129 188
55 275
140 192
55 202
55 154
4 229
121 326
9 28
169 188
171 239
171 315
198 336
198 312
180 198
192 334
188 348
188 223
8 149
7 199
300 340
103 300
114 346
114 221
237 334
319 347
48 319
47 148
148 223
62 319
76 148
324 329
168 324
37 325
292 324
37 186
37 314
186 262
44 90
207 265
268 331
110 227
247 345
147 307
264 322
102 184
150 321
151 194
95 227
203 205
93 187
93 120
87 337
205 273
191 307
213 295
151 274
78 349
78 320
160 250
225 284
151 305
1 175
232 295
158 345
338 345
241 307
157 268
246 249
133 255
133 286
284 306
136 313
166 264
295 350
175 267
175 282
127 332
139 246
127 174
127 142
153 321
179 313
133 164
181 184
184 303
163 301
163 293
163 261
123 268
143 284
162 205
118 246
160 269
283 337
111 313
279 337
15 160
45 207
56 264
39 321
31 93
26 78
10 240
23 207
10 113
14 32
14 206
3 227
67 124
67 308
67 214
14 259
10 116
71 195
71 210
62 104
230 253
29 30
35 92
35 152
35 260
149 193
70 287
287 346
193 209
276 287
173 193
40 99
208 294
5 342
134 138
119 233
36 63
38 155
49 294
16 18
251 299
41 73
43 155
41 178
42 167
41 180
42 54
199 251
18 323
177 218
176 218
19 115
165 183
18 270
252 309
13 170
13 88
13 77
138 182
25 68
201 217
155 278
12 183
27 42
204 234
144 344
17 89
34 251
204 291
224 252
101 277
101 235
217 271
100 204
99 281
97 344
58 233
304 343
222 333
91 252
89 172
89 90
212 220
61 218
245 327
80 343
233 339
63 85
318 343
63 311
2 138
70 327
68 330
68 69
115 185
212 243
112 183
212 263
53 333
108 115
107 217
5 84
5 130
288 327
30 33
33 171
33 145
146 228
51 79
51 221
29 83
192 228
6 33
29 127
33 163
83 146
8 297
72 125
30 238
126 190
29 101
29 294
37 266
20 300
57 266
44 125
188 310
52 98
125 200
21 55
126 156
236 319
205 266
264 266
262 297
60 125
4 114
159 171
11 266
8 300
207 236
98 160
236 246
98 345
82 114
8 52
57 121
75 189
46 125
28 200
7 159
30 105
190 257
21 257
55 226
192 254
236 285
98 344
64 248
280 310
4 272
198 272
302 324
132 196
81 156
10 237
237 313
81 117
8 99
24 117
238 285
230 302
60 67
24 321
254 295
14 226
219 227
219 280
93 196
46 184
189 284
296 337
78 189
105 133
105 268
64 175
151 296
64 307
11 296
104 333
