49.325751
1
116
2855
51000
8 430
17 75
102 139
51 184
45 176
312 372
230 436
177 336
162 387
18 22
52 215
286 376
361 384
143 360
63 103
64 123
38 437
204 413
328 335
189 398
95 309
19 272
199 272
45 272
272 341
302 386
33 386
180 386
181 386
124 154
124 225
202 318
124 269
246 368
368 419
344 368
13 128
198 368
128 308
3 128
189 210
188 303
188 433
144 241
188 381
213 244
203 210
244 250
241 321
241 248
86 210
71 244
102 363
217 363
221 363
269 370
223 232
87 212
304 376
169 232
232 277
97 369
133 384
133 256
229 330
132 304
130 418
31 321
101 133
16 232
15 191
127 369
383 418
111 418
212 400
212 243
418 448
141 395
264 369
263 383
35 304
263 380
91 191
191 293
191 445
39 185
39 423
39 426
40 55
40 115
141 362
29 263
40 392
141 404
109 354
99 228
27 223
27 334
347 421
27 296
192 441
192 229
77 306
90 415
79 91
192 206
79 278
90 317
112 359
123 414
140 352
94 280
94 174
94 139
155 179
112 413
183 422
159 331
89 112
88 252
178 275
178 344
178 367
183 361
286 306
228 352
46 416
230 442
234 299
299 360
236 409
299 332
416 450
310 336
240 414
20 442
279 352
252 371
38 409
12 183
335 355
18 159
224 355
1 355
310 358
197 409
66 310
65 306
64 179
63 179
62 414
417 442
58 79
54 159
52 416
17 252
76 219
136 146
19 146
329 429
121 365
129 444
324 378
323 390
129 439
129 163
340 348
126 408
357 408
378 403
408 437
270 338
121 216
120 297
118 326
116 396
116 209
113 313
2 98
257 261
193 290
193 410
196 239
200 251
214 266
214 337
226 353
175 196
166 378
237 284
238 326
251 402
251 440
313 373
261 364
156 274
268 274
151 323
150 348
270 316
148 261
193 235
274 382
145 353
276 394
284 311
138 399
50 106
48 326
42 388
93 190
26 121
107 323
42 325
92 313
104 329
42 253
49 399
105 284
56 297
98 435
98 282
41 353
50 137
50 260
96 322
96 265
96 194
37 196
93 292
4 297
61 270
67 394
80 399
73 93
74 329
68 394
7 214
9 116
75 348
69 431
22 85
85 449
165 343
85 205
10 343
103 431
328 343
182 431
14 110
110 387
301 350
177 301
53 391
51 391
391 407
78 267
267 354
142 374
147 255
158 389
47 149
222 397
222 333
222 312
164 366
220 389
168 281
173 377
208 385
207 295
84 309
84 298
84 259
59 320
59 372
82 405
72 281
100 345
281 319
287 291
134 294
134 142
288 405
291 430
295 314
131 289
233 385
131 172
131 195
308 366
24 173
345 428
6 147
5 347
5 339
5 76
114 134
149 204
273 385
36 405
33 59
147 176
149 162
32 366
356 434
152 434
227 271
11 81
81 436
13 161
60 161
186 438
184 438
81 446
21 249
23 438
201 249
218 305
161 318
25 271
305 398
215 434
305 307
143 249
245 271
83 233
157 272
157 188
95 244
95 117
187 422
187 319
160 289
82 153
153 280
14 160
272 363
210 386
238 412
125 417
350 412
25 125
124 241
351 401
34 351
117 210
31 202
141 368
109 117
157 183
95 306
202 342
157 393
124 421
40 212
133 369
330 369
304 330
157 326
95 170
244 283
109 135
188 211
300 304
44 272
258 300
141 211
191 211
242 263
232 421
254 263
109 421
95 391
157 374
99 242
386 420
352 370
28 283
116 128
94 167
39 43
117 353
117 348
212 346
241 247
119 330
167 349
112 258
202 375
202 315
135 171
31 121
31 270
129 330
368 443
363 427
258 261
128 424
379 418
133 432
262 355
70 409
192 262
70 416
40 231
109 447
31 295
39 83
90 122
262 313
43 299
70 98
43 393
30 119
70 327
262 327
346 349
108 171
251 346
122 284
254 425
122 170
30 378
219 285
44 297
214 247
442 443
179 432
285 406
57 252
159 375
43 345
178 411
193 420
399 443
50 427
274 432
42 231
93 425
57 394
96 424
315 329
196 315
323 375
379 389
291 447
173 411
128 351
