12.747594
59455
34
2694
83285
65 133
94 132
87 159
83 138
19 91
10 36
107 135
41 67
61 68
35 68
47 68
30 68
68 138
81 111
25 102
25 112
148 155
74 131
80 131
96 131
37 104
28 104
65 123
60 123
104 141
6 104
43 86
121 130
63 130
130 135
53 86
130 136
15 86
32 86
59 128
4 14
59 134
59 159
24 70
24 26
14 95
21 24
14 38
93 117
37 139
16 84
28 92
5 31
44 158
91 151
99 118
16 57
51 71
71 160
97 118
54 137
57 117
143 151
17 44
120 137
108 118
17 129
17 132
5 137
90 151
13 57
11 71
11 64
75 152
39 78
85 105
3 146
42 146
58 125
40 58
1 58
62 146
2 22
2 87
20 89
18 67
18 72
18 154
30 156
29 153
55 94
55 124
55 140
83 89
149 156
77 79
36 79
74 89
29 144
69 107
69 81
66 103
10 45
127 147
7 66
43 48
45 148
46 147
114 156
48 88
48 133
41 69
6 79
9 45
85 142
76 142
34 108
34 72
23 82
19 109
109 122
106 136
100 106
12 23
35 106
33 109
101 113
25 113
56 68
49 101
25 123
116 157
14 111
56 73
101 145
123 157
86 110
119 145
52 111
25 92
49 52
104 115
101 126
27 101
111 151
17 111
31 131
57 119
131 150
25 105
59 139
50 59
24 126
66 116
24 64
93 152
98 130
78 84
8 27
50 146
8 147
23 158
29 150
58 98
