30.443853
8094
93
26271
41402
316 470
36 83
91 213
208 232
55 290
53 337
360 441
89 194
13 137
80 115
192 367
154 402
117 216
166 447
121 171
320 404
221 388
122 212
234 492
130 342
29 372
76 405
6 112
421 493
201 498
301 431
159 239
93 174
59 72
279 284
146 195
365 438
391 442
78 250
250 467
165 250
124 433
220 371
66 145
314 497
102 193
352 412
116 295
190 222
169 420
266 487
185 250
411 413
140 425
327 484
177 210
210 447
210 302
210 288
219 389
376 474
100 287
295 390
332 390
354 390
390 478
24 454
111 118
47 351
119 464
270 326
72 270
204 270
258 464
270 367
48 464
234 270
92 464
144 328
64 293
293 297
293 425
160 328
328 387
328 422
7 88
254 378
65 312
65 481
163 443
448 468
203 269
105 138
93 376
210 28
26 37
17 276
17 331
17 264
17 92
376 491
250 251
28 391
28 195
28 154
210 365
100 250
376 400
22 439
360 457
321 334
321 410
357 458
327 357
357 388
292 415
135 174
353 439
345 439
292 342
457 492
467 495
372 457
263 292
135 320
135 331
106 135
91 495
440 495
29 321
25 355
25 422
25 440
126 333
333 446
333 405
333 483
212 475
148 246
431 475
206 217
246 359
290 475
32 206
9 206
54 436
159 457
46 73
193 323
151 289
179 315
61 435
74 298
173 319
151 374
151 486
73 218
136 224
157 459
160 323
67 231
38 459
231 414
232 298
18 341
20 181
20 184
20 235
263 339
268 339
317 435
339 352
316 435
36 136
315 488
315 385
284 323
298 497
310 459
305 319
300 319
231 378
200 207
200 247
200 334
3 323
200 404
52 73
435 494
12 136
213 315
15 459
223 298
341 392
230 341
339 472
153 463
64 98
463 474
197 463
98 426
144 463
98 361
329 386
196 438
196 259
196 494
215 436
262 303
397 496
198 466
68 472
98 215
1 406
88 244
121 244
244 267
162 208
162 335
103 162
8 59
37 283
30 402
30 262
269 321
63 406
100 500
117 209
42 209
75 172
75 82
17 146
99 315
225 260
442 443
170 329
1 25
8 225
51 464
484 487
433 461
44 355
94 108
106 150
150 426
163 346
171 395
78 125
181 364
123 489
54 322
125 445
97 489
220 322
233 364
43 453
43 413
43 309
89 322
395 441
101 104
392 489
104 155
318 364
104 165
249 446
249 261
283 439
199 451
199 261
393 448
16 82
16 239
99 245
196 205
237 250
84 376
161 461
333 400
162 170
111 321
63 339
293 456
185 206
172 191
191 345
32 77
42 77
10 443
62 323
253 341
31 102
178 304
198 304
17 397
60 238
87 485
53 175
55 87
201 280
112 379
60 124
175 309
60 326
186 362
186 281
11 87
180 280
94 280
424 444
132 175
45 285
274 379
127 444
444 451
242 379
129 186
285 493
285 403
31 116
333 349
202 371
250 459
161 357
314 465
34 383
310 383
219 383
62 162
47 118
51 231
298 393
147 382
382 421
272 427
343 477
277 499
152 499
33 428
33 307
375 477
5 477
182 377
33 396
399 499
120 401
120 380
182 369
182 236
120 370
151 349
114 312
114 130
346 490
257 490
2 169
2 211
134 465
57 301
308 434
265 462
366 416
58 141
19 50
57 340
70 168
62 358
226 296
145 226
206 272
10 246
49 299
319 456
87 287
389 460
27 142
27 69
97 473
142 473
6 131
21 324
122 324
80 324
131 455
253 257
86 293
243 419
243 288
56 264
56 471
286 476
14 373
35 133
271 480
40 90
248 482
83 368
107 229
429 469
133 452
133 481
216 482
417 476
81 90
227 480
48 479
96 350
306 409
306 449
96 291
252 255
143 368
156 282
313 482
14 139
356 394
167 479
187 479
179 430
156 363
255 408
194 338
255 354
164 430
41 338
13 368
107 398
85 469
95 356
113 338
183 430
74 96
107 337
137 273
330 351
109 330
7 325
158 188
188 221
278 386
256 278
166 344
344 381
228 471
228 407
176 294
189 311
437 450
71 214
149 348
115 348
71 347
189 266
294 336
294 454
71 498
190 450
138 348
285 491
23 245
254 418
129 240
214 240
73 420
168 269
86 241
384 411
68 222
73 140
90 93
384 496
24 105
250 499
325 466
186 397
104 423
58 161
379 500
23 265
102 308
8 39
226 412
128 275
66 273
241 275
79 206
20 39
306 423
100 416
50 418
110 376
299 460
4 202
8 432
156 237
241 356
79 476
427 469
14 68
44 477
108 480
4 33
182 432
110 120
