46.377576
6507
116
31
20929
243 314
106 295
297 473
96 357
90 224
188 206
18 254
258 275
141 324
21 363
7 400
340 412
136 145
166 485
129 250
2 282
233 476
100 190
50 78
122 123
19 236
168 236
236 388
227 376
414 443
123 267
123 339
123 450
187 376
185 414
322 414
224 360
138 360
102 264
250 360
85 131
182 249
28 257
28 398
211 374
179 253
179 344
179 398
179 432
28 172
170 246
33 275
33 278
103 147
33 426
103 251
36 470
110 147
110 434
110 450
152 246
111 281
111 447
111 473
328 342
28 159
14 470
81 246
304 333
12 103
304 366
304 386
8 342
15 92
341 400
341 401
4 33
341 458
374 419
374 466
413 470
75 341
92 230
183 342
185 342
25 92
95 491
210 470
95 460
95 135
92 439
55 103
22 220
22 194
22 150
52 110
277 325
61 212
113 154
78 134
89 477
106 165
88 134
134 338
476 477
300 421
298 371
298 329
293 357
284 298
258 421
251 293
229 477
218 293
212 457
212 291
197 212
27 421
175 421
172 298
165 454
165 395
165 290
165 197
154 498
154 391
37 477
154 318
140 154
134 445
134 174
290 479
151 248
200 307
346 397
242 327
208 499
208 436
208 410
205 208
242 347
109 418
191 242
188 346
109 367
109 239
171 242
56 109
346 474
17 75
158 401
158 228
120 255
127 238
59 490
227 490
60 490
402 490
99 101
101 429
21 427
295 407
245 407
32 235
32 129
261 427
261 422
259 452
107 274
107 446
119 301
32 69
141 480
130 301
120 301
43 480
117 131
117 149
117 465
23 130
119 480
355 472
382 489
349 427
382 435
76 301
3 272
79 492
84 492
369 382
407 417
351 382
355 370
355 383
462 492
61 107
25 252
252 319
243 337
104 204
377 397
204 390
127 420
204 370
202 347
202 269
202 225
405 420
199 377
323 337
420 444
162 377
336 337
210 279
19 303
216 362
67 314
31 112
31 441
40 316
71 176
177 271
192 433
213 216
97 373
216 364
331 442
71 178
389 411
71 368
437 440
280 411
184 277
126 411
67 273
287 442
86 203
203 493
16 192
11 192
40 289
399 459
305 451
133 437
31 105
40 73
180 358
29 167
167 495
9 67
6 459
247 431
57 451
247 387
247 299
160 345
350 373
262 345
361 437
334 453
163 358
47 373
164 345
46 358
45 334
270 459
241 271
77 203
184 449
442 481
184 365
114 334
148 451
116 231
271 352
167 403
231 353
231 335
27 173
5 54
408 425
413 478
169 226
166 173
34 416
340 494
257 317
276 416
256 311
18 461
259 425
186 448
263 475
3 226
264 478
237 484
237 456
233 482
232 384
379 461
380 404
26 201
384 464
221 482
286 317
209 482
391 494
394 406
201 430
201 310
311 487
312 461
406 485
189 406
315 404
93 425
70 263
98 240
48 173
41 186
54 338
100 478
83 404
66 317
88 121
94 381
137 415
137 410
94 248
137 378
136 226
64 121
90 494
121 268
115 237
98 222
53 94
96 98
54 68
125 456
125 371
236 313
313 376
13 87
38 418
13 297
302 488
13 497
38 359
74 302
38 244
302 409
143 496
143 462
63 282
63 351
7 157
157 307
128 206
128 423
217 376
37 62
35 62
10 153
254 372
44 198
198 266
65 343
65 363
132 306
395 428
207 306
294 321
124 292
20 214
2 214
4 65
214 296
308 428
190 198
292 356
294 496
153 498
153 483
1 74
324 372
428 500
265 294
30 82
182 372
1 230
82 468
82 145
217 360
212 313
102 123
91 421
42 236
22 414
246 376
101 313
146 376
110 396
134 396
219 313
26 195
122 195
235 354
315 354
179 438
154 438
24 298
39 53
39 150
332 396
158 396
51 234
23 142
313 420
42 341
293 320
234 438
414 463
212 374
330 360
298 477
151 421
311 313
142 377
24 118
165 283
382 396
17 95
22 330
193 320
200 346
309 486
102 375
85 407
153 309
196 467
158 467
196 393
288 479
102 252
109 161
304 463
95 492
111 375
144 293
155 393
72 480
146 452
82 91
103 455
92 139
102 437
117 392
161 219
139 242
204 467
71 325
325 442
67 325
80 325
49 288
33 326
111 469
223 246
181 304
156 470
272 348
260 293
72 416
184 283
208 326
392 451
108 346
193 215
247 422
49 459
285 348
49 384
407 471
186 455
337 385
355 424
345 385
192 471
31 471
326 373
58 411
223 358
167 181
156 271
40 260
203 469
263 285
215 231
279 292
108 216
334 424
58 486
303 306
