38.357636
6335
106
178
23099
154 232
63 284
376 491
269 435
28 219
82 132
97 170
143 496
104 373
103 186
102 386
35 348
69 380
36 350
145 359
37 448
399 444
245 314
72 268
106 164
164 488
164 271
389 492
421 492
278 404
90 201
332 468
127 453
21 453
230 500
453 471
230 380
85 230
131 488
160 188
109 160
160 190
160 359
368 463
54 463
160 420
73 497
117 463
73 88
5 221
5 321
321 463
5 178
5 16
73 101
322 370
387 425
68 166
139 307
385 484
159 444
338 499
474 499
159 328
281 391
48 159
331 403
143 281
233 234
218 233
2 159
281 406
217 499
199 499
100 159
218 331
331 461
171 238
190 238
99 327
24 46
405 467
126 480
262 345
236 418
87 144
126 274
87 158
87 118
211 262
20 83
20 362
20 384
120 236
349 432
394 432
326 432
96 262
126 327
358 378
273 411
51 92
140 146
134 243
243 384
43 170
186 334
263 334
334 358
174 323
249 353
249 322
323 419
55 350
55 328
55 138
55 75
94 323
222 231
43 397
43 309
43 387
231 306
231 381
6 302
81 450
12 302
81 106
197 414
302 422
197 338
197 251
67 302
71 197
93 197
242 344
392 486
57 265
137 255
63 214
347 429
214 235
335 429
19 214
24 429
214 253
246 429
144 498
118 244
45 141
40 408
225 312
139 225
211 292
150 434
90 164
25 354
25 434
288 320
41 155
155 163
155 457
113 459
113 224
113 428
326 437
141 437
109 193
193 452
33 430
49 391
151 180
151 187
149 252
325 383
88 383
151 318
157 456
149 304
153 203
151 329
172 226
179 415
179 270
179 183
153 223
157 296
149 202
172 180
172 410
172 290
83 179
153 298
153 284
70 213
42 157
39 60
48 149
56 192
56 351
56 413
283 383
60 264
12 56
70 146
13 164
227 440
348 440
188 440
164 425
254 316
104 316
261 316
453 492
145 212
212 340
110 499
280 486
122 280
365 401
103 365
32 400
38 175
32 108
29 196
32 431
105 240
142 393
279 490
38 313
132 260
38 209
276 346
8 393
11 30
11 207
11 412
255 490
248 371
248 291
324 357
28 324
257 277
277 337
260 433
310 438
240 473
7 260
27 346
369 393
61 162
61 206
61 294
168 248
210 490
297 427
51 438
289 346
216 375
196 443
196 208
91 324
74 240
181 297
95 277
220 297
301 375
375 485
314 438
2 247
250 361
85 250
133 247
4 472
123 191
62 81
90 259
18 281
345 382
173 483
152 382
462 484
341 462
114 483
320 483
382 408
377 462
156 492
195 445
33 402
31 402
449 492
135 204
164 273
167 496
58 167
107 342
107 166
90 160
185 426
147 164
81 470
199 489
275 489
97 489
62 292
439 470
44 133
148 454
148 441
266 469
148 154
219 494
266 479
267 423
268 455
269 339
256 367
241 448
241 376
241 299
237 339
228 364
309 478
201 455
285 373
184 388
184 246
183 282
178 364
171 285
165 493
298 455
72 282
112 475
112 386
102 266
465 477
98 285
89 352
89 189
9 89
82 458
10 458
80 282
465 476
451 460
77 119
76 478
75 184
442 465
15 129
69 116
339 404
64 116
355 478
57 112
407 460
22 367
50 318
50 245
50 79
396 458
34 364
116 464
315 494
121 395
1 86
121 128
119 398
125 423
119 217
1 67
129 169
129 234
136 165
1 399
130 494
134 423
117 121
93 481
37 481
481 495
293 312
293 442
73 295
73 177
26 405
124 446
124 287
26 232
182 390
198 390
308 330
52 372
52 356
215 229
124 253
36 52
330 411
390 435
26 409
229 379
229 468
286 334
65 331
249 482
40 311
90 111
281 374
360 436
424 499
231 305
84 331
336 344
336 355
262 332
176 230
5 343
233 417
159 417
3 233
303 429
303 447
195 316
214 305
65 439
331 370
286 487
239 416
47 492
295 334
18 487
333 385
177 323
5 46
416 482
233 366
374 439
378 466
23 200
99 307
53 111
53 78
53 126
76 300
224 300
84 360
45 453
68 92
3 258
126 176
193 278
110 438
78 467
200 383
239 490
258 333
189 194
194 403
47 463
205 449
161 424
311 367
59 259
150 233
343 430
47 87
66 281
200 204
236 272
155 236
265 445
244 392
140 272
185 374
147 155
157 302
260 366
238 324
20 319
115 302
363 385
60 288
238 460
14 236
60 161
137 277
191 498
47 375
38 66
32 49
17 205
59 240
40 317
11 115
319 346
14 297
17 393
17 248
196 317
61 363
4 44
165 317
