31.513103
1
69
41566
92753
51 248
13 157
16 117
121 134
111 198
108 201
20 119
32 247
3 63
50 242
19 45
19 89
19 95
19 139
185 243
101 243
94 196
129 196
58 250
146 151
99 151
151 190
151 242
57 147
3 7
7 93
7 114
196 210
171 250
169 228
169 217
169 187
168 250
57 91
57 118
157 250
64 175
56 64
40 177
64 223
40 143
40 65
227 228
21 179
132 179
179 182
76 207
98 232
244 248
200 232
198 232
50 244
176 244
159 202
159 192
159 180
109 232
100 123
67 207
92 207
16 159
63 237
112 180
110 121
112 229
124 125
20 124
131 237
74 110
148 237
24 110
60 124
28 112
38 218
38 130
32 38
165 220
87 99
87 195
87 230
78 111
61 220
78 97
51 78
186 233
45 220
105 186
122 201
122 181
122 234
109 186
142 184
6 10
81 152
80 245
80 104
80 85
2 225
79 214
5 126
142 188
77 133
1 152
141 204
75 83
203 216
142 144
204 240
34 206
4 86
116 203
18 208
206 236
126 173
126 239
127 208
205 222
138 153
96 152
22 103
22 115
88 138
135 162
86 235
86 156
135 238
84 135
172 212
11 170
149 241
170 194
52 199
52 137
10 26
183 191
29 138
30 208
49 222
48 212
10 154
46 203
44 219
43 249
43 145
42 241
41 133
174 222
31 43
9 170
8 241
39 52
158 225
69 133
15 214
22 213
66 191
23 204
14 206
155 191
54 75
37 225
59 75
25 219
160 212
163 219
167 214
55 215
55 107
55 71
161 189
123 231
13 33
161 211
33 164
117 161
134 231
150 168
47 150
33 119
73 150
82 106
108 231
106 247
106 120
19 166
166 243
166 169
19 179
7 196
166 224
40 197
53 197
64 169
57 207
110 243
193 197
151 226
7 178
72 197
17 244
161 166
72 250
136 243
68 227
62 197
226 237
17 140
178 224
57 90
196 221
17 102
100 209
36 64
38 53
102 193
17 246
17 70
128 244
133 227
10 227
126 227
12 232
27 207
27 68
112 113
178 212
178 222
140 170
35 209
72 152
72 214
36 142
52 70
35 55
191 246
62 80
22 70
113 208
203 246
113 241
35 206
86 128
75 90
12 135
219 221
221 225
12 204
27 138
27 43
