28.137063
32398
71
7249
62747
114 317
264 350
100 345
252 341
19 338
125 133
93 262
54 132
52 146
225 268
151 155
77 306
144 247
174 265
179 291
35 98
54 56
56 141
56 156
56 193
56 106
62 350
62 292
48 62
62 99
119 195
152 346
240 278
274 346
165 229
25 114
25 218
229 338
25 295
227 229
127 278
200 346
34 346
198 229
81 278
39 78
39 103
39 215
39 219
60 174
264 278
270 315
270 279
78 270
105 270
30 270
163 183
66 303
163 195
55 163
66 188
14 177
51 271
87 186
148 232
176 241
184 257
40 339
40 289
140 171
171 286
40 277
40 207
156 287
82 241
61 63
155 171
59 206
84 154
164 320
63 227
154 199
63 341
154 177
135 294
137 280
135 214
154 254
59 243
166 249
59 316
137 285
143 241
48 320
139 257
104 249
17 337
17 250
17 209
21 257
17 93
253 320
92 232
257 303
103 117
90 135
89 300
89 144
28 287
86 232
133 320
115 137
116 135
117 234
117 235
117 240
287 310
86 171
130 232
287 296
11 89
12 249
261 275
77 261
261 262
168 280
128 182
56 123
147 314
80 175
108 231
108 216
108 152
22 175
33 108
175 226
333 336
73 299
38 258
97 342
88 208
41 88
88 211
88 236
162 334
18 172
172 295
132 172
238 344
119 123
24 305
53 305
269 292
269 317
85 269
100 305
163 323
75 113
145 304
95 194
2 145
95 325
74 145
142 201
120 302
118 263
129 150
95 197
75 213
68 76
23 266
13 224
224 321
224 245
266 272
29 68
266 348
9 75
37 302
4 150
187 201
185 263
167 302
68 178
159 201
150 283
57 263
51 323
15 193
15 47
160 329
191 222
160 312
65 333
222 279
65 162
96 180
96 345
46 96
56 261
203 212
146 212
19 70
70 179
218 259
259 273
98 309
307 340
296 327
326 344
112 260
293 309
308 324
248 289
248 288
291 349
309 332
115 340
205 223
148 242
161 181
161 246
161 301
170 340
173 220
190 330
192 326
199 308
202 343
131 189
248 252
221 327
223 294
225 230
228 271
230 298
230 314
236 326
122 228
247 255
71 131
6 330
94 237
7 255
64 343
16 209
91 239
16 204
67 94
16 186
69 220
27 330
10 347
10 268
10 231
83 220
8 164
8 318
79 349
73 327
8 169
35 308
112 151
112 138
110 242
109 328
109 319
3 97
3 102
3 111
5 45
49 255
105 343
1 239
50 223
5 182
5 217
38 109
52 349
36 242
278 331
43 229
59 62
153 346
56 238
25 233
60 66
63 346
137 244
66 233
27 101
17 43
124 331
60 175
56 282
26 60
47 134
130 290
139 290
134 312
60 322
58 108
42 143
300 313
42 246
136 205
83 313
18 136
25 342
66 128
14 117
163 196
149 168
60 157
124 256
241 276
171 276
158 256
26 281
89 175
153 311
58 126
107 244
87 121
249 299
281 284
149 311
72 135
39 335
121 210
210 334
32 270
232 297
20 89
154 251
63 267
44 257
107 258
266 336
62 101
72 95
147 239
131 196
31 126
94 258
20 305
150 335
201 267
145 297
68 282
31 75
224 251
44 302
32 263
