60.772793
1
131
12342
54518
212 281
115 325
409 422
233 399
75 320
178 255
107 136
108 135
134 156
151 345
9 36
235 314
284 314
19 260
234 431
56 431
18 272
138 215
210 431
121 203
260 423
61 83
260 304
254 340
138 264
138 295
138 392
83 158
83 320
156 260
335 431
71 240
240 251
240 277
166 283
129 170
250 363
170 190
133 250
42 170
197 209
197 400
197 422
208 310
40 283
127 435
105 324
75 170
72 421
330 426
72 387
330 394
324 391
72 299
315 324
12 197
72 294
292 324
15 330
18 330
283 426
250 381
283 380
123 250
439 440
115 428
78 230
100 242
163 366
159 349
129 424
45 211
63 118
118 339
108 424
151 181
144 442
118 279
70 112
56 230
271 366
366 435
30 211
356 412
349 416
27 168
27 62
344 356
4 428
24 230
242 293
274 341
282 440
285 428
304 341
12 356
340 440
7 424
9 27
239 392
41 181
176 239
181 419
203 349
409 442
207 211
239 393
223 341
397 442
60 132
60 107
60 433
196 206
154 157
154 233
154 398
13 216
13 123
13 93
49 206
206 367
81 255
81 167
81 214
2 20
325 327
318 434
258 276
258 263
130 299
130 425
136 258
208 318
205 281
185 205
162 205
173 384
173 290
28 318
69 327
26 130
2 345
2 352
40 173
50 327
292 407
52 407
46 407
14 245
134 245
143 245
207 266
221 410
201 222
36 336
204 303
35 288
34 401
33 351
33 253
33 160
212 377
217 336
219 265
198 227
222 309
225 337
231 379
48 91
231 444
236 337
237 414
29 289
153 198
241 280
48 287
38 111
164 322
165 377
161 321
169 193
169 268
155 432
171 288
38 248
179 317
155 195
180 401
164 445
182 186
183 308
38 98
188 308
47 101
246 296
189 328
79 312
37 427
37 199
37 67
6 189
297 353
303 399
308 372
311 350
311 373
11 383
316 317
317 319
11 94
11 68
326 414
10 280
8 311
289 368
336 338
337 420
5 101
347 401
3 178
354 362
3 54
365 410
3 44
403 449
410 413
415 418
1 246
262 355
244 378
189 332
246 411
247 280
249 265
25 446
257 269
25 408
259 389
259 417
25 53
23 65
261 382
243 354
265 346
269 329
269 348
270 288
22 396
278 333
278 447
22 256
22 140
17 377
16 261
286 403
116 139
102 275
102 361
104 174
104 291
104 405
106 182
74 259
73 321
110 354
113 149
114 289
66 231
102 226
116 306
48 402
117 437
65 194
120 302
120 385
120 395
65 109
122 414
124 403
126 155
128 303
89 415
79 370
79 450
80 262
82 198
76 404
76 360
84 222
85 378
87 321
88 224
88 406
88 429
117 252
90 278
92 117
95 297
96 261
97 125
97 386
97 438
99 238
99 273
99 305
76 137
101 150
58 175
147 415
145 297
142 378
141 164
51 169
149 192
55 262
148 182
58 119
58 64
57 116
149 390
131 376
131 135
397 436
21 388
213 388
177 367
177 339
240 314
254 310
218 254
323 441
272 443
374 441
83 358
43 314
254 331
121 369
202 260
138 448
359 441
197 374
72 323
112 170
86 121
86 272
39 272
254 357
266 441
32 272
59 121
121 146
307 441
307 431
228 283
200 428
211 300
301 324
202 330
310 313
127 152
118 375
371 442
27 443
374 424
323 349
81 300
184 310
181 228
358 366
33 127
127 303
127 259
146 250
218 359
232 310
184 200
313 364
102 200
364 407
104 300
200 377
300 343
239 334
230 448
77 172
172 448
2 103
116 323
280 374
101 443
289 375
182 371
189 364
265 375
354 443
308 371
261 364
112 342
229 440
267 341
220 242
232 375
169 228
103 337
48 103
177 314
242 436
60 187
88 369
149 301
311 369
76 77
191 331
120 202
262 301
77 99
258 342
334 401
65 334
22 448
31 205
130 430
39 97
58 191
59 403
59 288
37 307
25 307
59 117
191 222
278 298
32 38
298 415
298 410
146 231
146 317
32 414
155 191
32 269
297 342
229 378
31 246
79 220
187 198
232 298
164 267
321 430
11 43
112 388
