18.488529
11673
58
9671
36826
301 340
92 190
182 310
10 13
99 103
15 69
84 135
144 275
5 18
206 241
179 315
229 274
212 317
24 61
140 143
148 256
167 283
221 278
8 170
8 222
227 304
85 273
70 226
131 191
145 236
41 199
86 160
87 254
234 254
211 254
42 254
254 300
185 228
193 240
36 116
118 139
128 251
251 300
113 251
25 271
271 322
271 344
159 204
188 319
34 188
36 188
46 188
169 334
225 346
266 329
90 333
258 260
189 258
115 231
25 333
172 258
28 231
133 231
274 333
167 333
317 332
122 248
124 348
76 350
62 236
58 187
8 80
123 335
57 103
9 306
96 139
96 315
52 203
232 239
239 245
102 267
7 237
35 237
125 214
125 127
125 126
247 286
136 286
180 206
33 281
33 180
180 328
170 281
158 281
5 286
17 185
30 166
11 215
200 250
200 296
83 149
99 109
198 303
202 269
83 117
32 303
83 310
114 270
100 302
113 303
6 270
2 83
2 19
1 275
1 253
109 224
109 193
56 219
1 246
282 303
22 322
22 304
132 302
230 252
152 260
89 230
22 93
230 344
152 305
129 230
98 269
270 299
152 340
97 219
269 323
153 219
19 120
19 78
159 200
19 39
18 22
76 200
77 302
107 187
55 174
163 250
8 155
82 135
82 143
82 105
15 288
94 288
21 330
120 330
209 255
40 179
40 311
225 316
146 316
106 324
211 324
13 168
168 201
30 207
207 299
142 261
190 197
12 207
27 280
150 261
160 280
280 291
178 197
197 339
9 227
26 175
151 223
89 223
195 218
114 218
266 313
238 313
301 313
188 264
10 16
16 226
242 331
208 327
64 192
107 152
265 271
151 216
58 216
64 231
220 338
305 338
91 347
54 205
54 252
74 244
91 134
156 249
69 249
229 249
180 217
204 255
1 154
286 341
329 331
154 163
26 242
57 306
70 85
166 341
80 270
125 208
61 235
176 318
81 321
101 191
101 248
101 287
53 321
177 325
119 241
119 284
171 235
47 318
45 277
196 309
38 45
35 314
147 314
23 314
296 321
213 276
73 298
213 348
215 235
73 279
84 213
4 309
222 325
72 325
3 119
175 231
57 257
27 337
108 337
11 267
96 283
192 209
230 244
20 188
134 308
183 333
49 210
137 210
243 349
243 326
95 243
88 111
111 173
111 262
112 210
285 336
75 285
140 320
130 292
186 320
182 292
20 333
59 272
59 174
138 165
136 165
195 343
273 343
175 327
240 308
7 44
44 297
332 347
66 335
66 307
43 228
92 263
12 263
37 278
37 148
8 194
17 257
86 251
239 265
162 264
110 199
110 290
169 254
82 256
51 183
212 289
289 293
334 342
24 181
108 181
220 259
28 342
157 181
259 295
268 342
271 294
48 180
67 68
60 65
145 194
29 258
104 184
82 155
14 345
161 294
51 60
65 164
68 302
302 345
200 345
67 184
131 233
122 161
312 336
234 312
62 346
48 261
31 233
29 203
19 60
60 269
121 203
110 217
71 270
41 63
55 71
164 219
155 314
73 221
14 123
79 251
8 141
228 318
50 104
31 45
124 309
50 210
79 243
111 141
