33.754069
20880
105
2937
22669
248 446
317 440
314 456
103 348
54 352
107 326
113 393
51 231
117 122
16 412
247 360
22 420
182 279
185 332
37 270
36 357
213 460
210 490
370 465
69 225
93 477
297 329
224 307
224 442
132 490
132 345
118 132
103 132
87 249
353 364
383 458
317 383
383 391
367 383
40 45
40 81
17 123
164 308
17 117
131 164
149 196
177 236
76 114
282 487
212 382
140 389
399 422
188 434
198 434
455 459
167 215
389 402
125 481
121 459
4 399
11 426
206 399
328 459
327 399
100 172
371 389
100 176
80 426
481 494
352 434
60 481
100 412
215 371
349 389
79 215
265 426
319 403
223 436
422 436
31 293
248 293
177 436
149 436
293 349
293 480
160 346
75 380
160 218
96 168
96 197
75 333
75 499
96 463
75 301
102 160
96 229
75 309
4 21
19 96
397 450
175 318
265 299
150 224
232 421
1 274
274 278
245 274
229 479
43 479
22 479
275 500
275 493
106 219
106 240
275 341
106 449
106 445
275 477
25 495
25 28
25 404
25 87
26 238
50 437
50 278
50 68
26 141
27 313
27 312
226 269
193 499
57 365
118 416
184 416
79 193
102 365
286 468
138 226
147 365
179 393
9 179
154 179
336 416
226 398
163 286
289 466
347 372
71 466
466 474
217 347
19 466
129 466
21 273
384 485
21 47
190 281
374 492
182 246
77 186
394 417
186 297
186 372
453 454
355 495
218 246
213 486
2 281
370 417
367 417
271 355
178 454
234 374
155 355
323 374
314 486
246 269
246 300
281 360
104 486
263 486
32 454
36 355
64 186
13 155
212 280
253 469
15 57
191 409
252 409
37 418
91 418
391 409
397 409
418 439
69 418
29 348
29 446
152 257
215 344
146 255
181 255
255 386
255 285
20 411
168 338
233 443
185 471
199 343
327 343
66 471
88 351
148 475
88 500
88 441
254 383
176 462
342 392
184 192
41 311
24 201
6 201
71 311
119 256
159 230
132 224
207 426
72 434
23 100
171 203
417 431
189 464
31 464
96 254
383 473
280 340
58 214
56 400
56 384
56 169
53 214
264 282
258 375
135 151
189 264
151 247
54 214
375 378
375 386
63 107
65 264
63 175
86 151
63 98
298 459
44 356
44 465
17 224
193 256
196 224
356 377
377 407
210 361
156 361
299 329
93 274
128 174
287 415
415 432
34 283
284 310
90 428
48 243
243 413
243 482
368 415
128 277
128 315
276 428
130 284
358 424
406 428
358 379
30 283
268 358
183 284
10 283
216 257
216 438
132 241
72 447
164 383
431 471
244 270
244 457
244 498
211 245
142 211
291 435
7 339
112 219
112 385
362 402
242 362
7 456
52 159
16 52
42 473
230 273
131 288
288 400
249 250
150 337
203 399
14 49
14 357
139 403
139 373
164 487
126 410
126 332
162 225
134 162
186 483
164 426
331 343
170 451
165 496
173 325
187 235
35 115
180 476
38 387
38 231
20 38
376 423
290 392
325 433
325 460
334 405
8 419
366 448
8 390
369 496
261 427
5 475
388 488
5 395
5 237
405 494
407 488
476 484
491 497
227 326
194 405
195 292
205 304
28 220
220 267
220 305
222 296
222 425
33 261
227 364
232 476
235 322
235 350
74 116
251 324
251 489
260 451
85 330
95 488
46 474
73 290
91 304
145 440
145 320
67 448
145 239
136 333
136 401
46 113
74 263
85 166
78 94
78 122
84 143
83 304
46 70
143 272
143 279
78 295
82 227
114 136
101 290
105 108
105 262
105 463
161 376
109 491
111 376
120 292
74 142
115 121
115 127
158 496
51 85
92 167
461 467
443 467
92 180
430 467
342 344
337 340
21 353
17 144
224 266
418 483
321 369
73 321
25 171
39 208
303 478
414 481
150 214
144 200
459 478
62 316
42 481
124 266
40 55
132 316
39 486
396 483
179 452
21 363
160 414
40 221
100 354
160 429
55 382
110 274
133 322
153 207
39 255
76 157
374 452
208 381
331 375
12 478
335 434
18 25
3 215
61 485
298 396
40 302
89 293
61 137
236 359
241 470
124 253
259 363
106 450
203 411
281 303
286 436
294 404
294 423
27 59
12 202
228 479
137 472
354 454
27 447
17 148
3 26
233 472
59 204
148 319
209 259
99 157
62 291
246 444
110 491
261 303
8 200
18 448
97 274
266 306
193 408
302 358
221 222
228 251
137 243
152 361
99 428
15 292
444 451
128 462
192 415
201 408
133 209
97 283
284 306
