38.559770
14631
107
864
22886
66 333
236 294
205 418
20 444
179 404
39 266
283 442
11 468
47 493
121 143
108 178
103 160
99 261
95 217
392 416
76 227
446 481
79 286
89 403
371 478
30 368
368 488
5 368
391 435
156 249
249 498
249 379
16 249
226 425
332 448
267 332
321 485
185 443
185 360
185 203
151 457
151 260
30 151
15 129
117 188
34 169
209 447
99 196
25 61
196 485
264 319
196 405
180 264
61 466
163 264
150 264
61 431
52 196
61 149
71 341
132 211
228 364
211 336
228 312
228 292
105 211
211 484
193 228
85 119
154 477
260 477
94 140
22 358
94 384
94 499
186 489
18 164
98 164
102 164
337 489
176 489
164 348
14 224
22 222
445 489
476 489
22 217
224 405
22 215
224 308
224 294
10 161
225 452
393 452
110 356
41 381
286 356
278 441
317 381
119 184
277 394
184 283
181 263
181 338
181 442
184 432
95 441
394 480
193 381
197 441
204 394
205 356
133 384
237 458
132 171
129 430
387 398
71 387
75 430
335 400
84 325
387 472
137 171
31 458
253 325
157 325
18 430
171 372
175 387
273 325
185 368
267 428
126 312
57 295
79 295
295 426
243 298
478 500
231 345
230 329
230 310
230 235
214 481
214 352
214 303
209 345
242 403
272 358
383 429
91 243
285 500
281 348
114 281
367 500
301 383
272 414
345 449
361 374
357 383
32 391
35 361
35 242
33 323
33 250
33 108
33 76
43 272
44 345
68 242
32 279
32 157
56 361
27 243
19 242
25 32
50 500
39 281
67 281
46 349
109 155
207 288
197 408
54 420
149 340
2 175
45 340
216 252
138 378
138 371
274 340
138 190
2 49
111 241
111 290
113 340
226 252
178 252
252 363
120 474
2 315
2 277
111 130
120 416
120 393
120 182
368 459
222 410
287 307
239 410
101 410
321 435
12 451
94 368
187 282
124 256
151 249
55 300
9 473
4 199
122 417
245 328
245 444
167 439
245 297
247 453
128 199
47 453
27 199
104 439
9 154
308 439
324 417
418 453
417 446
368 394
158 249
249 421
368 428
165 195
121 455
26 386
26 63
65 455
165 479
188 208
208 454
165 319
235 275
146 275
46 318
385 494
219 318
26 469
55 208
455 476
159 385
160 385
275 450
183 318
112 372
112 180
171 373
64 430
332 425
64 361
332 483
77 490
19 490
365 379
365 389
8 90
40 339
147 151
179 322
322 460
368 408
93 270
93 266
61 151
147 447
74 224
313 382
202 251
202 390
152 229
29 162
202 396
58 353
302 313
29 269
118 438
200 347
198 456
347 461
83 191
191 486
191 388
78 353
172 347
37 223
37 259
37 399
174 409
1 456
135 409
131 313
229 343
234 353
118 170
118 354
220 409
296 456
29 106
123 229
177 447
77 144
144 436
81 370
370 468
262 364
262 467
422 488
342 422
38 103
69 127
38 66
369 392
189 350
189 254
369 492
232 402
21 376
407 497
34 401
23 100
36 97
6 116
21 282
401 404
401 482
17 375
10 212
11 62
304 316
304 323
12 116
304 423
305 359
284 397
284 355
320 415
13 59
17 124
7 80
268 495
17 475
331 495
201 359
261 334
334 377
20 212
351 362
21 248
194 434
194 221
232 238
145 362
89 212
100 327
87 465
100 227
87 96
134 192
44 53
134 257
153 369
134 445
53 207
98 284
87 155
139 495
141 334
62 333
143 320
62 88
80 280
97 236
80 285
97 463
82 407
84 407
59 363
125 437
125 471
69 420
116 136
59 344
60 320
168 419
168 306
166 436
69 413
166 255
72 168
38 218
166 307
53 366
299 487
142 447
299 447
164 483
22 169
115 249
42 224
321 424
74 109
258 321
332 356
148 228
148 211
22 240
73 447
73 314
246 332
264 311
15 400
412 462
158 452
107 387
173 430
94 326
107 464
86 381
142 171
85 424
243 341
184 496
181 440
184 433
92 321
326 330
243 293
3 293
208 462
165 462
373 491
111 117
185 256
314 411
258 395
233 433
3 210
13 276
309 386
309 331
72 276
213 421
311 458
289 394
206 330
214 311
138 496
54 164
210 265
230 244
147 318
126 406
51 244
51 406
288 383
339 487
8 177
28 447
385 421
187 441
26 459
440 455
380 395
230 451
48 92
427 489
271 381
70 265
272 470
289 359
194 246
24 464
206 362
189 349
48 456
202 287
29 287
291 380
125 411
70 346
37 300
28 353
313 346
229 271
191 470
291 409
347 427
24 118
232 491
