20.195298
26043
64
14316
36932
21 313
189 329
186 330
121 183
104 272
16 314
17 19
74 203
22 293
127 324
49 288
28 116
36 291
144 336
149 192
125 346
12 67
191 255
35 91
238 308
14 65
119 349
119 221
56 119
35 119
1 319
256 263
249 258
57 249
61 147
235 332
61 231
235 270
45 235
113 235
243 319
177 254
217 304
218 277
93 233
93 198
93 258
93 298
176 333
154 345
84 86
169 195
291 350
128 277
45 86
195 251
86 153
86 189
195 298
18 350
111 128
195 329
217 350
180 278
31 207
171 257
257 288
36 257
165 257
135 319
39 280
39 261
56 82
37 82
40 317
87 325
293 325
325 347
24 73
102 251
33 172
148 173
148 300
87 148
181 232
16 301
46 247
102 243
266 331
105 268
105 300
100 118
133 229
168 345
168 206
136 168
117 134
117 321
184 299
109 316
6 109
199 220
41 287
150 290
41 94
144 234
41 225
14 234
85 142
276 290
85 232
71 318
85 303
272 327
265 299
71 156
28 220
67 327
234 313
63 220
253 299
228 327
124 155
75 315
75 171
75 339
75 107
139 307
20 240
139 193
139 164
59 149
59 166
11 32
17 289
122 289
89 254
20 21
103 326
89 214
20 323
89 140
32 241
262 326
46 284
27 59
34 89
32 322
289 336
284 310
151 326
52 284
224 289
7 174
7 179
153 160
325 346
128 135
4 319
76 196
286 311
8 170
8 255
194 239
8 275
19 239
239 333
275 296
51 296
114 242
114 212
114 141
114 292
234 308
78 132
132 330
235 238
99 111
37 99
207 269
167 269
126 342
191 331
102 146
236 335
58 335
68 324
22 68
74 209
69 209
209 229
146 148
1 9
9 263
43 202
208 249
39 266
30 206
30 120
128 259
83 226
58 83
319 344
55 184
55 307
60 195
29 305
93 191
95 106
106 180
62 244
139 146
191 274
155 325
237 244
29 341
12 133
91 154
62 304
216 219
64 219
116 219
61 177
3 317
3 80
203 215
215 253
215 283
176 230
294 309
23 294
130 337
130 297
130 271
47 188
47 96
211 294
47 97
2 179
161 344
33 79
210 224
79 314
44 349
210 340
44 281
123 350
90 200
200 283
124 278
39 341
162 350
164 306
248 306
115 328
72 95
72 214
5 312
50 273
159 338
158 285
158 268
158 187
157 227
26 205
48 205
50 197
152 159
252 264
201 223
131 186
202 264
131 339
53 98
53 121
53 127
54 131
145 282
145 250
145 242
246 302
54 204
26 204
110 227
226 246
223 281
192 295
112 205
70 185
108 264
295 320
190 223
183 246
15 295
64 204
185 267
13 80
13 178
137 274
161 237
101 125
101 143
42 348
49 348
319 334
81 138
138 225
10 73
10 343
10 88
172 208
259 326
61 182
77 218
4 59
31 61
2 209
163 249
85 191
213 284
213 326
20 312
40 137
119 290
123 222
71 230
92 257
61 117
71 328
76 162
163 260
66 77
5 38
117 279
41 279
38 118
114 176
245 249
32 182
109 260
24 41
175 247
38 286
126 334
25 245
43 257
50 154
25 227
60 294
130 175
181 185
129 299
159 301
47 129
