29.212881
3331
82
8177
53213
243 270
44 367
106 140
12 41
215 328
69 334
232 259
156 323
158 271
159 388
27 293
100 324
239 240
110 200
174 380
71 249
71 253
10 197
214 273
261 299
11 20
132 378
87 132
204 333
195 368
46 135
263 390
46 245
46 234
46 144
13 29
80 115
74 296
115 223
242 351
115 367
236 351
62 131
8 393
8 186
62 195
8 105
351 366
8 37
70 74
62 198
324 351
336 351
21 387
21 186
21 103
21 38
105 114
233 304
321 376
183 245
212 275
79 318
40 99
207 291
162 219
60 86
242 347
51 293
51 275
51 108
120 219
152 278
216 219
143 278
267 397
278 356
86 265
323 347
267 366
312 347
267 346
86 257
165 192
331 397
154 331
115 276
301 374
158 309
47 309
27 309
252 309
206 330
220 262
231 262
106 330
244 339
11 17
248 258
313 317
45 339
101 262
317 325
317 398
31 241
57 258
258 288
25 243
23 339
25 263
25 280
25 326
169 241
109 330
17 280
17 173
17 92
241 283
241 292
83 268
26 392
26 266
139 332
136 332
5 26
332 365
3 26
171 179
298 369
328 337
337 338
337 389
345 369
52 344
90 171
171 374
171 384
319 344
201 369
43 369
42 388
42 356
42 303
150 344
42 191
260 344
72 337
189 361
10 238
96 203
89 312
33 89
33 364
110 364
10 200
276 309
127 249
108 127
60 151
237 321
201 237
237 305
59 272
95 102
100 255
99 255
95 175
50 140
210 255
202 385
197 385
232 272
50 148
50 187
354 385
56 216
56 177
10 71
176 350
113 164
361 382
81 382
382 400
113 150
113 134
155 285
226 285
161 182
3 161
30 396
122 355
170 250
118 160
30 310
24 360
24 133
24 82
250 342
19 250
18 228
18 163
18 75
30 334
180 217
180 373
180 394
160 168
48 358
48 335
48 61
68 160
213 355
221 355
47 295
1 295
316 399
126 316
92 314
314 384
172 370
357 386
155 340
39 235
257 370
90 340
259 357
15 125
15 338
21 157
166 377
34 166
123 184
184 350
157 233
9 271
9 327
185 348
117 154
117 363
2 23
2 277
141 391
343 377
211 343
149 311
146 315
147 215
147 300
147 372
149 159
149 225
142 296
254 349
67 298
251 302
67 137
66 128
142 381
156 395
256 371
16 67
138 291
266 341
44 302
129 399
129 375
129 286
128 270
277 329
126 128
55 142
193 261
193 234
49 352
222 302
224 227
188 395
224 268
224 279
229 346
181 240
181 182
53 138
54 104
65 395
178 341
34 112
32 315
29 36
172 289
28 36
167 181
218 359
63 229
36 239
37 352
14 320
104 204
77 174
91 284
77 322
96 371
98 349
349 354
297 320
104 165
79 138
6 69
12 359
84 229
112 273
112 145
307 341
6 97
41 77
6 196
107 193
205 329
94 209
359 383
91 379
94 253
94 304
76 329
281 371
282 352
283 289
62 121
13 390
114 132
64 115
8 35
21 78
51 199
58 141
141 306
132 318
171 269
74 287
58 230
22 190
21 62
219 368
35 119
71 332
119 390
71 337
58 258
306 339
26 124
10 203
74 183
124 369
58 130
290 380
73 267
88 269
46 330
287 347
290 391
74 192
190 230
73 130
86 212
85 121
20 362
4 85
116 309
78 272
83 376
22 93
176 333
64 294
153 294
10 274
189 207
4 113
17 308
199 235
214 295
194 262
40 111
58 247
208 317
189 262
95 212
93 278
355 390
48 390
42 246
208 246
185 299
7 317
91 153
30 116
264 332
308 315
151 180
111 353
7 320
247 250
18 264
24 274
160 353
