3.526305
185747
13
356
188213
72 100
4 37
12 67
31 67
54 59
17 32
29 100
18 78
38 98
15 50
18 63
52 63
25 63
38 63
55 68
64 79
45 87
19 82
3 85
85 92
56 98
10 35
30 69
30 37
12 30
45 56
50 64
19 88
47 99
11 82
11 52
11 39
11 28
8 99
72 99
85 88
77 79
24 76
39 76
9 76
65 76
41 94
22 49
26 92
26 83
65 74
55 74
43 81
33 62
59 77
61 90
66 90
1 15
1 4
78 95
58 68
33 67
73 95
58 81
10 85
9 86
42 86
40 89
16 40
34 97
23 70
5 61
32 97
31 70
5 36
2 5
70 91
69 97
67 73
80 84
42 80
44 71
57 63
44 62
66 96
53 96
13 67
20 60
29 60
71 99
5 43
7 48
7 51
49 57
25 93
6 93
27 93
14 21
40 58
75 94
46 75
20 41
17 13
21 35
