19.481572
79267
55
2367
84080
56 178
190 233
15 249
125 165
40 179
121 133
3 18
2 159
2 143
2 115
2 78
2 77
61 168
21 61
67 202
48 67
38 67
67 133
128 229
150 206
68 206
64 218
35 110
32 104
35 221
7 35
66 104
104 232
68 139
25 64
100 163
87 118
17 118
163 227
83 164
163 190
25 231
25 248
83 97
32 158
136 225
144 241
144 239
6 249
6 214
6 134
6 99
138 209
74 181
123 228
181 201
135 228
199 216
126 199
22 228
96 200
11 199
96 192
109 181
112 162
156 228
155 162
96 140
153 162
95 162
23 199
124 153
26 130
60 207
106 207
122 207
39 124
130 243
130 219
81 151
31 81
18 81
82 92
92 137
85 152
166 197
99 197
145 197
185 216
185 204
185 223
147 185
27 36
36 50
33 36
130 245
71 205
183 217
173 196
56 183
13 70
13 175
196 220
150 215
119 215
230 233
196 232
41 230
39 215
117 189
76 129
171 180
71 180
76 111
40 180
76 84
30 114
47 224
178 224
120 224
8 107
186 238
121 238
151 211
93 208
109 208
3 65
65 191
237 242
188 246
1 210
154 234
147 213
131 170
125 132
73 107
203 244
75 132
212 237
123 210
80 95
213 225
80 113
80 128
116 159
116 138
213 226
115 203
85 131
91 203
87 132
57 176
58 146
58 187
16 195
59 73
16 189
16 142
42 131
15 237
58 90
57 179
14 188
20 57
10 234
9 198
9 177
48 210
54 116
28 73
55 141
53 55
89 222
89 236
89 247
55 72
43 44
105 108
44 98
46 105
19 44
105 157
69 194
30 194
165 169
29 169
61 172
211 245
2 88
61 206
35 94
94 158
24 25
145 149
149 187
24 207
35 67
45 206
102 206
90 174
137 174
84 161
161 173
63 206
79 172
25 102
2 240
67 182
45 182
61 92
104 136
118 139
139 163
67 101
51 127
88 199
63 144
37 148
52 118
12 83
180 184
76 184
83 209
79 86
130 167
37 103
118 250
5 184
51 92
88 235
184 224
101 148
104 152
81 86
34 181
181 240
6 81
4 96
52 117
114 167
34 36
12 49
13 36
160 163
124 188
4 8
193 205
5 62
9 114
49 234
62 105
44 160
55 193
89 193
