6.680738
74127
24
22121
105402
55 133
80 176
16 137
25 69
116 152
172 174
22 44
38 142
103 110
18 91
62 147
28 93
10 159
79 170
106 130
44 95
52 135
8 44
145 177
60 86
60 111
60 83
60 117
60 78
107 127
50 140
40 50
28 134
99 156
70 134
114 134
102 153
24 99
111 153
20 44
12 21
20 165
9 128
100 171
171 178
152 171
68 171
70 163
41 44
25 131
35 131
1 94
94 122
39 55
100 121
121 160
17 63
17 104
36 113
160 179
98 137
98 166
157 179
104 164
44 58
7 97
30 119
26 175
30 91
26 88
30 138
26 63
6 105
6 154
13 15
15 68
15 69
37 44
115 136
51 96
2 115
4 22
4 135
4 116
16 115
4 59
34 52
8 180
40 81
120 138
35 120
84 129
61 84
24 161
109 161
64 101
18 65
44 140
99 112
44 66
10 41
44 153
66 167
27 148
22 148
107 148
36 37
29 47
47 157
14 149
42 75
75 83
103 127
23 87
87 128
126 155
45 174
155 175
45 53
71 155
54 155
127 132
31 81
5 43
124 173
163 167
125 143
21 132
5 93
67 171
149 150
62 180
57 170
125 172
39 67
32 56
56 145
64 127
141 178
82 141
79 141
130 168
99 101
124 143
74 118
74 127
51 112
150 168
76 110
38 76
115 165
72 108
108 162
49 108
150 153
6 142
90 96
90 92
33 118
11 73
144 169
73 77
73 117
80 144
3 19
7 19
89 173
89 147
158 176
123 158
12 139
48 139
153 177
43 164
46 146
65 146
9 57
33 151
58 94
46 84
33 97
113 144
85 151
85 108
