4.736459
45826
15
17596
74041
40 101
60 99
1 65
17 87
64 69
9 75
66 88
52 103
52 102
53 107
63 107
27 107
82 107
92 107
90 111
1 15
15 101
15 68
95 118
14 54
69 98
49 104
88 117
12 62
12 18
52 97
45 83
77 83
60 83
53 83
52 66
17 25
25 33
30 35
13 51
51 94
52 64
7 16
76 79
37 86
8 99
85 106
52 107
34 55
34 68
3 34
23 63
23 90
4 105
2 6
12 85
12 54
41 50
59 105
19 59
28 75
19 28
98 108
40 109
24 109
26 109
47 109
2 71
78 106
4 14
78 104
74 89
74 76
10 57
10 32
8 84
70 87
12 108
5 48
48 49
29 71
6 107
25 84
15 83
9 13
83 118
31 36
20 65
22 42
39 42
15 30
11 29
11 21
22 61
61 103
10 97
56 114
80 114
110 114
67 82
67 72
47 113
46 113
21 41
7 119
44 119
55 116
38 116
36 120
73 120
91 120
18 81
81 100
86 112
112 115
58 112
25 79
16 70
31 111
20 37
43 96
93 96
37 114
79 96
