24.228222
1
53
407
84057
97 198
18 79
156 167
25 142
9 188
101 132
3 118
173 191
58 165
128 197
61 64
4 128
100 128
165 166
165 200
165 170
36 106
36 155
18 36
89 162
57 195
55 96
54 195
17 153
96 177
21 37
21 175
21 187
89 193
27 195
28 153
33 96
34 89
101 153
72 147
72 124
85 199
72 103
157 199
65 96
62 72
9 199
35 132
35 63
35 94
46 174
15 107
46 58
107 146
46 71
5 152
81 107
5 29
5 11
50 93
93 116
93 184
109 156
20 109
109 140
109 136
79 105
3 133
105 169
105 182
49 133
52 133
30 179
76 141
95 180
42 87
95 154
67 87
95 113
92 160
82 98
82 114
74 196
82 192
1 7
83 88
88 91
86 102
87 168
130 151
150 151
12 40
12 112
151 171
12 178
13 31
13 56
13 75
8 134
144 185
143 160
6 144
16 48
16 135
16 145
111 141
99 196
1 125
38 160
102 158
102 189
26 139
26 126
26 90
164 196
115 134
1 148
121 144
23 88
22 134
123 141
68 84
39 84
84 167
66 161
19 161
44 161
66 122
70 108
80 142
147 163
140 194
137 163
163 179
117 194
60 119
14 45
24 110
41 198
41 131
32 183
24 120
60 181
60 191
24 188
14 43
69 194
32 177
32 149
14 64
118 173
96 118
118 153
61 173
61 199
21 36
35 165
5 128
46 128
12 118
47 61
173 176
10 61
89 93
73 173
129 199
104 165
89 159
72 73
51 153
61 77
36 127
109 176
2 195
128 186
122 195
53 107
46 53
138 190
138 159
2 10
105 129
160 176
133 190
5 78
35 80
1 129
144 159
102 190
151 159
95 190
26 51
87 172
141 172
16 172
2 13
2 88
59 172
59 104
30 108
186 196
78 82
80 134
41 127
