10.865104
2581
28
91731
115820
21 71
45 58
24 53
50 96
52 123
86 146
15 163
74 77
69 95
16 61
60 61
37 180
37 102
67 153
35 139
37 44
40 161
34 82
49 172
26 172
81 103
103 123
55 103
103 159
77 79
24 79
79 102
79 176
103 160
138 139
36 88
29 88
26 88
88 126
78 175
14 163
14 137
14 49
87 165
148 149
39 149
92 135
112 135
131 135
14 118
65 117
55 117
2 47
19 25
19 81
1 28
2 41
2 11
1 169
1 120
19 100
1 58
19 118
19 161
20 108
130 164
164 166
23 62
23 63
23 84
23 86
70 164
8 36
8 70
8 72
85 106
8 158
9 106
82 164
106 132
59 98
98 137
98 105
98 111
96 110
110 116
89 110
110 159
151 173
76 173
17 157
157 165
13 157
5 179
44 98
88 138
113 122
56 113
40 97
135 177
10 114
2 93
18 63
18 65
78 119
42 119
30 119
56 99
99 180
99 162
66 74
33 129
76 129
35 129
66 174
2 177
39 104
104 122
104 133
51 160
37 64
93 129
69 140
128 140
22 109
109 112
27 80
3 27
27 134
32 136
21 167
4 121
29 167
53 152
115 121
152 168
38 170
31 38
73 75
52 75
1 97
64 150
61 155
37 48
10 57
142 143
127 142
57 145
144 154
54 107
50 154
91 147
91 171
6 57
67 154
68 107
15 91
116 142
37 61
43 169
45 90
43 156
90 141
61 178
37 101
83 128
42 83
46 179
87 95
61 87
46 51
48 106
108 155
94 150
7 84
115 124
7 12
54 124
114 175
178 37
34 136
107 153
94 125
27 125
