34.067383
35428
95
18109
36051
30 171
213 339
380 416
55 385
282 289
278 415
130 159
287 424
292 313
269 304
178 206
62 146
122 426
172 353
27 433
16 433
82 408
322 335
70 428
390 428
106 376
15 389
185 285
227 389
73 377
43 285
272 389
148 194
151 377
76 285
49 194
235 377
285 309
352 414
285 432
194 341
63 352
194 258
116 377
118 262
131 262
39 389
314 352
245 262
6 262
246 284
167 283
20 48
18 141
141 409
65 186
86 328
117 142
72 142
22 142
38 65
65 219
65 313
90 374
90 275
142 442
90 178
90 148
90 137
86 94
86 122
86 129
86 174
228 368
31 260
200 330
110 181
75 166
115 311
197 311
236 311
7 128
7 195
166 278
7 368
242 432
118 158
14 354
45 197
45 116
43 367
45 256
165 265
240 366
310 406
231 348
147 406
124 367
248 348
130 395
245 265
261 327
109 308
265 385
140 367
146 308
80 331
234 239
80 284
45 413
234 411
69 265
66 80
161 252
161 450
52 406
234 294
8 83
327 436
367 420
332 395
200 212
366 407
198 308
357 366
5 234
351 395
199 212
8 441
8 400
24 244
24 254
348 404
212 337
25 161
24 430
327 411
220 308
327 364
395 417
23 268
23 107
3 93
3 298
3 359
3 422
112 280
128 217
241 450
138 293
241 434
209 241
62 138
241 270
138 261
4 439
4 400
4 392
46 102
102 112
102 440
102 399
204 259
210 257
33 211
84 107
84 318
14 84
363 365
223 365
61 449
13 358
17 365
13 264
13 89
424 449
53 449
343 365
309 388
207 388
44 293
22 105
190 248
190 386
126 253
297 353
113 324
113 238
169 184
78 169
213 391
30 391
237 290
297 426
121 127
144 315
129 391
175 290
21 320
21 373
108 297
144 332
6 169
40 121
153 375
153 427
153 442
211 290
104 144
160 170
47 412
262 433
164 191
106 164
94 164
344 384
134 149
96 446
36 305
232 402
345 349
59 446
349 419
58 162
162 208
162 291
232 303
182 446
316 349
176 232
36 372
149 336
36 321
149 282
56 423
339 423
28 416
292 437
216 444
216 401
85 382
387 437
136 155
136 384
311 433
347 398
93 398
10 271
71 103
12 160
172 189
88 189
76 189
206 447
383 447
87 98
46 87
273 425
143 307
181 205
222 335
222 283
173 317
177 340
205 405
230 431
202 260
202 286
125 251
183 319
186 273
229 448
198 369
192 350
154 179
135 180
135 325
222 394
154 210
243 403
159 173
196 350
157 370
154 288
54 218
35 410
37 97
37 100
315 403
37 287
312 361
304 435
301 379
301 306
51 369
54 132
35 231
55 448
61 135
289 312
67 251
68 204
68 255
68 418
74 356
77 171
77 269
77 355
19 187
408 435
2 26
9 177
374 431
370 443
15 202
16 356
17 431
18 205
19 50
19 57
247 378
20 435
362 369
350 415
26 60
27 403
29 119
29 175
29 258
329 448
35 215
81 276
92 173
95 307
274 356
99 312
249 401
114 301
115 249
247 438
267 276
81 249
268 273
123 319
276 381
212 433
47 376
295 433
44 160
160 429
48 428
7 82
266 295
126 160
163 167
120 428
65 323
90 201
141 279
1 7
103 388
139 377
139 352
142 163
156 161
156 327
133 377
80 168
194 228
65 371
246 263
170 352
234 300
80 326
34 224
133 141
266 449
338 389
224 302
31 111
34 366
24 34
212 428
393 428
101 226
12 322
242 389
71 302
279 354
101 138
194 203
34 233
11 187
11 51
145 265
161 296
111 150
168 449
142 346
32 395
79 225
262 280
42 333
156 360
8 141
257 281
33 281
158 166
160 247
160 319
144 397
188 243
114 188
1 113
169 333
214 326
41 406
348 396
396 406
334 346
3 166
42 225
203 348
311 421
193 366
342 397
214 221
110 259
64 150
120 121
133 277
13 338
34 36
152 342
250 334
145 149
177 333
21 193
141 344
299 352
10 152
26 221
41 382
32 370
54 330
232 250
251 421
217 307
28 105
360 445
91 277
162 445
91 446
299 349
