15.544776
1
37
91
161373
90 108
14 19
13 58
76 81
16 54
52 80
44 78
27 60
60 91
60 64
79 139
14 139
66 139
11 139
3 70
70 89
72 138
70 129
46 70
72 128
33 87
66 72
33 115
33 127
67 101
52 121
90 121
27 99
28 55
28 81
28 84
49 94
25 49
49 78
48 107
36 99
44 117
40 132
77 107
80 117
18 100
3 40
18 98
18 43
16 40
83 99
106 117
13 107
108 134
50 88
95 96
104 131
104 136
76 134
114 122
119 125
125 126
2 124
53 56
56 92
69 75
74 125
73 135
73 102
56 123
58 124
59 124
61 104
63 95
69 133
69 103
9 85
17 120
15 50
12 120
10 73
9 93
9 86
35 95
20 120
8 50
21 24
29 134
21 30
21 38
5 114
4 114
39 47
19 140
71 112
65 112
62 140
34 47
45 140
82 110
101 110
110 118
111 112
32 137
54 137
109 137
22 79
65 68
1 22
43 68
57 138
57 71
72 116
114 116
110 116
31 116
33 97
67 70
26 60
40 97
69 97
23 33
99 105
51 107
26 97
105 130
7 72
9 105
50 105
51 56
51 120
37 130
42 121
23 117
6 28
18 41
31 51
37 113
6 73
7 21
7 104
42 125
42 95
41 47
