12.748779
106570
34
7087
134560
83 138
87 159
41 67
10 36
19 91
94 132
107 135
65 133
25 102
25 112
81 111
148 155
6 104
65 123
104 141
96 131
74 131
60 123
37 104
80 131
28 104
68 138
61 68
35 68
47 68
30 68
53 86
21 24
130 135
121 130
63 130
4 14
32 86
24 26
24 70
43 86
130 136
15 86
14 38
14 95
59 134
59 159
59 128
16 84
28 92
93 117
37 139
5 31
44 158
57 117
51 71
71 160
143 151
17 132
17 129
17 44
16 57
91 151
13 57
11 71
90 151
11 64
42 146
1 58
3 146
40 58
62 146
58 125
75 152
85 105
39 78
34 72
34 108
2 22
2 87
85 142
76 142
69 107
12 23
83 89
77 79
18 67
18 72
18 154
10 45
69 81
19 109
66 103
20 89
23 82
55 140
74 89
9 45
97 118
99 118
100 106
106 136
7 66
108 118
109 122
114 156
120 137
6 79
127 147
5 137
149 156
55 94
35 106
36 79
33 109
30 156
41 69
29 153
43 48
29 144
45 148
46 147
48 88
48 133
54 137
55 124
25 113
101 113
25 123
56 68
49 101
14 111
116 157
25 92
123 157
86 110
52 111
56 73
104 115
101 145
119 145
101 126
17 111
111 151
52 110
25 105
31 131
57 119
24 126
27 101
131 150
50 59
59 139
24 64
66 116
98 130
50 146
93 152
78 84
8 27
23 158
8 147
58 98
29 150
