43.556317
5185
106
605
31158
181 259
246 309
103 256
262 334
274 343
14 357
195 312
11 102
87 321
124 330
189 395
130 379
148 394
38 39
348 396
157 281
71 110
3 186
28 205
205 352
86 282
155 387
298 387
13 387
196 388
83 313
103 145
362 388
72 83
65 388
168 376
300 391
39 300
145 215
83 129
295 300
168 237
168 288
136 243
105 386
243 276
185 243
243 258
12 386
96 243
332 386
290 386
68 264
9 76
9 75
9 364
22 310
22 208
22 92
22 91
66 350
66 221
66 287
66 233
154 298
120 395
84 370
184 242
144 242
114 378
84 265
78 382
78 290
70 217
70 257
78 219
38 84
78 214
54 379
101 309
101 231
57 70
101 110
242 318
55 381
55 210
55 117
55 107
24 124
120 256
24 241
24 260
24 325
54 209
54 142
114 161
114 241
101 345
120 128
137 392
394 397
264 385
223 397
266 392
31 397
292 392
240 334
240 363
307 385
240 396
5 273
20 259
5 195
5 48
20 142
20 141
345 385
202 383
186 383
246 383
89 366
99 166
94 143
95 294
275 366
97 149
98 338
98 359
100 225
98 377
294 358
162 211
355 373
331 335
329 331
315 393
82 176
82 267
315 390
299 344
88 139
85 167
285 297
279 327
277 369
277 347
104 291
271 302
88 116
149 158
177 193
140 355
143 247
143 349
173 302
171 192
146 225
170 299
135 279
150 251
150 269
167 361
166 368
166 227
165 398
165 342
163 299
109 328
245 317
104 372
104 399
239 315
238 297
228 279
225 284
109 272
252 294
212 353
211 253
201 277
200 353
193 203
191 355
125 165
134 245
18 82
2 153
2 182
62 93
58 150
2 81
62 375
56 62
63 193
4 109
25 74
6 331
25 169
52 149
50 302
25 296
73 88
15 297
33 167
29 366
36 171
37 211
44 245
17 353
41 171
312 354
102 194
194 343
157 354
314 333
262 314
111 365
147 314
132 226
123 194
132 148
270 354
49 132
8 111
61 111
48 293
26 119
26 278
26 350
19 382
19 374
79 204
79 357
112 306
301 306
233 280
61 263
133 152
133 292
47 87
198 250
197 260
43 197
330 346
42 183
47 175
136 183
47 281
174 213
198 360
32 222
178 188
1 339
130 305
32 232
11 178
172 316
32 321
16 254
71 261
181 197
30 381
30 336
30 80
77 178
1 206
16 289
164 346
160 360
28 346
40 46
156 380
40 303
40 348
152 316
1 14
229 261
64 179
106 183
326 360
113 322
113 351
96 218
53 207
53 122
305 340
64 352
90 305
118 213
3 316
304 311
91 213
64 67
21 356
21 189
21 371
218 236
86 261
218 274
220 311
23 380
202 235
235 339
45 159
83 145
69 300
249 282
98 205
27 320
69 341
242 320
101 320
159 242
45 230
115 205
83 199
69 199
120 308
145 249
70 168
84 323
126 323
120 388
45 131
47 205
68 114
384 389
66 337
159 245
302 320
88 323
45 121
244 308
59 154
26 323
293 386
27 59
263 387
34 187
248 323
159 178
213 320
255 387
69 224
34 131
240 319
187 384
35 389
108 145
234 388
250 389
168 286
126 397
45 60
286 389
151 300
268 386
230 297
319 354
126 193
9 286
126 331
279 337
51 121
111 190
127 385
199 380
199 311
34 216
70 138
55 151
114 400
127 143
180 366
171 180
82 180
20 367
7 51
115 180
225 367
35 150
149 268
104 283
294 400
109 400
108 166
211 286
60 165
299 324
7 355
60 277
138 315
62 324
2 7
10 167
25 151
234 353
224 306
244 283
216 324
10 248
53 280
16 263
10 113
