15.849126
13743
42
5381
64814
27 62
79 160
46 149
55 122
8 176
85 148
42 148
148 168
25 155
25 76
25 39
23 58
58 82
87 154
128 146
7 32
156 162
7 130
7 114
99 164
99 169
10 49
61 180
91 159
61 98
16 35
16 59
103 159
16 79
113 159
16 136
9 144
9 67
9 22
68 137
57 139
36 37
71 98
97 101
12 84
45 128
45 51
52 117
125 131
29 106
28 174
28 114
106 149
39 131
28 54
89 106
118 131
1 88
10 88
140 166
44 111
133 166
153 163
119 161
132 172
2 24
47 163
120 138
119 157
111 158
110 138
64 135
64 167
65 163
66 72
109 172
104 111
72 77
92 138
81 172
24 171
24 150
21 64
19 72
5 119
17 166
36 165
94 121
101 129
124 129
129 147
100 154
60 100
107 176
105 139
78 122
62 78
6 160
48 123
75 105
73 78
115 143
70 90
69 107
54 90
20 74
8 13
6 41
6 94
20 177
80 107
33 46
33 51
13 156
33 142
90 179
34 55
34 59
34 112
30 143
3 27
3 174
13 173
3 175
38 93
38 126
38 145
11 178
11 117
14 123
42 143
26 105
11 12
32 134
96 134
83 137
53 83
25 40
31 146
40 87
95 126
25 159
43 58
146 170
9 148
18 125
18 75
40 61
159 162
58 127
4 37
49 61
9 170
45 102
57 146
4 106
31 152
7 68
102 121
108 148
16 86
52 146
58 121
84 99
15 40
20 58
63 127
162 163
166 170
151 152
7 56
129 162
72 97
25 95
141 151
86 123
15 116
50 71
108 172
111 116
24 141
119 165
56 138
50 64
