44.223934
35696
102
31090
56721
117 168
88 187
127 265
75 249
59 317
54 324
119 378
152 323
47 253
338 372
238 376
3 179
174 316
184 332
2 31
99 106
23 42
42 81
48 278
278 379
278 293
12 178
263 278
273 389
191 389
364 389
145 389
6 206
142 212
58 150
30 141
161 293
161 284
45 141
47 161
58 77
58 378
141 332
141 314
120 257
89 138
89 139
257 272
89 362
257 316
224 335
382 398
76 231
75 231
285 382
176 325
258 382
110 297
198 297
176 291
237 282
237 311
237 329
297 377
103 231
211 382
17 237
17 176
28 310
164 230
154 234
319 386
234 239
144 386
230 305
354 386
101 234
106 109
109 122
109 296
230 275
21 287
84 230
71 330
1 397
155 165
155 187
155 215
153 397
15 71
160 366
52 71
214 397
247 397
276 307
10 62
65 357
67 117
57 292
151 168
151 305
151 363
65 265
24 32
65 90
223 318
56 121
45 339
253 288
33 72
32 340
32 238
31 121
72 366
174 288
72 333
339 367
27 292
19 67
119 292
167 223
288 376
21 223
70 339
121 394
67 224
46 62
92 255
197 358
118 193
236 344
118 137
2 149
9 189
219 368
189 267
115 217
190 321
113 321
194 315
197 313
259 315
260 295
177 345
229 254
201 266
228 370
227 246
204 290
105 177
207 321
209 283
100 152
98 203
226 368
95 245
217 375
126 331
146 210
7 209
146 264
136 331
146 336
248 298
130 209
129 246
147 351
128 163
148 266
149 235
127 350
149 393
246 304
245 387
123 203
245 300
242 349
370 371
368 395
5 128
166 197
4 204
170 217
172 344
177 252
118 205
86 100
34 36
35 79
35 175
35 192
51 294
341 370
51 328
315 381
298 355
87 254
55 100
51 200
295 324
16 18
69 266
38 254
82 91
36 279
36 317
14 295
74 349
78 189
49 128
64 204
309 390
22 298
222 350
61 331
350 369
60 203
320 390
18 391
91 286
351 360
91 97
50 390
326 344
349 399
343 351
18 125
53 63
3 53
215 241
199 338
179 199
40 216
131 361
54 392
13 348
249 308
135 188
140 156
59 270
20 251
142 361
169 372
169 285
169 173
37 181
44 289
162 232
322 383
156 310
156 380
44 133
240 346
159 384
99 188
183 342
13 269
183 400
188 347
20 323
104 308
196 274
29 392
220 392
88 181
26 299
26 184
208 268
208 277
20 356
274 364
270 306
93 303
225 384
181 256
66 274
374 383
124 346
303 337
178 232
180 303
1 26
308 385
280 383
361 373
83 270
85 384
232 302
183 276
107 158
39 107
40 107
233 322
42 102
93 244
105 244
6 25
261 278
353 400
85 353
12 297
102 257
185 389
111 389
42 221
42 160
212 231
132 297
102 195
108 161
109 132
28 43
43 185
111 359
359 386
12 352
6 250
96 186
143 161
218 365
186 221
261 365
108 386
281 359
6 327
58 71
155 257
43 243
176 287
73 132
25 73
96 396
89 271
43 271
12 334
114 278
25 151
121 212
32 132
12 112
12 182
223 359
218 339
116 157
102 204
102 149
212 331
25 298
25 295
250 382
212 213
36 359
359 368
58 80
176 307
261 349
209 261
100 261
6 233
116 334
41 237
132 346
234 327
141 388
28 177
171 231
89 312
116 202
80 109
8 396
18 287
35 287
13 28
243 351
160 245
189 243
243 262
134 230
254 352
65 157
94 143
281 287
155 301
157 246
157 217
41 390
80 118
107 352
92 388
68 292
11 62
114 266
112 197
8 146
182 203
68 370
11 321
301 315
91 312
202 344
44 262
128 134
171 208
51 94
