11.321153
34683
27
3536
130333
51 93
2 17
80 92
78 80
55 80
49 65
49 88
5 49
20 100
7 48
48 85
20 48
31 95
61 77
73 95
10 71
10 93
95 99
75 86
13 90
34 46
22 98
47 60
18 63
18 62
33 53
47 64
47 72
30 98
28 98
12 89
82 84
50 70
84 97
12 43
53 57
12 25
11 42
53 68
54 70
9 18
70 83
4 42
3 42
76 84
16 40
1 67
17 87
35 44
36 39
38 45
39 75
40 91
41 46
41 52
44 74
24 45
15 39
51 91
8 91
56 87
59 87
6 23
66 69
2 66
23 58
29 41
23 90
21 66
5 79
26 49
26 27
81 86
81 94
34 80
18 81
47 81
16 26
14 80
94 100
27 37
13 49
79 80
26 44
41 81
26 45
37 95
48 61
84 100
19 27
27 32
1 70
19 96
53 96
32 42
12 32
96 98
1 96
14 87
