33.754069
20880
104
23404
41975
51 231
103 348
213 460
210 490
54 352
185 332
22 420
370 465
182 279
107 326
317 440
314 456
113 393
117 122
247 360
36 357
37 270
248 446
69 225
16 412
297 329
93 477
87 249
224 442
224 307
282 487
149 196
131 164
164 308
367 383
383 391
317 383
383 458
17 123
17 117
160 218
160 346
102 160
353 364
100 172
31 293
100 176
248 293
100 412
121 459
140 389
265 426
125 481
60 481
206 399
275 477
349 389
11 426
371 389
328 459
327 399
389 402
80 426
4 399
4 21
399 422
293 480
455 459
293 349
275 500
481 494
275 493
275 341
177 236
76 114
212 382
21 47
118 132
132 490
132 345
103 132
188 434
167 215
79 215
106 449
106 445
106 240
198 434
25 404
352 434
25 28
25 87
106 219
215 371
25 495
175 318
319 403
265 299
397 450
96 168
96 197
19 96
96 229
96 463
232 421
177 436
422 436
149 436
223 436
311 420
71 311
41 311
150 224
75 301
75 309
75 333
75 380
75 499
384 485
26 141
26 238
154 179
9 179
179 393
138 226
226 398
226 269
336 416
184 416
118 416
21 273
13 155
347 372
217 347
71 466
466 474
289 466
40 81
1 274
274 278
19 466
129 466
40 45
245 274
168 338
178 454
453 454
155 355
397 409
391 409
374 492
355 495
190 281
323 374
191 409
2 281
281 360
234 374
271 355
252 409
36 355
32 454
24 201
6 201
212 280
20 411
152 257
29 446
29 348
148 475
163 286
327 343
199 343
286 468
215 344
182 246
186 372
246 269
181 255
77 186
146 255
218 246
186 297
213 486
263 486
64 186
255 386
255 285
314 486
246 300
104 486
254 383
119 256
102 365
88 351
88 441
88 500
50 68
50 278
147 365
50 437
57 365
15 57
184 192
176 462
342 392
253 469
185 471
370 417
37 418
66 471
69 418
43 479
367 417
394 417
27 312
27 313
193 499
418 439
79 193
22 479
91 418
233 443
171 203
23 100
31 464
189 464
196 224
207 426
164 487
159 230
63 107
63 175
63 98
164 383
17 224
280 340
356 377
377 407
299 329
244 457
375 378
375 386
244 498
258 375
244 270
58 214
54 214
53 214
44 356
44 465
96 254
23 311
249 250
383 473
47 244
25 171
288 400
131 288
298 459
72 434
72 447
164 426
3 21
7 339
7 456
242 362
112 219
112 385
142 211
362 402
211 245
291 435
331 343
337 340
203 399
132 224
162 225
134 162
14 49
14 357
42 473
10 283
90 428
128 277
128 315
287 415
130 284
284 310
276 428
268 358
415 432
243 482
358 379
183 284
406 428
358 424
30 283
128 174
34 283
368 415
243 413
48 243
150 337
139 403
139 373
21 353
210 361
156 361
39 208
164 318
126 332
126 410
342 344
369 496
158 496
165 496
216 257
216 438
137 472
93 274
230 273
52 159
16 52
92 180
28 220
83 304
82 227
84 143
189 264
187 235
85 166
85 330
86 151
91 304
92 167
195 292
92 262
407 488
180 476
405 494
95 488
51 85
33 261
173 325
235 350
491 497
235 322
20 38
251 324
251 489
476 484
65 264
67 448
461 467
73 290
205 304
74 116
74 142
74 263
78 295
260 451
261 427
56 400
56 384
56 169
443 467
232 476
430 467
78 94
136 333
194 405
78 122
145 320
46 70
109 491
227 326
111 376
151 247
114 136
325 433
115 121
115 127
325 460
366 448
120 292
145 440
290 392
145 239
220 267
220 305
143 279
143 272
8 390
8 419
334 405
222 296
222 425
136 401
135 151
46 113
5 237
170 451
5 395
35 115
5 475
388 488
101 290
105 108
161 376
105 262
38 231
376 423
38 387
46 474
160 429
241 293
17 119
160 335
224 266
160 414
42 481
124 266
89 275
89 293
17 144
321 369
73 321
3 228
61 137
417 431
431 471
21 363
23 153
208 381
18 25
414 481
275 447
179 452
62 316
3 26
89 106
100 354
144 200
331 375
55 382
381 466
133 322
374 452
137 434
110 179
459 478
186 483
396 483
203 411
132 316
76 157
302 389
3 99
298 396
259 363
221 335
241 470
17 148
124 253
236 359
294 423
294 404
202 208
12 202
303 311
40 55
281 318
233 472
354 454
148 319
209 259
59 204
286 436
27 447
27 59
62 291
246 444
110 491
18 448
42 261
137 243
8 200
266 306
201 408
152 408
228 251
302 358
97 274
221 222
201 306
444 451
99 428
192 415
133 209
128 462
15 292
97 283
284 306
