10.865104
2581
29
2701
61558
45 58
15 163
50 96
52 123
86 146
74 77
24 53
21 71
37 102
37 180
37 44
69 95
16 61
60 61
67 153
34 82
131 135
112 135
92 135
35 139
40 161
26 172
49 172
81 103
88 126
26 88
29 88
103 123
103 159
36 88
55 103
78 175
135 177
138 139
148 149
39 149
103 160
87 165
13 157
17 157
157 165
88 138
24 79
77 79
79 176
79 102
85 106
82 164
1 58
70 164
1 28
23 86
23 63
164 166
1 120
1 169
2 11
2 41
2 47
130 164
8 36
8 70
8 72
8 158
9 106
106 132
19 100
19 81
19 25
23 62
23 84
99 162
56 99
99 180
19 161
65 117
55 117
19 118
20 108
98 105
98 137
98 111
59 98
110 159
110 116
89 110
96 110
5 179
97 135
2 93
40 97
37 64
151 173
76 173
113 122
56 113
99 160
2 177
10 114
14 163
42 119
14 49
66 74
66 174
14 137
76 129
35 129
78 119
33 129
30 119
18 63
18 65
44 98
37 101
37 61
90 148
45 90
90 141
37 178
51 93
31 38
38 170
37 48
22 109
109 112
1 97
27 134
27 80
3 27
104 122
104 133
21 167
152 176
152 168
115 121
32 136
29 167
4 121
52 75
73 75
64 150
101 153
43 169
43 156
69 140
128 140
61 155
15 91
142 143
6 57
91 147
10 57
116 142
127 142
91 171
57 145
54 107
68 107
50 154
144 154
42 83
83 128
101 157
46 179
87 95
46 51
94 150
108 178
48 106
7 84
54 124
115 124
7 12
38 101
114 175
34 136
101 107
94 125
27 125
