48.716996
16227
125
1624
23648
89 118
456 472
187 446
122 278
220 322
221 427
228 405
19 141
24 256
1 56
274 280
277 309
76 447
73 99
63 239
51 281
336 402
141 191
170 372
150 186
328 441
232 328
262 310
207 262
122 262
15 23
23 110
169 290
1 23
126 483
155 202
275 401
274 275
275 476
177 275
85 202
202 373
12 247
89 408
13 344
13 428
13 244
13 178
408 472
360 408
398 427
243 398
331 398
398 407
151 391
227 316
185 470
170 470
233 470
56 388
20 388
31 388
353 388
374 483
281 374
113 289
113 366
44 263
44 433
44 449
273 374
241 299
230 350
151 425
395 425
425 456
325 390
196 323
311 325
57 136
308 489
55 288
54 338
54 286
54 239
79 418
133 434
143 434
183 457
288 431
147 221
100 136
226 288
105 372
105 380
105 494
88 196
153 434
147 250
220 411
68 411
82 325
283 350
80 136
240 283
288 353
79 235
73 196
147 186
464 489
6 103
5 105
43 283
31 283
449 489
6 279
6 342
39 97
411 481
39 270
39 335
38 360
167 210
278 285
364 371
285 287
260 285
78 166
78 109
137 386
78 450
137 432
137 302
37 78
137 155
29 444
29 439
29 414
29 148
59 237
36 92
159 192
92 445
92 473
114 129
114 386
114 341
114 277
426 476
209 337
339 355
129 195
161 315
290 351
156 159
156 344
276 416
351 379
123 345
123 228
118 351
51 161
158 161
161 467
416 485
217 248
108 156
17 178
102 142
17 304
17 395
17 422
9 486
182 482
9 121
9 50
71 380
71 446
71 495
179 182
77 182
201 494
201 467
107 175
175 287
389 474
209 384
176 389
30 384
384 496
59 389
168 419
216 430
168 224
4 488
219 487
2 22
459 498
152 216
218 490
174 264
160 460
14 216
16 300
199 253
138 295
138 383
223 465
225 333
174 451
7 368
127 488
165 487
3 138
124 465
171 382
157 423
130 468
132 468
140 157
2 181
200 468
205 438
206 368
424 466
120 361
119 413
208 253
160 234
2 162
145 305
115 218
34 466
74 397
42 245
42 399
319 382
292 365
42 435
352 397
362 497
361 479
284 453
33 119
282 318
84 218
368 409
28 69
26 361
376 459
69 442
61 160
40 333
60 174
64 300
65 488
317 466
306 497
69 303
349 453
305 363
318 458
300 461
357 453
297 487
296 459
72 168
21 329
257 314
381 397
251 438
96 382
47 298
47 254
47 246
396 465
253 393
21 116
21 49
348 365
18 27
19 157
18 378
229 318
18 294
330 365
272 305
271 497
257 455
261 333
257 354
48 119
45 438
164 187
164 392
172 269
134 146
262 275
76 266
167 266
45 238
169 385
12 262
327 420
339 484
312 377
312 437
322 415
326 421
321 415
469 484
336 400
324 358
215 256
367 371
204 387
421 429
259 280
259 267
258 500
211 417
215 227
439 462
215 454
248 500
242 307
242 268
232 417
402 415
222 375
310 359
477 500
291 324
198 347
198 340
447 484
194 259
193 400
191 387
189 491
188 189
299 375
457 462
309 421
180 405
180 214
67 387
144 356
144 166
117 480
99 420
107 417
83 462
135 231
62 375
24 104
134 312
131 463
75 359
111 177
32 420
66 231
104 112
131 247
131 142
63 128
128 346
41 400
128 190
43 189
104 486
144 369
111 331
93 492
8 367
10 184
93 332
91 367
158 359
111 265
10 320
10 452
150 180
117 154
35 493
443 493
441 493
249 328
23 391
90 408
46 398
316 385
301 316
79 262
169 411
236 262
136 202
54 385
25 202
86 325
94 169
87 471
173 202
203 249
13 25
90 147
23 403
23 149
95 385
388 410
404 452
335 404
44 125
113 125
106 183
46 412
78 90
86 95
328 389
163 249
343 410
38 113
106 394
249 394
52 106
125 255
425 471
11 411
293 434
6 39
87 416
236 241
196 370
70 398
169 365
384 385
169 216
137 293
39 163
196 285
92 410
29 197
58 316
81 255
313 370
333 385
269 301
105 252
182 203
192 212
94 210
334 343
408 448
126 242
212 217
90 438
58 364
106 139
249 475
81 406
98 197
47 410
160 293
174 183
168 183
183 459
434 499
79 213
54 146
53 364
163 318
163 368
374 478
11 324
157 252
192 361
192 453
92 440
195 487
69 70
117 173
403 466
149 257
42 102
102 397
52 93
198 426
101 406
53 382
139 218
139 497
18 139
2 448
468 499
138 440
213 488
465 475
98 436
101 300
253 436
119 436
101 305
21 478
231 238
