1.891101
31419
7
1125
182151
19 48
5 88
30 41
1 30
61 63
59 87
11 51
90 91
55 69
70 99
3 4
21 65
14 89
14 85
14 91
14 97
40 56
50 86
62 67
56 71
76 98
20 98
28 50
44 54
57 80
18 76
44 60
63 93
33 93
26 66
14 39
14 54
35 51
34 35
35 67
39 86
12 30
10 19
10 55
5 44
25 60
29 95
4 95
53 100
79 100
23 30
16 94
8 94
24 53
48 57
24 36
42 52
46 52
14 74
44 59
42 75
70 75
31 99
6 31
23 90
20 49
80 93
9 43
27 64
44 69
37 58
30 58
2 61
30 32
44 96
6 44
18 28
2 45
21 43
12 62
17 36
36 65
36 88
3 11
22 41
22 68
9 40
15 46
15 92
26 71
78 85
78 83
77 82
7 72
13 47
7 17
81 83
81 84
27 74
38 73
44 94
38 66
37 82
13 96
