23.842518
41125
62
486
43377
144 185
55 238
13 244
41 112
39 169
72 96
82 196
66 171
15 123
188 190
40 61
40 62
105 202
106 151
87 151
75 143
79 85
68 79
79 117
20 38
46 71
71 213
71 127
58 239
35 177
42 94
30 32
30 47
39 94
30 156
38 216
38 171
186 239
107 207
103 154
114 154
146 177
16 154
154 187
172 246
94 224
94 130
92 246
91 177
194 207
223 246
15 239
14 21
23 230
23 247
101 127
31 147
24 204
173 191
33 173
24 225
24 104
24 42
7 19
86 173
19 226
19 145
19 129
113 208
43 208
98 208
1 181
222 223
59 112
59 185
11 59
90 146
125 155
125 163
125 168
125 244
90 138
90 120
90 180
26 132
21 215
176 232
56 178
6 116
170 237
169 199
113 115
61 228
62 157
66 170
8 164
165 245
22 37
13 199
152 218
74 228
143 199
144 164
152 211
130 157
152 194
76 212
17 48
9 212
80 170
82 157
83 228
54 196
106 164
5 181
6 28
6 87
41 245
26 212
5 114
29 215
115 250
25 54
48 134
182 245
115 241
37 51
52 215
231 232
178 243
178 183
49 54
5 63
50 81
50 72
50 205
4 118
118 238
167 192
53 188
53 70
78 240
175 234
235 242
108 136
10 148
108 137
148 193
84 121
210 242
148 153
3 214
122 198
3 12
60 121
97 108
179 242
167 175
67 240
133 240
161 198
184 198
3 200
73 131
121 135
73 160
73 248
119 175
166 221
123 166
166 236
111 243
76 111
141 174
174 229
174 190
142 149
96 142
105 142
31 45
27 150
2 65
219 249
27 55
44 69
110 197
45 77
34 69
110 220
45 126
64 219
65 99
7 110
18 219
69 163
65 100
75 202
151 203
38 40
40 239
75 79
151 207
2 209
209 249
203 246
124 151
95 202
202 227
36 154
88 151
71 79
79 177
102 202
30 246
24 36
71 158
109 195
40 53
40 233
109 215
101 208
222 239
57 59
159 173
202 206
30 89
14 59
102 162
19 95
38 128
36 189
23 227
93 124
132 173
57 178
37 147
108 207
159 232
147 233
147 175
36 219
94 140
1 118
88 242
3 128
48 217
48 139
189 201
192 217
73 139
121 139
148 206
201 240
140 198
