46.492963
1
98
17797
69022
128 251
7 144
232 258
66 165
211 319
198 253
11 130
11 265
11 340
47 203
46 203
14 49
203 346
14 285
154 203
11 55
31 79
79 256
79 246
122 244
120 281
176 250
206 234
84 88
88 119
88 226
167 231
71 159
71 95
71 162
62 305
62 129
62 127
161 311
60 120
161 331
176 345
75 248
76 176
53 234
131 234
79 179
27 120
44 62
176 334
6 272
3 186
3 249
6 217
6 58
6 271
88 297
234 269
245 248
3 123
3 318
231 339
231 282
248 305
102 161
281 350
196 303
135 223
25 254
201 303
135 285
252 268
150 303
25 112
24 25
268 335
107 268
50 135
253 348
181 292
117 326
166 326
106 301
4 228
46 292
106 211
193 269
160 292
344 348
147 173
147 288
144 242
87 348
85 326
213 228
143 193
207 242
106 347
66 147
28 49
28 51
28 93
193 336
178 316
178 312
178 297
9 299
9 238
9 229
90 251
90 241
225 258
224 271
19 81
19 118
19 165
204 224
244 327
202 225
187 224
184 327
260 327
41 90
225 308
136 315
2 221
145 218
101 313
125 192
110 332
113 140
100 208
125 183
134 197
97 121
134 342
113 338
126 279
121 302
100 270
100 190
240 320
200 332
209 266
209 276
212 215
214 296
215 291
218 262
219 296
221 243
239 274
198 279
247 286
255 332
264 283
264 325
274 294
274 321
275 343
278 320
309 315
319 343
174 263
148 235
148 307
149 343
152 237
156 313
157 317
163 233
164 257
169 296
172 257
148 151
174 329
175 205
175 287
180 189
182 185
182 230
182 310
188 209
194 247
195 315
57 89
37 180
38 199
38 273
40 82
43 191
43 222
43 284
45 264
48 54
48 170
82 261
48 298
52 134
82 114
56 320
1 313
57 115
57 306
78 233
77 237
61 70
63 237
64 121
65 257
72 232
67 279
70 168
70 236
72 86
72 138
34 247
5 35
5 153
5 349
8 42
8 210
8 289
10 233
13 113
15 317
20 218
21 215
22 125
29 124
29 132
36 38
33 221
29 323
91 180
30 174
32 175
23 317
83 337
98 128
98 304
98 314
99 133
83 250
12 99
83 216
277 293
277 318
68 73
171 340
246 277
146 171
171 324
73 137
158 229
18 117
18 87
231 248
71 161
25 203
14 111
3 116
71 116
120 267
135 350
11 59
103 248
6 105
105 176
116 267
135 268
88 227
122 259
14 134
8 14
14 148
94 161
62 142
203 330
69 267
11 290
25 59
122 332
82 122
43 122
111 139
104 120
234 280
79 109
231 280
106 295
147 295
28 220
69 326
242 348
90 116
343 350
142 267
139 155
39 155
108 267
141 303
74 242
80 105
268 333
59 178
177 327
59 80
142 292
177 328
295 341
92 220
39 259
215 295
72 177
105 313
174 177
103 218
180 220
220 317
38 69
103 233
9 94
103 322
96 193
69 73
228 300
158 303
228 290
29 227
57 74
17 74
94 315
142 247
26 328
141 221
16 100
16 48
5 17
16 209
17 125
26 320
26 274
26 70
17 237
16 322
104 264
182 300
113 333
175 330
96 257
121 333
109 296
96 99
