19.083830
41383
53
1420
43908
97 187
110 169
125 183
27 85
87 245
99 191
35 133
124 182
124 217
124 229
39 75
55 185
93 158
14 119
94 119
140 187
140 223
14 200
117 140
116 140
6 200
200 247
172 200
65 117
23 156
156 250
78 101
101 143
37 101
25 191
129 152
130 228
104 130
130 185
129 164
20 129
28 130
56 153
41 44
89 163
89 166
131 145
145 215
145 220
108 242
96 216
74 106
77 87
96 137
21 47
47 57
77 211
96 213
81 147
81 123
26 96
34 81
106 234
35 77
60 235
62 106
49 235
61 213
61 184
132 235
68 235
61 72
47 195
4 239
47 107
4 210
4 138
4 110
92 232
8 176
9 247
10 208
19 249
19 240
19 48
136 190
113 190
190 223
193 238
3 162
3 58
118 173
3 32
2 13
171 193
161 218
13 23
66 218
97 193
122 130
86 219
27 219
200 231
129 212
111 214
1 111
69 133
71 109
69 178
69 175
68 236
64 179
138 241
242 244
228 236
221 241
170 206
168 244
159 202
154 173
144 207
144 205
142 241
79 245
126 206
121 165
121 127
71 128
111 160
99 159
85 121
84 154
82 244
44 159
43 154
42 79
8 71
32 79
15 169
15 209
18 64
36 236
15 226
40 203
40 95
67 150
67 230
10 67
105 203
105 249
70 167
33 135
98 201
73 243
50 135
24 243
22 198
22 196
22 83
63 243
53 201
135 227
167 224
167 246
201 237
51 119
52 231
78 192
180 192
1 112
120 129
90 134
90 182
177 232
39 80
38 100
197 240
197 220
177 250
102 194
171 197
31 199
31 183
95 177
28 80
100 151
102 125
76 102
72 100
80 114
122 141
54 153
54 158
88 148
88 248
157 174
59 88
21 174
12 54
124 225
130 222
129 222
61 231
77 189
30 186
29 120
75 145
139 210
139 238
140 200
77 124
141 189
11 56
41 55
11 52
9 186
188 231
118 231
218 231
101 181
17 30
49 115
115 248
81 119
212 244
45 101
93 233
121 231
101 108
181 204
65 176
7 103
46 119
7 204
51 67
81 146
106 146
5 103
47 208
5 89
140 155
56 135
45 206
16 145
31 225
4 149
91 92
64 188
46 201
13 112
16 144
22 149
91 167
155 243
