20.091726
26710
52
1579
43735
11 205
63 177
22 243
18 179
66 139
9 155
39 121
151 154
70 123
16 148
36 192
34 142
55 142
72 84
84 130
84 187
95 142
115 121
115 122
115 127
65 175
16 175
33 175
27 175
175 220
54 245
93 245
164 201
22 128
27 128
3 102
102 246
68 128
43 128
48 141
141 189
192 235
51 235
133 235
141 180
114 141
60 235
56 122
58 118
75 98
183 249
77 205
29 234
182 218
183 223
11 125
62 135
183 233
135 197
39 234
13 228
53 135
52 77
14 234
185 226
186 244
49 186
228 241
46 218
209 228
215 226
6 124
6 131
129 226
105 160
19 125
105 242
6 217
164 218
169 183
210 226
125 190
86 186
7 105
172 218
4 125
77 231
77 216
17 48
171 176
12 23
74 174
2 114
69 200
112 200
5 157
157 229
154 200
41 50
58 80
25 30
204 240
132 138
66 138
63 138
106 136
71 144
106 182
1 134
51 134
67 106
107 144
134 163
91 243
188 223
10 224
213 230
9 230
21 177
21 40
117 206
24 215
15 70
12 166
15 174
166 171
24 236
99 166
21 238
15 155
45 184
76 196
76 179
173 191
76 248
26 100
199 211
81 199
126 199
146 173
31 173
45 88
44 100
42 57
57 167
57 64
38 100
37 45
79 156
156 240
170 178
232 237
119 249
168 195
101 220
89 116
101 153
98 140
143 195
148 193
158 225
18 225
94 140
85 101
41 193
59 82
36 111
61 147
35 116
237 250
140 238
116 123
73 119
30 195
119 165
111 190
178 216
111 151
110 208
47 193
78 147
110 120
82 139
82 149
109 178
207 225
84 142
125 227
227 247
214 227
83 227
108 161
115 141
8 115
84 96
103 108
21 227
108 186
84 176
175 234
108 145
181 245
75 245
150 245
142 239
28 102
175 219
104 161
239 245
102 221
108 138
221 235
222 226
186 222
104 135
194 218
105 194
6 235
159 201
222 23
194 214
8 135
17 118
104 202
20 228
2 212
137 141
102 204
20 200
97 104
87 228
162 219
83 198
74 92
56 152
195 227
15 28
103 144
181 206
96 224
137 188
32 142
128 203
113 212
76 145
90 183
110 198
147 247
152 173
50 237
100 113
199 203
45 90
32 57
