7.979409
19001
24
15498
59488
68 151
13 16
114 121
142 143
129 160
35 149
73 88
100 165
100 180
11 100
76 132
3 181
84 89
152 186
89 117
89 188
59 152
81 87
2 51
137 184
38 184
28 61
61 116
61 111
23 61
96 153
10 117
5 54
20 161
11 52
8 68
7 151
7 109
1 192
72 192
99 100
71 115
70 157
69 190
69 95
31 137
31 200
12 31
145 178
70 145
92 145
23 58
48 145
20 58
58 166
6 89
99 152
4 93
93 183
48 93
66 167
113 158
58 196
44 140
171 195
111 171
47 78
47 56
61 106
35 152
135 194
148 168
57 189
57 131
58 135
37 155
100 128
41 100
138 184
24 198
14 24
40 123
52 106
145 173
32 142
32 160
10 130
60 83
19 60
170 174
80 104
188 193
19 193
181 191
79 105
56 79
79 133
63 152
32 77
44 173
62 143
22 62
39 196
129 193
80 157
32 113
57 177
17 83
17 116
25 154
25 59
74 82
82 189
21 166
21 55
2 119
122 134
124 152
65 89
65 155
30 94
81 91
91 109
94 153
33 112
94 136
16 33
146 187
146 159
146 150
39 177
86 149
26 167
138 145
119 161
87 164
4 139
78 139
18 72
18 97
5 57
69 158
63 192
185 192
54 104
89 132
96 100
8 124
114 194
24 26
69 123
61 170
71 164
49 185
24 37
36 176
77 125
147 156
120 156
75 156
107 199
76 199
50 92
103 175
27 38
50 85
27 197
29 84
29 90
3 110
88 125
89 110
118 163
85 118
9 101
101 122
101 141
42 43
108 118
43 162
13 191
64 102
64 115
97 127
127 179
46 67
67 121
98 148
98 126
144 169
45 172
45 73
130 134
40 168
34 182
110 182
128 146
15 157
36 174
41 103
34 169
15 43
53 86
53 156
