22.795963
19633
64
22320
39960
23 275
46 280
44 189
98 107
95 255
94 262
131 220
20 116
154 155
57 188
260 270
90 284
18 214
18 160
18 95
120 246
150 208
129 208
21 232
192 297
192 280
192 240
119 286
62 119
118 119
119 288
43 119
177 190
21 183
54 183
115 183
48 183
22 103
103 117
103 259
210 272
7 241
91 277
25 89
101 117
28 300
28 116
124 157
69 102
28 50
102 150
102 276
30 196
98 139
137 139
139 158
6 139
93 235
11 163
83 105
179 245
78 226
11 198
48 239
39 265
40 151
78 155
161 265
11 120
11 65
78 207
9 63
105 298
202 239
46 151
262 265
149 164
144 237
65 105
63 191
63 266
151 172
126 245
149 224
149 210
29 265
19 245
20 105
239 289
54 209
152 168
220 268
142 227
122 142
142 269
61 254
82 109
109 156
195 254
254 258
37 254
109 197
72 145
53 261
240 294
113 125
113 288
50 113
31 162
80 162
162 285
162 278
181 266
250 261
118 250
52 250
227 256
257 270
200 257
41 257
75 119
135 185
106 127
2 253
238 253
77 253
143 194
143 175
128 213
127 133
123 282
42 230
12 282
10 213
42 96
32 213
42 147
15 143
1 282
27 127
107 121
121 176
64 110
57 64
34 35
100 103
248 273
248 285
75 101
55 228
228 273
129 290
290 296
136 169
124 169
247 264
99 275
45 99
86 188
86 237
132 146
26 38
26 205
137 178
47 138
131 252
132 154
114 186
61 219
43 186
108 141
108 201
111 166
33 134
36 66
211 292
190 263
14 23
13 263
196 223
8 171
204 223
7 186
211 255
185 211
212 223
5 132
224 242
4 287
233 291
4 84
252 284
25 71
14 44
14 184
174 260
174 247
174 189
171 225
168 263
16 251
16 276
161 178
159 222
16 277
153 166
17 178
148 222
51 134
79 167
76 219
94 219
93 167
74 233
73 167
59 72
71 231
97 242
71 180
70 298
70 236
49 242
70 182
59 88
92 293
47 281
68 199
92 221
85 252
68 193
66 81
59 249
58 239
18 56
208 234
87 206
208 244
119 165
58 215
149 229
88 216
83 216
28 60
56 192
100 142
90 139
102 232
18 239
151 246
144 203
102 283
60 144
234 272
206 229
183 295
173 283
203 254
139 274
24 63
63 183
192 271
274 279
187 245
151 187
24 104
142 217
130 299
78 91
30 295
91 152
130 209
91 109
67 103
140 244
78 243
60 257
235 268
265 267
89 256
208 253
35 177
3 157
3 299
4 208
47 208
109 112
143 157
162 294
92 241
91 171
26 157
144 170
233 243
181 213
222 267
108 271
66 140
145 166
53 68
67 218
170 282
42 218
127 218
134 264
