22.840001
19165
64
9027
70664
23 275
46 280
44 189
98 107
95 255
94 262
131 220
20 116
154 155
57 188
260 270
18 214
18 160
18 95
90 284
120 246
21 232
150 208
129 208
115 183
21 183
48 183
54 183
192 240
192 297
192 280
62 119
118 119
43 119
119 286
119 288
103 259
103 117
22 103
177 190
7 241
25 89
91 277
101 117
28 50
124 157
102 150
28 300
28 116
69 102
102 276
210 272
52 250
105 298
63 191
262 265
126 245
250 261
118 250
48 239
29 265
39 265
40 151
46 151
149 210
11 163
11 120
11 198
179 245
11 65
9 63
161 265
65 105
63 266
151 172
149 224
19 245
20 105
239 289
202 239
149 164
83 105
54 209
98 139
6 139
30 196
139 158
137 139
93 235
152 168
220 268
78 207
78 226
78 155
80 162
61 254
82 109
109 156
109 197
195 254
37 254
162 285
162 278
122 142
31 162
142 269
142 227
254 258
181 266
72 145
240 294
50 113
113 288
113 125
144 237
53 261
227 256
257 270
41 257
200 257
75 119
135 185
106 127
238 253
2 253
77 253
143 194
143 175
128 213
127 133
123 282
1 282
27 127
12 282
32 213
10 213
42 96
15 143
42 230
42 147
34 35
64 110
57 64
121 176
107 121
100 103
99 275
45 99
247 264
248 273
248 285
124 169
136 169
129 290
290 296
31 228
55 228
75 101
86 188
86 237
132 146
26 38
26 205
137 178
47 138
131 252
43 186
132 154
114 186
61 219
108 141
108 201
111 166
36 66
33 134
211 292
190 263
14 23
13 263
196 223
8 171
204 223
7 186
211 255
185 211
212 223
5 132
224 242
4 287
233 291
4 84
252 284
25 71
14 44
14 184
174 260
174 247
174 189
171 225
168 263
16 251
16 276
161 178
159 222
16 277
153 166
17 178
148 222
97 242
92 221
92 293
93 167
85 252
94 219
79 167
76 219
74 233
73 167
59 72
71 231
71 180
49 242
70 298
70 236
70 182
47 281
59 249
59 88
68 199
51 134
66 81
68 193
18 56
208 234
28 60
58 239
102 232
119 165
56 192
18 239
102 283
88 216
83 216
90 139
100 142
58 215
87 206
203 250
208 244
151 246
149 229
139 274
183 295
173 283
63 183
151 187
187 245
203 254
24 63
130 299
192 271
87 135
234 272
274 279
24 104
130 209
60 144
91 152
78 91
91 109
67 103
60 257
142 217
30 295
265 267
235 268
140 244
78 243
208 253
3 157
3 299
89 256
35 177
4 208
47 208
109 112
162 294
143 157
92 241
91 171
26 157
181 213
233 243
222 267
108 271
66 140
145 166
144 170
67 218
68 112
170 282
42 218
127 218
134 264
