7.140429
42382
21
73184
123091
64 126
28 98
9 33
80 122
141 146
74 85
83 118
11 75
39 77
132 140
35 135
90 109
144 159
101 150
51 121
6 107
107 111
62 107
13 52
21 130
24 37
96 127
3 103
19 124
31 92
88 106
23 56
18 56
10 58
20 84
105 148
22 105
58 138
43 137
67 155
40 142
40 67
49 100
49 126
70 91
49 150
67 147
67 108
29 142
28 153
149 153
63 91
8 142
12 49
145 153
91 118
67 90
18 25
25 125
25 63
25 55
107 144
42 99
94 153
16 105
22 25
56 68
109 154
44 103
44 154
106 107
32 128
32 123
32 62
32 43
83 137
20 68
105 140
23 46
46 92
57 125
47 57
127 156
5 65
29 65
116 136
33 136
34 136
32 94
82 96
2 80
64 82
82 146
2 13
31 48
91 138
2 148
71 145
3 71
66 71
71 97
54 156
48 54
89 93
104 160
1 160
115 160
26 160
42 77
10 72
102 143
24 102
2 74
35 142
141 151
1 120
87 120
84 114
86 114
7 122
7 133
38 135
15 136
2 11
39 50
47 50
59 134
115 134
19 129
111 129
5 81
27 81
15 82
73 119
73 76
52 61
51 105
21 61
68 160
41 158
36 110
53 121
53 69
112 117
12 112
4 45
30 45
95 152
95 130
95 113
45 85
9 60
60 139
60 78
17 157
17 55
17 131
93 101
79 116
14 79
73 88
16 110
37 72
124 158
