3.055525
49478
10
39
118212
94 97
48 68
18 73
4 7
56 70
19 49
2 89
3 28
3 48
3 52
3 77
26 68
26 49
25 26
42 88
88 95
80 88
46 88
67 80
44 84
42 44
17 27
17 66
17 81
22 44
71 91
32 46
35 83
51 81
73 79
24 89
24 71
21 36
36 53
5 24
9 56
9 52
74 99
11 74
15 57
57 70
6 33
6 38
6 41
6 54
13 29
13 94
41 63
63 75
34 43
5 43
39 62
31 62
47 76
4 47
23 66
23 60
26 100
26 61
12 100
37 87
64 88
50 96
7 86
21 65
86 99
14 34
14 35
60 65
58 98
44 72
78 97
78 92
12 45
59 82
17 64
1 44
20 72
3 58
17 82
50 59
19 74
16 40
16 91
8 61
8 69
20 69
3 40
2 93
3 55
30 90
10 76
10 33
55 85
67 79
51 90
62 85
13 30
1 37
