23.939893
37706
59
610
44537
149 163
9 168
11 53
8 94
13 237
87 232
165 229
96 169
32 114
178 179
50 247
28 165
28 149
28 42
119 148
119 173
189 220
43 93
43 137
126 208
43 213
43 240
22 168
182 249
84 171
22 91
22 115
239 245
22 188
37 55
35 222
198 239
29 126
26 247
26 215
26 135
57 222
4 38
4 5
4 86
65 120
164 182
61 126
117 239
9 120
55 112
12 68
55 100
126 157
120 229
55 96
15 84
84 115
116 124
41 124
124 244
124 228
77 101
74 118
66 101
72 214
31 47
81 214
88 101
47 93
47 226
54 192
101 147
16 192
192 234
192 196
118 129
214 248
118 150
21 31
65 146
76 92
15 49
48 81
127 128
127 241
223 241
219 241
107 108
18 51
132 184
17 204
17 202
106 186
17 170
44 187
51 52
51 177
166 233
221 246
166 212
166 197
153 221
59 106
8 187
227 230
63 156
156 216
78 230
30 106
102 179
34 95
217 230
34 152
34 183
102 167
132 138
39 45
39 64
39 109
90 221
187 235
102 140
132 195
104 156
80 181
25 248
25 136
23 76
23 68
27 141
27 116
27 144
160 211
2 160
122 200
159 178
100 236
75 181
121 130
75 79
121 219
111 236
99 134
82 191
113 143
97 163
133 154
133 185
125 176
142 176
139 225
89 97
85 159
87 105
105 114
24 98
46 200
7 36
40 206
7 94
7 243
190 210
32 121
191 232
75 77
24 238
40 70
24 61
10 105
203 242
11 191
20 161
220 225
16 133
13 40
14 143
6 225
159 194
69 97
67 172
67 169
67 108
161 201
237 242
231 236
3 190
56 134
53 200
50 176
71 119
60 89
60 148
26 71
4 28
12 19
12 84
19 182
28 48
118 222
47 124
28 73
19 131
58 189
22 128
155 239
33 126
205 239
33 124
107 119
43 151
174 222
49 250
155 214
47 205
102 189
119 175
110 250
27 189
118 151
12 39
12 34
103 131
19 162
182 207
21 62
84 193
189 190
123 131
55 180
103 145
120 218
131 158
214 224
180 192
101 209
1 174
83 110
1 230
1 106
146 242
123 199
145 209
166 207
17 175
199 221
156 162
73 134
62 161
1 160
83 187
51 224
132 218
143 193
