6.080114
9092
17
107
89455
11 84
25 49
56 61
38 40
6 29
80 86
21 33
52 98
35 56
35 59
35 72
35 91
37 94
44 58
11 63
61 63
63 70
63 92
63 103
26 40
20 45
77 109
81 109
92 109
102 109
8 76
115 119
7 104
24 104
104 114
41 104
87 104
10 15
47 100
23 106
23 67
55 71
39 53
39 84
93 97
50 110
50 82
113 117
50 57
97 120
42 113
97 98
20 97
8 113
91 108
13 108
18 32
32 55
2 120
2 31
34 51
34 62
15 34
1 78
78 112
78 83
78 99
17 36
17 47
17 58
5 66
5 59
5 51
16 35
39 95
3 90
27 28
54 113
95 116
54 116
35 105
16 119
31 88
30 88
33 109
30 46
21 46
63 101
43 90
67 107
96 107
28 43
26 85
44 109
9 87
9 64
12 22
12 25
38 100
3 29
27 35
104 105
6 60
65 80
68 83
4 73
60 79
69 106
73 74
37 65
19 68
49 68
48 69
7 69
89 111
89 118
14 65
52 75
75 94
71 101
45 50
10 78
86 89
73 85
