28.443875
27179
74
23645
32441
112 123
17 256
19 105
140 238
234 270
258 281
132 248
130 330
251 286
115 308
68 331
67 111
10 11
166 179
218 237
233 268
220 344
271 339
46 285
98 154
40 288
225 347
204 315
43 204
120 195
195 292
92 282
282 296
96 282
265 321
262 348
60 262
49 262
262 267
4 262
153 196
95 316
6 66
110 152
110 159
110 305
25 47
66 286
66 89
47 112
127 208
47 91
47 60
2 127
212 327
44 329
50 64
64 318
64 242
214 226
30 246
142 346
63 188
40 72
89 142
177 188
28 273
72 232
50 142
188 200
121 124
142 248
140 273
121 190
121 300
189 273
72 277
59 301
79 231
79 330
79 208
79 182
135 301
173 301
317 342
82 261
86 265
52 150
86 256
86 252
86 156
32 150
41 261
150 294
13 18
144 150
18 197
18 344
18 349
223 261
191 312
186 312
185 339
185 323
161 312
283 312
185 209
36 98
36 125
36 164
36 298
87 103
87 276
87 284
87 314
20 122
116 305
183 275
166 206
178 206
183 252
183 219
206 242
25 101
272 297
101 220
54 198
194 328
197 287
201 287
68 328
83 123
1 29
229 328
34 83
1 75
17 83
287 331
1 288
20 313
216 313
78 280
117 204
88 128
218 245
165 245
27 148
8 148
128 336
148 274
128 292
245 320
125 210
210 268
48 258
48 240
239 249
22 335
23 132
22 332
5 23
94 213
111 249
332 343
49 343
103 146
146 326
133 170
100 244
100 309
3 12
90 203
90 289
90 338
126 141
126 147
126 205
133 162
9 106
38 259
42 61
24 100
114 259
61 254
12 84
61 253
12 311
14 39
69 71
71 247
14 76
14 157
15 151
35 106
145 163
55 145
15 199
15 279
109 145
259 337
106 139
31 71
133 333
113 181
181 237
54 217
217 293
120 172
62 304
11 37
10 74
211 233
211 214
308 334
143 327
169 350
143 317
207 340
118 215
291 315
143 272
16 85
196 334
19 236
138 202
134 270
304 325
207 302
134 168
304 310
303 350
264 318
175 202
56 257
93 319
43 93
44 291
92 202
45 119
264 347
45 281
45 294
176 271
46 184
225 334
56 115
73 236
74 104
74 280
77 215
85 228
85 130
81 176
80 172
236 251
179 215
7 207
184 222
67 134
57 93
172 191
108 246
108 136
107 238
107 234
107 221
105 108
224 230
224 345
56 299
99 211
37 65
97 176
37 192
180 264
95 291
263 282
204 341
282 316
121 204
204 322
301 306
110 321
241 282
26 290
150 195
160 204
86 117
287 290
53 276
53 159
66 212
137 173
137 302
306 307
295 301
79 295
127 188
155 195
64 329
70 325
8 70
36 58
83 195
195 313
87 255
131 322
226 322
185 187
273 301
171 187
193 212
158 341
79 342
1 58
127 250
158 324
30 185
167 273
227 324
131 278
245 255
21 188
206 266
94 153
78 127
102 261
18 102
66 129
110 149
47 243
198 261
235 312
101 260
71 322
148 160
51 72
26 174
126 167
133 227
250 259
33 278
224 260
21 350
184 235
155 269
15 174
100 129
106 243
145 149
33 61
51 90
14 269
12 269
