34.665058
29214
86
32812
54835
21 375
54 247
80 319
37 278
81 305
83 314
106 185
30 87
123 361
28 277
20 204
194 354
16 242
303 366
306 335
1 210
5 49
25 254
147 280
147 374
147 265
105 394
394 398
10 161
10 130
198 289
6 289
155 289
10 87
80 289
73 157
10 228
142 143
71 142
55 142
229 253
167 217
145 326
112 215
197 247
197 276
197 361
199 299
110 326
319 326
97 336
97 313
97 204
75 112
38 112
113 143
128 364
315 371
65 332
60 165
60 362
75 222
136 339
136 277
364 368
133 364
109 136
125 267
61 332
332 400
95 346
42 315
346 354
256 267
225 264
225 288
250 387
13 255
250 397
13 127
13 55
250 398
250 391
11 13
267 276
267 321
271 364
303 332
315 392
315 316
214 222
23 304
23 154
164 168
168 187
168 232
168 375
171 346
216 222
179 225
43 184
94 161
257 360
148 261
148 275
56 140
105 140
229 329
1 260
260 266
248 329
89 329
329 331
76 260
148 159
122 148
336 360
360 384
358 360
41 57
41 53
41 125
41 129
25 140
77 227
101 151
151 331
48 151
114 357
114 325
114 248
114 227
100 226
131 379
84 131
116 131
32 79
32 99
32 213
32 400
37 131
19 127
233 252
181 236
78 207
138 236
106 236
7 374
195 399
207 262
211 399
91 126
217 399
22 91
190 231
189 190
16 356
82 194
82 146
82 83
124 355
27 348
210 355
33 356
27 273
27 257
242 383
366 383
62 356
365 383
310 355
45 362
330 378
286 301
175 341
31 317
312 380
111 180
177 287
177 302
104 132
178 322
296 353
180 218
180 249
296 342
183 322
104 108
29 177
367 380
141 341
359 378
144 286
351 380
24 390
24 377
51 272
44 166
24 35
150 317
46 212
158 317
162 286
166 396
3 341
173 239
63 103
239 297
40 63
239 246
9 378
268 296
68 166
274 322
279 291
86 104
279 345
17 72
17 92
66 279
17 160
212 340
96 272
63 208
196 212
206 272
299 376
137 234
192 308
347 376
234 387
42 192
98 231
153 385
233 385
47 70
298 370
4 298
176 261
176 333
269 335
5 270
245 352
203 232
240 245
300 395
26 373
14 169
258 343
185 373
174 270
238 311
184 258
295 373
241 294
169 368
235 269
307 386
202 311
156 300
282 292
172 338
163 226
163 306
285 307
201 314
21 163
20 241
201 323
169 281
102 172
121 241
120 284
30 59
120 198
120 191
59 251
123 311
59 344
117 307
28 85
61 203
130 258
50 269
93 116
93 135
93 209
88 243
88 90
85 219
49 201
54 300
52 292
85 193
81 203
39 270
157 244
182 244
107 320
278 320
205 305
205 223
69 205
15 128
15 297
12 14
12 62
36 363
119 289
147 326
60 147
36 383
142 293
34 254
73 222
147 200
246 318
318 370
334 344
316 334
289 324
34 73
118 293
209 230
117 220
187 230
26 220
58 197
152 394
253 309
327 381
77 119
136 221
222 372
142 200
10 224
13 170
58 225
74 346
139 225
23 139
112 324
118 283
221 329
77 97
23 393
142 224
283 346
259 326
199 200
82 381
41 74
199 382
378 394
260 263
8 260
2 170
148 259
94 290
73 272
63 73
24 73
363 372
23 252
113 207
188 382
221 350
188 369
91 393
88 394
43 236
140 399
64 263
167 388
17 221
67 199
98 197
186 199
64 369
18 60
115 168
237 350
136 389
315 328
250 337
149 364
100 296
8 172
2 134
152 349
7 279
18 317
166 349
115 286
134 322
67 177
186 212
45 245
380 389
180 328
47 388
337 341
98 292
104 149
