30.674099
16667
72
55525
74080
55 146
134 185
48 265
23 165
99 132
125 213
201 273
207 292
151 215
85 97
85 299
13 85
85 140
85 113
53 216
60 216
6 216
139 297
185 297
157 297
66 164
47 209
47 249
47 120
47 261
23 73
47 60
50 66
44 73
73 169
73 174
73 286
66 291
66 206
150 296
204 243
32 171
72 117
72 102
190 227
169 227
31 58
31 244
137 227
226 248
7 220
218 277
91 238
13 37
214 239
214 234
141 232
7 298
7 276
20 37
5 7
194 232
277 294
37 94
37 213
242 282
17 238
16 168
16 91
223 238
45 232
16 55
99 277
16 79
179 214
113 241
4 41
41 64
41 243
28 276
75 173
165 173
54 173
28 278
28 135
28 141
144 173
179 208
268 287
126 136
59 287
188 287
15 287
136 235
39 136
3 239
40 115
193 245
40 86
188 246
95 225
38 300
284 300
76 284
222 284
154 259
57 74
183 274
121 266
120 289
143 145
110 192
62 110
110 190
145 210
145 268
63 122
63 132
146 158
151 266
172 240
154 290
63 156
155 200
155 265
65 155
158 197
100 147
88 274
83 219
164 274
74 211
74 125
19 100
29 263
29 245
29 226
219 225
27 296
27 153
27 98
21 283
21 24
35 177
20 266
35 207
35 233
18 158
10 219
48 289
2 172
44 154
42 289
93 96
231 272
230 237
26 293
1 247
130 184
133 186
93 182
124 264
92 258
133 255
90 111
159 237
160 175
133 271
161 170
161 199
1 212
106 285
256 285
112 262
111 257
111 176
252 253
251 267
12 264
14 82
107 252
231 280
181 293
104 279
116 267
119 264
258 270
104 131
104 129
138 262
80 228
36 82
71 267
70 285
33 237
69 262
77 231
175 236
43 175
180 293
80 142
80 281
184 269
205 252
1 9
61 93
184 195
82 198
52 258
84 161
30 201
30 254
30 224
49 103
134 260
46 260
171 275
275 299
118 123
123 292
8 123
78 196
191 202
202 295
202 273
78 250
78 282
144 203
22 203
73 178
47 150
41 216
109 215
163 297
32 72
32 227
66 217
11 85
193 216
149 162
72 238
68 150
37 162
40 297
149 214
242 288
277 288
81 288
108 136
136 204
166 242
67 173
108 229
128 242
56 216
114 178
31 246
81 287
32 229
40 67
72 95
189 208
128 189
31 38
66 152
35 150
21 150
85 87
31 127
51 68
114 217
32 175
16 167
162 258
103 248
172 241
30 288
152 232
34 242
105 214
1 163
82 163
163 231
7 221
11 89
25 232
3 93
29 187
56 100
89 293
51 101
111 127
127 267
161 167
184 187
167 252
133 187
34 264
105 237
100 148
104 221
87 262
148 285
25 80
