35.072095
26172
93
514
31728
144 336
252 354
6 28
245 277
66 181
46 244
202 352
199 230
185 283
178 197
131 392
23 258
310 330
102 163
107 400
331 332
341 361
59 63
105 234
397 398
103 270
106 326
326 384
326 359
131 326
8 134
37 186
67 221
34 67
264 387
4 70
158 264
4 183
264 342
186 264
67 228
4 335
67 98
4 374
79 394
191 256
130 256
80 256
154 256
127 303
125 147
38 299
63 141
43 196
88 152
77 311
176 311
38 106
38 253
99 371
25 371
43 390
43 230
40 141
141 151
139 152
80 371
155 353
40 50
23 382
121 382
41 382
239 382
295 338
95 394
42 275
100 291
100 388
41 227
93 100
53 153
35 343
42 269
153 269
232 254
254 333
228 254
227 325
227 318
218 343
342 343
153 182
19 174
19 207
19 295
128 153
126 281
126 248
126 216
117 343
72 390
169 236
210 302
27 104
104 165
104 161
104 150
82 232
129 350
257 263
257 287
55 73
257 347
257 389
59 74
57 167
73 272
108 383
73 385
74 132
74 181
74 266
206 362
206 348
206 261
89 175
89 252
167 272
118 167
113 167
108 148
21 108
5 89
3 268
3 71
3 244
3 115
110 278
16 98
14 53
30 138
44 76
76 309
101 322
65 76
17 76
322 387
217 337
200 369
2 140
245 298
2 107
142 145
145 159
185 225
274 298
105 225
2 247
145 331
120 225
298 381
109 128
242 400
242 368
13 242
29 135
123 135
259 326
64 161
64 304
79 270
231 317
32 112
208 294
208 321
9 60
208 399
24 334
10 226
219 251
226 356
11 91
11 293
11 379
92 357
12 60
39 349
124 219
179 317
32 355
1 334
162 345
160 323
18 219
116 226
32 180
323 344
280 349
284 357
81 317
49 345
60 250
48 334
246 323
75 349
345 375
78 122
346 376
346 386
346 393
78 170
78 360
357 396
201 241
201 369
156 351
54 243
157 213
292 328
292 310
291 297
163 315
164 358
289 324
133 267
286 378
22 192
283 286
169 306
301 306
305 366
314 339
316 373
134 214
136 220
149 212
271 336
146 370
324 352
20 224
337 370
350 366
144 314
143 315
214 288
204 385
205 363
7 316
243 354
238 330
209 273
212 229
212 277
213 282
204 380
215 286
238 287
220 340
220 341
224 392
237 398
237 361
235 243
265 363
172 366
178 351
273 353
183 314
187 297
188 197
188 313
267 327
171 271
193 273
195 224
199 204
260 332
6 238
255 303
202 351
203 297
30 372
111 306
110 237
33 132
33 300
33 329
61 370
103 315
102 316
97 358
96 192
94 319
119 260
94 296
94 210
31 168
45 312
52 324
68 240
68 234
71 255
68 90
47 168
46 188
45 391
66 292
45 258
44 372
84 271
28 372
87 214
125 255
42 397
38 270
79 233
311 326
189 270
72 270
8 382
8 153
259 276
114 127
86 254
152 264
278 326
114 311
67 69
270 364
152 177
190 227
249 256
137 259
4 223
7 377
123 377
4 320
155 311
190 320
43 249
36 79
5 211
211 381
67 278
173 177
152 338
19 141
37 200
51 79
50 126
79 262
100 395
343 395
58 276
126 198
19 223
233 298
166 198
189 307
42 206
8 78
155 194
73 302
8 366
89 184
259 349
16 236
206 279
89 108
26 264
95 217
85 194
307 308
104 262
56 129
141 285
173 365
85 145
62 371
367 382
276 345
276 346
42 290
85 242
225 279
276 363
43 222
69 192
3 83
184 213
138 357
208 262
14 358
15 365
290 323
226 285
83 317
109 168
11 15
26 60
62 334
267 367
32 222
219 222
