7.854658
33698
20
1605
99941
1 120
30 82
32 109
10 49
37 117
65 102
90 111
25 54
54 139
54 111
39 54
26 51
26 78
26 119
26 122
10 26
52 108
18 60
32 96
96 135
70 125
69 70
7 60
55 96
60 64
67 70
11 33
12 28
12 110
12 72
12 85
63 89
44 83
23 86
69 86
35 86
44 89
44 87
71 136
22 138
22 102
22 51
22 41
86 114
40 72
54 113
97 124
17 121
88 121
29 133
14 46
13 42
106 127
112 127
42 103
42 130
41 127
47 91
21 91
91 137
75 84
39 75
30 75
74 118
114 127
9 82
6 9
1 9
8 73
50 65
50 117
60 62
14 70
54 60
20 70
20 63
33 80
66 80
71 134
109 134
16 67
16 105
113 129
57 81
57 105
12 26
36 59
36 52
19 96
61 126
126 133
53 92
24 92
7 43
48 100
45 93
58 119
58 120
76 100
58 68
43 123
27 93
15 140
101 115
77 95
118 140
37 115
78 93
132 140
77 128
2 116
31 62
44 116
3 96
46 107
79 86
2 3
38 40
11 60
56 121
38 98
19 121
8 54
31 131
5 124
34 104
54 99
5 98
4 104
34 91
91 131
4 74
17 94
24 94
42 136
99 108
29 129
79 100
77 107
