4.257585
63258
17
635
91918
117 132
9 91
111 115
66 137
62 134
21 28
36 44
45 63
1 10
12 53
40 61
10 75
16 75
48 106
95 124
20 76
23 85
103 136
74 75
14 51
51 64
13 114
66 67
79 81
81 117
30 90
34 90
5 61
15 27
19 27
21 27
26 52
26 111
5 73
26 137
5 124
58 72
48 102
31 110
14 110
20 93
83 131
80 138
80 135
53 80
46 94
92 97
97 106
97 115
97 132
49 95
35 76
35 77
3 69
52 88
3 39
69 88
43 88
3 123
12 129
13 109
5 78
81 93
78 97
5 36
78 99
67 74
40 104
26 100
96 113
92 113
104 129
71 133
62 98
24 98
42 107
42 44
31 42
33 128
25 103
25 65
41 128
108 116
108 135
102 131
59 73
59 72
59 119
2 114
34 130
100 109
26 89
30 55
37 112
37 126
54 123
54 118
99 130
7 25
6 89
17 120
4 6
9 68
68 85
56 134
56 116
56 63
82 127
39 82
38 122
11 38
18 133
18 32
11 70
22 70
27 75
49 71
75 140
28 60
7 60
16 70
23 136
45 128
27 46
101 126
101 122
50 57
50 87
50 121
86 91
105 107
8 84
83 84
86 139
29 105
17 94
47 125
2 47
50 140
