49.202449
3
117
41
38802
63 160
298 434
38 260
44 109
178 430
185 379
305 417
193 323
378 410
27 192
198 272
70 322
116 388
10 332
203 269
418 436
16 311
235 424
274 440
50 366
39 324
20 201
60 408
118 199
174 185
174 338
174 399
67 105
67 140
67 309
211 416
118 437
118 391
67 423
67 332
118 293
118 368
227 242
99 195
99 403
128 386
99 375
30 214
304 432
30 434
30 42
30 153
34 340
82 355
244 262
237 244
77 445
77 401
77 86
76 357
76 168
76 89
212 432
17 188
367 383
383 413
115 383
368 421
361 421
402 432
21 76
7 421
113 386
369 386
112 244
17 297
146 244
23 283
15 77
17 203
149 383
17 250
282 428
46 266
136 307
286 414
389 414
85 88
87 414
88 218
328 360
328 343
349 414
93 307
70 88
46 302
35 444
35 352
35 264
35 215
307 344
46 376
307 323
46 420
255 328
16 131
131 204
131 398
66 284
20 405
280 402
362 394
394 450
227 394
22 392
18 164
260 350
217 350
178 350
18 69
2 184
103 179
63 448
138 287
129 222
134 310
66 310
129 261
129 322
132 194
68 346
169 234
156 345
158 194
103 248
105 314
110 223
98 420
98 228
169 181
110 404
96 429
169 214
96 297
96 282
192 353
93 194
92 417
92 119
90 274
90 269
90 210
110 408
84 447
176 438
81 106
184 235
190 342
139 287
287 423
25 57
317 448
31 84
296 346
34 43
295 409
36 106
290 314
342 430
283 353
40 44
40 83
40 147
41 345
43 137
43 241
268 314
10 84
3 135
3 379
3 387
4 150
4 286
4 341
6 98
409 435
62 308
11 448
13 92
381 438
22 184
353 439
346 378
345 388
224 326
62 355
62 231
57 246
57 442
251 342
207 310
224 325
224 293
265 339
75 180
160 206
180 363
95 206
80 249
80 357
80 372
206 281
205 305
205 273
205 252
180 418
200 443
213 270
143 285
148 225
200 288
144 208
144 257
144 446
200 245
148 171
148 173
365 371
141 247
373 393
373 422
373 436
202 213
382 433
152 294
385 415
133 385
209 419
410 425
412 425
116 124
127 247
243 365
230 358
232 258
232 292
289 316
238 320
189 253
172 351
240 358
229 390
278 377
278 306
175 365
277 419
256 433
254 358
253 380
253 354
316 397
151 276
151 426
152 182
154 226
154 291
318 449
157 300
318 359
330 419
312 320
159 161
229 271
300 395
161 239
300 364
229 347
29 78
24 336
24 406
91 316
55 407
55 263
54 143
53 55
94 320
51 321
51 183
28 425
24 220
97 278
32 104
32 196
32 233
51 117
33 232
45 374
45 370
45 65
38 247
74 151
124 335
5 172
8 172
9 213
78 396
78 107
14 165
14 267
14 427
122 318
72 166
72 155
72 73
71 124
64 385
1 433
61 143
114 152
59 161
58 154
37 221
37 198
37 193
39 334
120 334
145 411
15 411
303 411
246 333
27 47
47 331
109 348
215 327
298 348
327 366
348 416
262 327
115 299
130 299
186 299
26 216
311 424
244 311
324 424
188 400
400 447
100 275
272 275
163 216
118 201
60 67
108 216
46 50
60 432
284 424
99 174
211 432
12 26
191 216
23 76
421 441
340 441
111 424
50 125
163 328
52 307
131 163
99 121
26 152
161 311
14 26
79 424
88 328
201 279
167 242
26 126
123 340
280 340
216 329
394 421
211 301
236 311
170 383
23 167
19 174
197 219
414 431
48 428
50 350
123 219
50 287
88 170
4 324
92 324
121 167
201 448
216 315
55 324
103 242
101 431
329 386
56 392
32 60
201 316
259 386
211 373
151 242
17 49
106 428
60 313
23 72
24 163
23 385
142 340
82 365
82 144
163 419
82 313
174 333
18 56
52 236
284 300
108 124
77 337
101 319
102 279
48 265
284 411
356 394
19 78
187 405
125 162
79 425
319 438
96 384
259 433
232 319
154 259
102 148
102 229
172 384
49 253
126 409
51 142
142 320
142 213
177 409
318 356
278 315
45 177
162 200
337 358
143 187
