15.070826
3514
44
3608
42084
83 86
100 230
27 134
22 115
57 213
21 160
167 179
53 158
95 124
6 54
89 131
85 91
49 76
193 194
117 150
88 250
10 41
74 142
70 122
122 141
122 229
110 122
59 169
120 207
173 200
104 129
180 199
76 199
162 227
15 199
162 213
35 199
183 199
71 162
151 162
29 199
90 162
157 168
128 140
80 122
101 181
44 181
181 195
163 181
92 146
32 158
146 149
73 146
32 246
146 197
7 32
121 146
38 155
49 155
84 238
182 220
150 238
103 137
30 189
18 211
131 211
62 181
137 162
39 75
39 84
20 119
124 212
206 212
40 212
20 222
20 218
10 32
172 239
48 178
178 230
99 236
54 97
175 232
167 209
15 99
96 117
69 232
185 232
97 126
72 97
209 225
22 34
102 232
97 184
99 113
34 249
34 201
34 195
34 165
27 209
99 149
99 152
13 199
212 231
67 237
25 237
99 231
121 127
140 155
96 163
127 202
103 168
118 245
45 162
160 196
41 212
5 217
5 165
229 235
198 235
24 36
3 116
3 126
144 171
90 143
91 188
9 36
143 200
65 188
36 193
143 154
102 188
16 171
109 111
47 166
11 141
11 108
11 67
104 159
157 178
23 94
64 94
35 94
25 98
98 100
74 96
109 250
32 169
29 186
186 249
186 233
186 240
87 210
4 87
75 87
62 77
6 105
105 243
44 105
122 155
190 247
86 190
92 190
123 198
123 204
123 224
85 187
115 226
164 187
2 53
8 59
57 187
19 24
2 228
2 223
8 56
1 8
19 88
19 95
19 214
28 226
47 220
52 66
7 66
13 159
80 211
87 245
51 178
138 234
182 211
30 122
3 172
46 177
156 205
42 177
145 205
31 205
63 177
215 219
116 219
51 196
135 209
96 135
58 239
11 138
12 81
81 179
70 208
136 208
64 82
61 161
82 221
118 207
77 148
184 192
174 192
50 60
60 134
33 52
33 176
20 148
133 241
147 170
89 191
78 191
153 191
79 130
26 114
242 244
147 194
68 244
139 216
93 106
112 130
17 26
14 241
37 107
125 216
55 147
106 132
107 161
107 248
48 216
45 171
130 202
106 111
61 142
43 58
128 241
26 173
97 203
43 205
234 244
177 203
