68.646617
1
146
813
24554
269 355
55 230
132 235
114 470
89 180
115 220
33 179
320 429
196 360
160 389
77 453
101 353
101 231
101 476
101 145
101 109
340 433
225 376
484 500
54 177
55 435
177 418
253 336
251 376
100 477
91 483
251 374
22 484
336 497
72 223
186 336
292 336
194 313
225 358
225 339
225 230
77 484
223 373
313 499
313 325
299 483
122 223
465 484
470 483
156 481
477 488
130 177
156 478
145 477
110 435
142 156
169 435
364 483
361 435
177 301
358 477
12 249
12 239
12 187
118 152
430 451
118 463
118 174
199 445
140 234
140 294
140 453
357 490
42 471
14 342
42 379
42 193
42 104
14 339
66 490
14 245
14 211
449 490
270 490
73 445
381 445
245 259
250 458
236 437
259 493
49 292
68 335
68 411
70 301
70 350
70 410
205 461
160 425
83 437
86 92
86 95
86 132
179 461
41 259
15 370
359 458
18 24
425 438
18 169
18 436
425 492
357 370
305 461
9 370
22 458
43 49
49 50
299 498
287 441
40 348
114 366
238 332
146 366
161 498
320 332
366 400
126 389
126 432
78 348
33 332
348 476
180 441
94 498
51 126
183 441
172 274
172 284
268 338
338 451
89 293
293 433
127 443
7 127
127 247
293 347
224 338
59 276
87 103
85 148
276 360
149 413
148 471
276 446
116 149
87 409
148 485
115 149
399 495
399 429
196 399
186 314
424 480
351 367
415 494
135 279
139 383
139 229
138 326
351 408
459 462
137 175
136 317
181 190
135 378
369 395
154 168
157 167
159 235
396 440
159 473
393 417
388 420
387 480
384 396
375 406
176 327
407 480
167 428
167 466
144 265
168 288
144 220
170 405
144 217
175 311
226 232
283 344
285 450
246 343
286 321
243 343
240 496
2 37
226 260
282 344
222 295
221 464
221 372
297 345
298 442
221 252
219 417
298 469
281 297
254 263
255 328
255 354
258 261
280 334
261 275
261 289
262 450
263 330
263 422
264 390
269 309
266 395
267 457
306 482
184 297
185 405
334 382
331 417
188 195
191 321
192 240
326 454
326 391
324 390
321 455
195 203
198 351
317 444
317 333
181 362
204 267
306 316
206 242
206 318
207 210
208 388
210 218
212 298
213 386
304 388
213 421
214 308
214 319
214 416
302 395
48 147
62 227
62 155
62 80
58 356
58 310
58 248
53 327
52 168
48 392
63 133
48 56
47 309
46 291
46 271
46 153
45 375
44 426
44 385
71 171
88 159
84 226
82 494
79 334
76 390
75 439
75 189
75 158
71 173
44 256
71 165
69 306
67 267
64 412
64 202
64 163
63 479
63 447
10 13
20 30
19 206
17 327
16 414
16 99
16 23
11 450
10 491
10 216
20 164
8 468
8 402
6 456
6 431
6 404
5 8
3 117
1 396
34 162
39 452
37 489
37 278
36 474
36 352
36 166
35 343
34 201
134 434
32 462
31 139
29 117
27 222
26 34
25 405
21 344
20 244
107 323
97 309
125 394
125 363
102 452
105 375
125 349
124 255
106 175
107 209
93 181
107 337
108 213
111 210
113 494
121 462
117 200
120 452
119 222
135 273
134 377
129 195
134 303
131 240
112 467
28 467
374 467
308 427
247 427
223 313
251 430
313 380
57 435
57 177
128 483
140 445
4 484
340 348
123 340
156 315
74 336
178 430
101 228
140 329
341 445
329 490
49 312
225 475
156 233
251 397
81 477
214 340
251 272
223 300
178 423
151 425
437 472
307 430
12 98
98 118
68 150
182 346
332 423
14 371
12 300
42 398
123 151
312 487
61 441
128 307
38 458
18 96
178 315
86 277
277 296
107 312
144 312
346 399
68 314
141 259
65 182
341 487
233 437
296 397
257 472
257 380
61 148
366 419
237 461
10 423
90 296
128 343
341 344
128 450
8 380
6 472
317 346
36 380
151 326
296 368
37 341
151 462
178 290
58 472
206 423
210 346
213 329
57 390
329 448
70 241
57 460
215 370
4 365
60 65
74 172
182 403
4 396
46 61
150 480
87 98
61 486
4 467
272 401
38 306
96 298
96 297
74 135
175 419
315 321
117 315
419 452
226 277
44 141
222 475
16 371
143 365
20 81
167 237
228 395
64 228
237 375
403 494
197 263
139 197
134 398
195 368
90 240
221 403
255 322
62 197
63 90
34 322
322 351
125 143
334 398
143 327
143 261
71 368
267 403
368 417
290 405
75 90
290 388
48 290
168 215
181 215
322 486
197 460
241 309
