7.119094
58471
22
133
77814
9 33
80 122
64 126
28 98
75 81
141 146
74 85
83 118
35 135
132 140
39 77
90 109
51 121
101 150
144 159
21 130
13 52
19 124
31 92
96 127
142 155
91 118
22 105
29 142
8 142
70 91
63 91
40 142
3 103
18 56
23 56
105 148
44 154
88 106
24 37
10 58
67 155
67 147
67 108
67 90
22 25
25 55
25 63
25 125
18 25
6 107
62 107
107 111
43 137
42 99
16 105
44 103
109 154
2 80
58 138
35 142
91 138
48 54
31 48
2 13
105 140
2 11
32 43
32 62
32 123
32 128
20 84
2 148
28 153
145 153
149 153
12 49
49 100
49 126
49 150
46 92
23 46
5 65
29 65
2 74
116 136
115 160
104 160
81 132
1 160
34 136
5 81
26 160
27 81
33 136
83 137
1 120
87 120
56 68
32 94
54 156
47 57
57 125
94 153
10 72
38 159
38 98
89 93
15 136
51 105
15 151
127 156
82 96
82 146
64 82
141 151
42 77
21 61
59 134
115 134
39 50
47 50
102 143
24 102
84 114
86 114
111 129
66 71
19 129
71 97
71 145
73 76
73 119
7 122
7 133
52 61
11 134
106 107
17 157
17 131
17 55
20 68
41 158
95 152
95 130
95 113
45 85
30 45
4 45
53 121
53 69
36 110
6 112
112 117
59 79
14 79
9 60
60 78
60 139
93 101
73 88
16 110
37 72
124 158
