23.634248
22102
66
32434
40627
14 216
71 293
62 159
88 203
109 150
120 202
127 223
27 74
147 288
13 257
162 179
6 286
3 66
35 296
171 251
171 297
45 189
45 114
153 169
169 283
6 169
281 292
107 156
21 214
87 230
61 140
21 116
133 177
133 206
133 288
135 230
140 234
186 273
166 207
51 261
178 230
51 274
203 207
205 273
14 21
51 176
207 265
12 206
128 275
128 198
128 167
121 279
27 128
48 279
177 279
160 279
58 128
95 279
155 295
33 138
54 86
33 132
1 40
83 86
86 236
86 259
98 280
109 244
127 280
170 256
176 280
185 282
187 256
195 244
208 280
209 282
244 281
244 299
282 300
1 7
30 262
30 254
1 82
30 46
8 256
1 242
30 118
24 33
202 226
147 181
136 226
17 226
18 26
125 181
26 52
26 41
88 181
116 210
75 263
5 295
75 157
5 283
75 115
5 172
43 75
5 42
48 152
183 194
130 204
204 272
204 299
59 168
253 255
67 253
79 173
44 79
161 188
125 129
37 144
174 178
159 289
142 260
242 298
93 252
10 252
218 289
271 289
189 298
50 90
131 154
3 154
134 154
57 66
41 57
108 296
108 179
108 119
57 81
53 193
71 193
64 193
96 248
137 277
240 285
139 182
240 241
25 78
25 85
227 248
76 277
149 182
182 229
32 72
31 277
72 199
25 231
72 105
34 248
36 240
65 69
65 293
79 284
131 228
208 213
258 275
257 258
98 219
56 219
162 222
222 268
97 290
35 290
164 266
164 216
11 107
68 233
11 100
233 263
11 91
233 291
38 143
105 143
171 267
151 161
13 221
141 145
56 104
16 221
28 239
55 94
9 151
59 249
60 62
122 151
120 145
114 145
113 250
113 220
113 144
4 49
249 269
239 294
237 238
221 259
211 243
254 270
2 270
38 101
165 245
39 211
201 246
200 224
196 200
183 270
74 104
180 237
167 211
80 94
94 223
70 92
103 197
103 191
60 121
22 49
92 117
104 124
103 150
101 235
90 92
63 245
60 286
73 246
106 249
101 287
163 171
112 156
51 112
111 171
45 282
213 284
20 169
33 169
126 163
45 146
163 292
112 146
29 156
123 269
123 166
112 129
112 174
112 175
215 267
77 156
12 140
207 278
45 154
102 163
29 30
33 158
21 215
111 133
181 264
99 102
15 273
110 279
89 230
152 273
45 248
45 182
156 188
128 212
190 225
23 230
19 158
20 276
140 232
37 133
21 148
163 247
184 194
75 89
192 298
192 252
232 256
155 260
72 126
23 47
15 225
50 168
108 278
247 253
193 278
217 256
49 190
51 84
246 264
77 200
110 245
184 237
148 240
25 217
84 277
228 239
