32.709656
35489
92
2550
35728
1 161
36 191
27 434
44 301
50 340
68 441
69 428
104 234
105 320
129 306
188 255
193 329
215 225
236 411
242 277
254 278
338 448
274 285
267 322
318 437
283 374
87 90
58 83
58 295
5 58
58 374
42 233
313 439
228 399
25 228
408 438
24 438
438 446
258 438
340 384
288 384
41 384
179 387
181 381
73 132
49 132
132 192
132 330
132 351
89 312
47 227
121 200
200 389
200 430
200 436
200 450
146 175
146 419
87 146
2 119
119 204
119 393
119 414
46 104
46 268
46 135
213 350
210 213
124 213
173 213
192 213
267 392
1 253
37 432
37 123
37 89
392 417
253 356
136 392
426 432
116 426
106 253
377 402
164 204
135 409
35 175
299 347
29 262
13 265
117 249
196 198
70 83
70 350
155 282
22 91
19 393
48 413
197 316
35 283
194 279
194 284
194 401
90 438
6 24
118 412
244 412
220 248
110 413
220 225
3 292
74 292
161 220
110 227
230 316
279 395
230 321
230 411
38 395
242 395
34 110
237 387
237 446
64 349
289 383
151 298
5 158
138 440
138 366
285 368
16 368
131 138
333 373
289 326
93 333
116 298
304 355
75 355
222 333
307 314
307 343
103 307
63 289
8 257
217 402
217 444
203 217
202 217
45 224
153 355
45 205
198 333
8 332
184 368
8 79
8 62
277 298
219 307
158 360
158 320
158 256
45 375
324 344
214 328
94 214
133 214
31 149
108 191
108 114
108 290
149 165
60 108
64 149
331 425
348 425
36 365
286 425
190 365
193 403
28 423
122 438
59 385
21 76
385 443
21 96
71 385
176 385
21 229
21 162
98 251
98 278
98 107
23 305
150 435
4 422
351 422
315 400
69 315
310 315
201 297
101 201
240 287
68 240
166 201
127 240
85 428
85 332
85 147
85 129
81 160
39 301
39 180
39 435
293 323
323 441
12 52
12 437
199 357
255 371
20 261
54 371
53 261
176 357
182 357
261 318
300 371
398 421
362 439
174 442
172 394
168 269
363 442
160 187
51 270
51 273
51 305
389 407
391 407
32 358
55 187
178 309
143 187
404 431
142 322
142 271
142 144
141 410
141 381
141 265
140 221
139 172
407 447
134 442
57 140
130 254
130 243
226 250
260 429
264 405
2 130
28 317
274 309
40 126
280 281
238 361
27 226
26 380
236 429
281 329
43 238
44 226
362 418
281 364
290 358
219 367
210 264
206 222
309 396
311 317
317 336
338 398
344 398
347 362
189 358
359 431
67 306
126 291
86 367
126 282
65 348
18 206
72 206
18 431
65 91
78 337
105 367
92 238
67 212
100 264
65 117
78 156
97 429
76 269
77 269
82 245
17 26
82 296
67 376
95 188
95 353
95 207
215 319
346 445
325 346
319 354
61 84
433 450
170 233
61 434
342 433
50 170
10 145
246 397
352 449
266 327
209 449
241 327
128 185
66 159
128 183
302 449
88 145
327 386
30 66
7 275
66 186
275 424
109 128
113 275
14 246
145 247
216 246
120 388
257 388
148 152
148 203
259 379
58 232
56 134
56 405
262 303
235 303
406 448
177 406
9 73
9 157
37 228
47 200
252 438
146 379
228 308
58 412
181 253
122 365
263 384
167 200
379 420
70 111
6 313
42 355
415 426
46 154
119 125
48 132
154 213
213 253
111 171
37 382
132 208
22 415
259 298
349 384
102 146
125 249
355 379
214 384
99 420
196 409
99 137
80 179
70 195
20 335
361 378
280 335
195 276
35 427
150 384
151 294
294 445
334 372
23 379
37 368
158 377
339 412
218 377
13 292
223 392
155 169
146 240
115 167
230 276
8 35
345 382
11 298
80 392
289 299
169 427
11 324
164 403
112 223
137 423
46 369
230 416
228 231
239 289
138 239
263 341
201 377
45 208
15 29
15 339
334 390
149 370
22 390
21 416
357 426
81 372
371 420
78 252
128 426
33 385
19 140
272 392
82 102
26 370
169 275
163 217
211 368
33 172
228 378
327 369
163 449
145 231
66 211
246 272
