5.421648
13378
19
9591
74465
8 66
41 128
42 72
1 70
14 39
14 111
85 130
2 91
91 105
91 122
88 91
110 118
72 91
34 118
129 141
74 147
50 155
100 151
63 100
77 101
19 123
19 137
19 75
18 82
18 74
18 50
57 77
9 19
45 77
82 148
63 108
54 56
40 54
49 123
60 106
60 150
67 128
32 67
47 160
7 131
14 135
28 87
28 111
28 131
36 94
97 113
113 154
132 146
11 146
113 122
94 121
23 84
12 48
25 99
34 79
79 103
47 96
96 139
8 134
134 158
17 137
17 78
83 110
4 83
46 157
46 85
70 98
38 70
20 27
14 73
24 53
18 135
16 117
41 118
23 118
70 80
21 156
38 144
24 31
38 107
38 43
59 76
31 104
84 92
27 30
69 98
104 108
30 117
107 133
53 70
14 100
68 112
112 154
149 151
44 93
149 152
3 142
10 39
10 37
7 12
42 126
73 119
14 58
58 115
15 102
29 62
120 141
81 109
109 138
22 62
68 120
55 102
66 120
25 71
52 71
119 153
69 127
6 64
124 136
88 124
91 125
90 106
61 116
35 118
129 140
89 144
16 89
76 126
140 155
61 114
14 143
43 145
38 54
20 92
59 77
130 148
65 114
13 35
86 95
95 143
26 33
51 159
26 116
51 107
33 159
115 160
19 91
5 18
133 150
90 94
70 146
70 99
145 156
21 62
65 102
44 153
80 109
64 107
13 142
