45.642256
1
96
4698
40248
319 334
164 217
15 109
123 240
98 250
5 36
243 296
100 104
214 300
3 241
197 270
128 180
16 267
79 267
147 268
268 343
268 332
166 267
268 292
130 267
202 324
124 331
188 202
124 297
183 202
124 160
41 241
55 132
158 192
158 304
141 227
206 210
227 345
112 227
41 53
123 210
46 210
32 158
41 216
146 220
198 329
138 336
213 288
42 347
48 283
104 288
79 248
132 347
131 209
47 77
236 283
276 288
135 341
84 323
119 209
248 254
166 340
163 288
186 340
329 334
57 283
14 138
18 138
329 349
172 347
154 340
209 280
87 209
50 248
145 347
149 248
103 231
63 307
243 310
122 253
122 341
47 225
54 187
54 114
67 233
70 294
225 296
19 103
15 63
5 54
213 233
100 294
13 122
81 239
217 239
310 328
103 180
293 294
78 239
12 63
233 315
75 225
201 310
116 266
94 260
99 238
92 152
117 211
91 255
90 237
83 263
97 215
115 151
99 178
99 234
101 261
111 299
89 237
108 127
161 205
150 200
151 302
152 309
155 207
155 271
194 255
159 185
159 247
159 250
148 218
161 284
161 306
165 179
167 275
184 320
171 221
171 245
179 330
177 314
128 144
1 31
117 335
121 142
212 299
126 226
126 251
126 333
127 189
127 244
117 274
133 313
137 229
137 287
200 203
140 298
142 196
142 269
143 200
144 338
37 155
27 136
27 174
27 230
29 31
295 346
31 327
33 151
34 190
34 282
34 321
26 275
38 68
38 181
38 199
289 303
39 295
261 273
51 137
52 237
257 342
9 171
2 28
2 95
2 109
317 320
6 215
7 118
7 153
313 350
7 208
8 83
86 193
10 152
11 179
17 144
20 140
21 342
22 260
23 215
312 320
311 322
73 85
246 322
62 314
242 266
240 299
235 314
65 140
66 261
69 148
56 313
72 148
71 295
74 266
76 303
223 275
83 195
219 342
85 120
85 262
86 134
86 175
88 260
58 322
60 303
255 318
43 93
49 277
49 214
113 170
113 270
35 113
43 264
44 49
43 53
25 337
45 98
45 139
220 337
36 45
59 337
286 300
107 286
96 286
102 106
197 204
173 339
157 265
232 305
228 308
102 343
172 339
102 252
182 339
222 265
164 308
84 308
131 265
305 319
129 305
204 256
110 204
210 267
268 329
158 291
202 340
124 283
41 146
138 227
224 268
146 248
267 279
55 249
209 323
24 124
30 291
161 291
291 303
2 291
55 169
202 258
55 325
55 348
158 224
168 272
24 146
30 168
156 168
227 301
117 323
77 171
83 323
41 265
77 322
127 135
135 144
135 159
77 86
4 288
146 325
285 323
259 329
64 310
138 290
135 176
168 281
77 281
64 179
162 314
126 162
64 85
7 191
140 249
40 261
40 266
191 255
27 249
61 283
316 340
49 191
103 326
24 294
4 272
156 344
191 285
169 275
169 237
137 169
64 278
4 99
4 148
299 326
122 290
24 151
54 80
259 313
162 204
40 105
40 308
105 162
260 348
200 348
31 258
38 290
82 152
82 113
80 142
279 320
34 301
125 215
316 342
125 155
61 295
125 278
