61.411751
1
131
10431
34168
120 194
174 293
175 387
210 242
230 319
260 426
308 343
104 241
108 287
113 304
402 430
27 420
75 360
19 229
19 329
20 137
20 309
75 386
309 419
308 411
302 420
167 257
25 411
297 329
162 257
160 229
309 339
136 411
204 420
137 194
276 372
276 291
220 276
141 329
257 404
253 257
89 276
150 435
150 224
117 229
3 359
9 150
112 408
112 378
75 259
352 411
112 149
129 150
130 137
383 420
5 418
75 171
108 137
181 229
322 329
176 430
27 176
176 397
25 424
189 424
315 424
138 410
138 288
138 214
221 231
118 221
221 237
174 415
175 311
153 241
153 223
228 311
2 84
172 219
153 379
120 219
155 298
85 140
62 271
198 356
62 242
198 230
62 224
53 316
263 426
61 234
61 193
186 263
32 349
147 345
345 362
298 418
295 298
311 321
287 345
358 415
140 240
32 310
7 219
140 397
32 387
377 415
263 293
2 92
255 334
104 198
17 334
2 386
322 334
260 344
58 243
76 344
243 319
124 344
144 243
354 372
191 354
351 354
170 177
169 371
127 248
131 205
132 363
166 318
132 431
173 262
126 211
125 443
123 396
205 265
158 289
148 355
145 159
142 216
151 173
152 179
154 268
156 215
139 391
132 433
135 207
135 195
163 274
165 423
134 173
133 227
168 371
294 447
326 407
324 423
323 353
320 325
318 369
313 399
307 405
301 428
332 366
292 449
289 384
281 296
280 394
279 449
274 285
273 294
269 392
361 425
427 443
399 412
392 401
376 422
373 434
371 398
364 395
361 429
267 370
361 413
357 434
350 434
346 392
342 439
340 439
336 422
190 399
1 185
205 232
200 366
199 395
197 267
196 389
196 300
192 428
206 395
188 414
188 393
183 307
182 355
180 407
179 382
179 277
178 396
244 248
266 289
252 268
251 444
251 421
250 396
249 294
248 305
246 422
177 258
239 251
236 423
227 445
227 278
216 282
211 212
209 442
63 407
40 439
42 43
43 71
43 390
10 270
10 201
10 122
45 55
49 428
50 67
51 320
54 119
55 116
57 443
39 353
65 216
66 135
68 188
69 307
70 159
72 187
72 226
72 238
74 81
80 156
81 235
81 261
82 177
30 314
16 50
18 50
21 442
15 375
15 143
15 77
14 55
24 296
28 73
28 272
28 438
30 121
30 283
119 284
31 156
33 78
33 128
33 416
13 318
35 56
35 79
35 208
36 374
36 380
36 417
37 267
38 366
102 353
90 159
88 391
93 211
94 442
111 449
96 320
110 355
114 391
98 280
99 274
100 254
100 312
100 368
107 280
103 196
105 296
106 268
1 109
1 365
119 164
161 327
8 403
328 385
48 83
23 409
46 161
381 436
3 52
210 328
44 217
253 400
83 304
343 436
29 328
23 91
4 52
64 400
113 400
52 290
83 184
161 388
306 348
306 441
6 403
23 217
155 222
46 222
330 349
130 330
286 309
5 286
5 411
112 138
97 257
101 112
329 406
229 437
47 150
47 420
198 203
2 203
286 337
75 87
61 424
97 138
221 331
341 359
26 347
12 276
359 395
5 216
5 251
359 366
26 115
196 359
247 286
22 137
264 309
41 286
26 44
26 247
26 59
334 450
61 316
34 263
86 218
11 176
203 328
157 203
47 298
86 225
97 225
86 95
44 221
243 437
331 341
34 299
299 406
219 275
202 450
101 202
86 338
367 415
218 303
406 439
28 101
97 173
101 188
55 450
331 371
100 450
34 274
81 316
331 428
34 205
153 335
146 316
306 406
345 448
311 446
337 354
15 437
60 437
211 337
87 156
95 333
303 440
289 347
227 275
179 367
432 440
12 72
245 422
213 391
10 213
213 296
43 432
50 115
233 267
233 268
233 443
245 353
245 361
177 256
35 317
115 396
423 432
256 399
135 317
30 256
280 432
1 317
115 294
119 264
146 449
59 132
59 248
60 233
146 407
317 333
159 446
157 245
355 446
320 448
22 307
22 392
264 442
33 448
256 333
36 41
11 434
41 318
213 338
335 403
