10.179798
42628
33
20808
98508
28 90
88 112
128 174
44 136
83 156
81 149
22 67
68 95
11 138
81 138
65 138
56 139
110 139
7 139
139 149
141 175
166 177
120 166
67 166
8 110
91 115
91 184
33 47
41 180
144 155
23 30
100 186
26 169
123 198
1 79
6 177
151 178
3 12
150 178
12 63
12 193
123 178
35 122
35 117
35 46
130 168
3 196
75 196
89 196
101 196
49 106
29 181
29 40
117 185
20 157
119 172
160 199
25 104
25 109
25 150
52 94
28 176
36 161
112 176
50 52
143 176
13 161
104 161
41 52
43 53
91 138
62 179
62 102
62 100
70 105
55 191
189 191
173 191
51 96
51 190
51 125
34 94
74 91
163 192
95 118
118 136
73 85
14 73
21 132
132 175
84 195
30 138
15 77
72 98
47 72
113 134
134 156
1 134
22 107
80 107
2 153
2 200
145 187
88 187
61 137
148 152
45 152
83 152
42 108
24 139
38 58
35 38
139 169
44 121
121 181
121 127
87 99
74 135
135 162
12 199
16 31
166 198
35 60
31 178
29 138
91 124
61 161
139 196
78 160
39 188
39 194
19 39
58 166
114 142
111 146
26 142
5 196
59 131
85 131
138 172
78 165
97 157
84 171
103 128
10 155
4 93
66 171
164 183
10 23
17 93
53 164
10 197
97 170
93 182
97 116
40 171
37 158
37 130
56 103
90 164
37 49
32 103
5 106
57 133
133 140
165 185
64 82
82 167
59 82
30 76
71 86
71 92
18 159
159 174
137 180
129 147
33 48
27 186
24 154
54 101
17 54
34 126
42 168
9 57
9 96
5 176
16 79
141 172
72 126
87 163
30 147
60 62
27 99
77 162
73 166
51 91
6 20
129 43
69 92
21 69
30 191
105 124
48 111
39 195
