9.104572
13117
28
3023
59371
146 151
121 175
88 112
61 78
40 90
41 101
47 156
15 106
42 178
102 177
49 108
108 154
108 134
39 124
10 129
35 131
64 135
103 173
22 55
22 57
22 84
110 145
114 131
155 163
15 163
44 163
53 84
53 67
80 174
80 165
92 130
130 151
130 167
80 138
122 130
47 130
22 148
4 39
158 171
104 158
59 158
157 158
57 140
12 140
131 160
28 155
53 69
48 62
59 62
62 101
66 109
66 76
66 175
12 66
80 180
26 40
99 152
117 168
121 153
62 69
36 152
60 161
62 114
4 131
117 179
106 179
31 94
63 89
32 89
89 138
89 112
80 160
9 126
48 126
2 25
2 124
126 146
2 91
38 167
38 147
38 99
19 129
118 170
17 19
19 49
116 170
133 170
8 162
8 73
8 119
37 159
89 123
115 153
27 45
27 75
13 70
27 113
50 70
65 123
3 74
33 77
142 145
16 142
3 36
74 150
52 150
103 161
1 6
83 107
85 144
85 91
77 180
150 178
3 54
70 148
42 164
61 164
72 97
78 169
169 173
92 98
98 154
60 64
108 125
86 131
81 86
30 90
30 87
29 30
18 94
18 139
65 177
7 116
7 46
132 143
159 168
156 176
118 176
100 135
100 172
21 100
24 134
24 96
22 23
46 137
105 137
58 95
120 127
107 127
5 141
14 141
68 95
127 136
11 34
51 141
34 93
79 162
79 128
30 115
53 82
8 108
23 163
71 131
10 31
71 110
20 37
28 56
125 149
27 82
27 111
1 81
23 83
19 166
97 111
43 53
132 166
95 149
20 34
43 141
