29.295390
28887
83
3588
36652
17 116
330 343
95 204
304 374
297 362
292 299
109 236
281 375
16 166
176 367
37 303
240 370
115 296
270 279
136 344
133 210
25 54
198 337
96 342
31 150
81 345
5 257
5 162
5 335
5 329
5 300
274 357
13 274
24 189
63 189
189 325
189 389
218 325
219 290
90 275
376 393
70 321
70 205
70 179
70 149
170 376
70 288
20 385
189 209
43 308
308 313
318 352
42 113
60 267
237 312
91 312
48 312
255 262
198 238
238 320
238 307
170 358
79 310
98 106
106 337
106 276
106 174
15 118
92 219
40 92
92 370
168 244
30 104
104 158
104 254
104 267
104 281
242 260
294 360
343 360
45 360
96 130
94 130
130 339
130 173
58 256
201 256
109 256
35 151
30 206
206 396
150 206
65 291
355 378
3 391
3 172
3 183
194 399
74 350
26 101
49 101
80 101
211 284
46 268
46 220
169 328
25 284
9 20
9 38
9 187
115 152
152 269
235 284
74 259
53 113
17 328
38 46
53 222
37 152
71 328
53 154
72 189
157 376
95 314
213 362
87 123
16 314
90 213
123 310
123 132
213 279
50 314
345 376
57 147
180 298
265 302
265 394
120 180
265 282
147 341
147 159
147 176
111 388
4 180
13 388
168 388
330 388
10 47
47 149
47 295
160 386
100 386
171 199
171 216
1 386
69 193
275 366
15 349
135 212
212 318
208 212
117 261
254 261
73 137
73 270
73 348
18 73
65 178
178 236
178 339
178 245
18 234
221 234
125 234
166 322
322 377
94 250
250 329
299 305
287 309
287 320
144 278
33 89
33 133
86 227
33 175
148 262
148 190
175 227
174 227
235 287
203 227
224 369
224 357
7 287
103 110
266 380
15 31
106 142
15 56
35 130
352 399
284 349
104 380
2 255
238 366
52 157
209 224
163 315
276 315
11 378
11 200
60 392
164 232
240 252
105 398
316 354
223 389
223 332
223 285
340 397
161 252
242 247
353 354
354 390
182 232
375 383
379 383
382 395
177 398
271 373
247 400
141 374
141 241
140 249
249 313
249 361
252 296
107 141
127 367
127 233
253 340
264 283
278 340
264 363
121 382
32 83
54 93
43 398
59 111
83 215
12 289
83 292
59 277
12 146
59 323
61 118
61 202
61 304
6 247
93 181
93 368
97 127
66 383
28 271
2 106
42 44
5 21
191 194
103 148
263 336
376 385
27 81
27 297
27 257
56 328
53 142
119 193
88 364
88 226
88 393
119 191
189 359
29 210
29 34
68 230
139 347
89 347
68 205
57 129
114 129
344 387
351 387
78 387
129 165
124 390
32 124
70 258
3 185
69 250
305 342
19 246
204 246
99 303
99 225
151 312
317 327
80 317
22 63
22 153
123 185
266 319
67 331
381 384
64 372
62 372
163 186
327 331
326 333
197 228
184 231
293 356
14 231
186 280
188 231
192 333
196 273
197 239
273 396
197 346
272 286
214 324
39 272
36 384
160 186
143 324
138 356
136 384
76 324
77 108
134 356
77 122
85 272
77 306
112 338
126 311
112 371
82 372
84 331
155 333
126 207
112 365
126 243
256 274
46 301
47 334
334 386
70 92
3 44
189 355
274 314
72 144
263 359
21 229
217 258
244 308
171 336
75 392
128 251
74 195
9 195
72 247
251 260
102 319
152 156
41 167
79 101
156 265
264 301
131 238
5 55
145 274
290 52
41 229
74 180
232 308
23 180
129 308
8 15
359 387
308 372
126 358
271 291
51 92
128 231
102 248
131 272
75 112
8 382
77 248
248 356
55 333
145 197
51 324
