53.678284
1
117
5524
61333
45 202
149 257
87 391
134 240
279 368
90 228
30 333
121 270
69 264
142 354
42 315
35 315
315 317
315 361
124 306
98 303
233 303
1 400
238 275
275 389
249 400
251 303
273 275
272 318
268 356
257 268
261 306
169 400
74 318
175 318
209 247
61 400
306 363
184 268
189 306
318 328
113 176
76 126
83 335
76 128
167 326
76 211
157 335
51 180
30 51
71 76
226 396
133 234
42 362
210 396
51 271
51 93
4 78
111 286
10 396
276 396
279 335
231 254
183 228
333 337
59 305
10 96
57 100
96 131
96 148
201 305
305 391
45 100
48 231
20 63
274 347
63 357
245 274
274 361
183 243
164 337
62 100
183 353
149 231
282 337
87 297
297 381
23 297
17 80
50 118
118 363
172 175
172 299
172 341
147 307
147 240
147 380
110 368
111 224
132 360
224 244
224 266
110 338
118 205
132 270
17 155
110 326
17 78
104 132
283 342
116 135
312 349
359 372
119 193
372 387
43 204
202 349
43 230
43 236
8 119
90 135
16 69
16 84
16 241
49 349
119 169
135 295
348 354
260 342
85 260
140 308
36 322
113 348
211 348
52 99
52 150
52 264
140 209
140 332
107 260
142 322
320 322
137 236
123 344
122 397
390 394
138 284
120 212
152 285
121 242
117 369
123 350
127 179
129 170
134 194
141 334
141 378
146 174
145 343
265 393
217 281
223 285
227 397
229 395
232 259
235 250
237 343
239 290
239 293
242 258
242 376
259 301
263 287
216 383
280 382
284 296
284 314
294 316
302 316
324 395
327 379
339 397
340 379
345 352
351 390
358 390
370 379
182 212
161 385
162 256
162 330
162 346
163 291
165 166
168 382
170 298
170 392
174 367
177 345
178 343
179 225
154 321
187 316
190 222
190 248
194 234
195 371
196 311
199 393
207 220
212 384
213 220
214 366
216 300
216 329
34 208
46 159
75 86
44 123
41 311
40 285
39 395
77 250
38 371
79 192
37 194
79 253
81 125
12 217
81 246
34 181
34 144
81 288
82 311
86 271
86 310
88 117
89 250
32 398
32 191
53 165
54 153
54 323
54 365
55 220
56 217
14 292
58 200
58 252
58 309
14 336
60 321
33 174
65 165
66 141
67 79
68 239
70 219
47 287
70 277
13 161
15 32
46 255
46 218
3 70
18 214
27 163
26 190
25 399
25 160
25 112
102 139
102 198
102 221
9 19
24 371
105 321
108 161
109 179
19 171
2 14
19 355
115 382
117 267
97 156
31 319
7 163
92 393
31 106
31 64
29 214
95 259
97 197
6 345
5 287
97 215
173 268
315 335
275 303
173 313
28 173
173 304
173 185
315 386
101 318
176 304
286 362
4 362
130 268
176 337
101 133
21 183
313 373
275 325
143 247
185 286
303 388
306 388
247 284
31 247
103 400
141 247
101 231
73 335
186 313
206 362
63 94
176 179
4 372
81 176
76 188
186 305
274 289
51 325
11 167
11 396
21 140
52 158
158 260
278 286
100 114
269 362
91 286
167 390
167 242
4 220
72 133
133 262
133 203
158 321
22 158
21 214
21 136
119 373
96 331
63 137
373 397
311 373
101 239
43 377
135 151
94 278
102 377
94 216
94 162
32 151
91 151
34 377
79 151
114 348
283 372
289 343
285 289
117 130
46 73
73 250
163 186
130 379
170 206
16 364
188 287
259 331
325 382
190 331
143 374
165 386
58 386
217 269
25 103
374 395
103 316
123 375
97 364
136 375
345 375
70 375
212 262
161 203
203 393
203 371
54 262
14 262
174 374
19 374
