13.027100
17503
40
351
35060
1 80
23 168
19 110
98 116
102 181
62 127
130 226
141 143
170 240
35 119
50 212
214 241
191 196
47 192
70 77
177 188
24 29
94 171
46 166
46 172
91 189
91 140
91 163
91 249
114 148
27 246
11 184
151 209
151 168
56 151
173 200
191 230
197 230
78 190
26 65
73 174
65 137
66 87
182 212
182 183
35 64
59 174
64 82
64 169
182 220
65 244
66 92
33 227
87 109
89 118
6 22
6 52
6 114
34 147
39 147
23 142
193 226
183 193
7 223
147 166
142 241
135 142
130 223
125 246
125 194
125 164
125 135
122 193
120 154
20 147
120 159
67 104
176 227
93 176
24 187
28 55
141 155
21 116
21 134
21 26
55 177
55 162
55 107
90 155
7 155
17 21
41 155
181 235
235 240
157 171
70 91
99 171
105 203
76 153
76 175
18 225
18 19
11 18
66 192
210 245
51 210
89 223
31 78
31 186
5 31
62 138
54 138
104 171
52 126
77 88
110 195
30 88
47 195
140 195
79 109
37 66
25 120
71 223
79 120
113 145
60 74
58 74
74 214
108 115
63 142
63 193
121 182
25 231
48 250
58 160
160 225
72 184
193 203
64 158
150 243
148 250
174 178
72 173
215 232
38 232
100 179
100 215
74 243
38 233
39 233
29 219
157 190
111 179
111 200
3 211
9 211
117 185
1 185
48 216
8 247
13 45
13 127
8 204
8 123
2 13
98 132
132 229
10 171
36 237
44 172
43 86
94 139
22 238
36 143
44 228
49 139
86 249
180 238
131 167
186 234
117 234
27 188
55 178
187 207
71 115
21 207
119 222
222 245
108 222
48 219
99 147
37 156
112 239
102 239
3 248
229 248
65 144
53 162
53 161
105 216
50 124
96 124
51 95
61 201
12 75
165 198
42 236
198 213
201 224
146 208
32 218
32 152
205 236
133 136
106 129
136 196
57 221
14 129
81 217
95 202
15 146
95 103
4 12
16 129
85 146
57 101
12 43
68 217
113 236
40 230
67 97
83 206
6 40
83 125
138 157
33 149
9 199
112 199
97 149
128 171
69 85
69 220
42 242
16 242
158 198
84 156
57 144
118 145
76 174
84 217
10 32
167 206
8 126
128 201
