2.433213
166542
8
272
184606
1 79
37 84
4 82
16 28
69 78
77 100
44 96
54 95
66 71
76 92
29 88
32 83
12 83
31 34
27 91
21 83
2 94
2 37
2 33
2 28
2 8
72 83
20 83
40 7
22 49
2 41
45 74
8 45
3 75
13 30
13 23
13 65
13 60
13 33
38 97
77 92
14 99
69 85
41 85
54 57
57 66
10 43
26 78
34 35
14 90
55 73
17 86
17 60
4 56
56 93
56 95
26 72
62 71
64 100
64 74
20 62
11 30
11 53
38 80
80 93
39 68
39 81
39 87
42 67
5 67
67 68
67 76
48 86
1 48
6 58
19 46
6 65
7 49
7 19
46 84
6 9
7 98
3 6
31 52
22 35
59 63
63 99
7 90
13 44
73 88
55 75
24 29
18 89
23 89
27 43
24 91
25 53
47 50
25 51
50 98
15 70
10 15
36 61
16 61
