5.828784
28312
17
70309
143195
11 73
44 82
118 131
45 49
28 96
35 64
58 106
84 126
109 127
12 123
26 37
8 93
72 130
36 105
58 71
50 118
50 53
45 71
71 117
10 71
38 50
32 100
57 71
62 74
20 74
98 107
6 98
4 98
9 98
21 51
41 115
91 121
64 121
121 131
112 119
112 122
93 112
106 112
19 78
19 122
1 108
1 91
29 63
24 109
24 94
8 127
69 104
96 104
69 76
76 94
40 125
28 125
79 116
116 123
42 129
47 56
33 56
34 81
34 133
66 124
102 117
4 25
25 53
40 124
18 34
102 111
67 135
2 137
51 137
57 135
5 29
84 121
97 128
75 100
75 83
75 126
97 99
73 75
17 97
52 62
52 108
63 71
110 136
50 101
7 67
7 35
42 50
55 80
22 114
22 90
26 31
22 82
31 88
31 113
13 39
16 27
13 101
14 140
20 140
68 111
47 68
46 86
77 112
39 132
12 32
27 130
61 138
61 133
103 138
72 103
16 120
23 59
98 136
34 77
15 30
30 54
30 65
46 137
70 132
86 129
36 120
41 89
11 89
44 89
83 85
3 85
85 134
43 95
48 95
60 139
60 105
60 87
5 55
37 55
21 92
23 110
97 115
70 95
30 92
