24.281734
1
52
36767
77967
15 166
2 12
28 194
84 106
109 113
109 183
65 109
67 171
97 109
62 122
62 112
8 62
35 62
38 159
64 111
64 119
64 157
107 134
32 181
134 192
45 146
146 170
19 146
32 126
152 162
32 121
32 108
160 162
29 64
23 162
52 146
26 134
50 145
119 174
76 197
76 95
174 193
169 174
165 174
55 144
148 194
84 197
148 191
148 161
95 129
9 95
67 197
117 197
44 122
47 198
63 81
81 141
81 126
25 198
15 198
19 155
155 189
99 155
56 69
133 142
135 137
136 196
61 142
138 176
58 74
142 158
56 127
124 138
153 196
54 175
54 164
54 98
178 196
51 68
179 195
74 166
79 149
1 96
75 116
75 100
83 114
83 186
74 200
90 179
125 168
72 125
71 138
68 143
105 123
105 184
105 188
125 140
13 79
21 177
7 33
37 91
21 182
37 49
37 42
36 46
22 179
33 132
8 79
24 75
14 135
33 94
16 59
31 83
27 135
16 18
16 43
21 139
48 185
48 110
48 93
1 89
1 102
46 180
20 68
46 130
4 92
41 56
4 118
4 11
115 165
50 78
60 115
30 115
78 106
6 78
66 97
2 66
17 144
17 120
17 190
3 38
3 104
34 167
88 154
28 154
156 167
10 40
10 53
12 167
70 154
82 150
109 162
77 159
55 159
32 128
159 173
85 173
147 171
86 128
86 95
125 171
46 171
4 171
74 85
151 162
85 179
78 85
159 187
62 101
44 148
80 109
87 148
79 145
85 172
39 77
5 134
146 163
64 103
128 135
68 128
134 172
147 151
87 115
56 151
1 151
73 174
95 163
155 199
16 101
81 131
21 80
142 199
150 171
5 54
37 73
33 131
73 75
105 131
57 83
138 163
103 196
48 57
57 187
10 103
