28.130457
14042
90
497
30503
59 210
11 109
133 143
132 264
131 275
111 428
16 35
103 179
194 347
92 416
80 185
198 360
39 245
292 413
22 47
3 403
54 99
2 301
265 315
113 254
108 239
30 247
125 381
283 422
216 328
216 272
12 359
40 447
28 40
155 267
155 303
195 339
195 265
195 204
194 195
177 195
140 250
174 186
47 442
217 442
69 442
43 442
152 442
145 307
145 429
69 145
145 358
145 336
289 431
424 431
50 134
50 315
18 240
1 232
396 441
244 413
93 365
165 365
117 244
119 142
119 263
119 427
129 396
1 363
1 371
8 393
24 77
152 296
77 149
77 113
296 342
19 77
317 348
349 443
196 238
48 420
17 212
49 384
404 444
34 120
66 164
176 216
12 216
98 391
233 391
284 429
73 284
243 284
305 391
284 373
115 391
247 294
294 307
335 390
390 428
39 294
36 173
75 345
32 237
112 175
183 373
183 291
183 275
274 433
290 352
339 345
2 290
26 292
199 418
264 290
78 388
8 436
237 356
237 370
26 407
162 258
58 167
27 78
58 410
208 382
199 283
415 436
139 157
97 174
133 199
139 297
68 436
197 382
139 423
137 258
4 78
214 433
97 324
228 345
46 382
97 354
26 151
249 358
249 423
112 368
72 407
56 72
85 216
359 367
93 372
135 401
319 341
250 269
88 228
138 385
121 180
121 348
88 107
88 185
120 138
14 92
14 225
38 341
223 304
96 138
223 343
223 399
269 400
239 269
230 279
279 323
269 447
121 148
14 80
121 449
279 377
74 160
74 106
74 81
158 341
187 253
98 187
180 236
109 236
296 309
300 344
260 344
280 330
280 326
280 322
344 430
381 437
234 249
56 221
90 397
202 252
196 397
87 298
83 244
220 286
198 402
402 416
66 309
40 155
164 357
261 357
82 168
95 302
302 318
310 327
17 310
130 267
130 425
131 378
5 16
5 318
65 378
5 312
33 140
26 114
40 285
200 249
273 284
44 75
44 132
296 411
126 431
176 431
273 290
22 86
86 253
365 422
277 396
234 302
396 408
33 431
85 145
31 179
31 215
31 336
63 450
49 125
285 287
40 240
50 60
254 437
376 388
356 376
122 127
122 406
144 361
10 316
124 398
268 316
100 409
181 316
156 361
79 361
100 104
42 124
100 375
70 205
101 124
70 299
70 353
15 122
77 176
296 408
171 203
171 334
212 450
206 442
83 345
262 446
209 262
270 335
386 439
159 439
59 262
270 303
141 270
210 439
229 242
248 288
191 241
143 222
4 222
14 404
189 199
192 372
108 372
94 203
173 226
154 226
256 365
87 273
266 434
52 251
218 369
369 435
102 380
172 401
172 207
380 420
380 392
118 172
33 63
145 184
170 391
126 288
201 350
350 360
170 242
19 128
55 128
41 301
41 231
7 114
89 244
45 321
18 45
213 311
136 169
71 169
242 443
25 333
281 385
197 281
218 281
257 446
81 257
13 256
229 280
89 317
6 419
193 252
23 432
99 414
329 403
219 308
6 177
188 445
227 340
23 324
95 188
182 278
276 332
193 211
6 394
178 313
340 384
23 84
346 440
37 193
29 395
111 313
255 332
123 332
67 395
64 282
64 215
389 414
9 219
306 412
313 421
147 314
147 362
150 440
320 366
245 440
3 320
21 320
168 340
387 414
325 329
116 306
161 329
37 64
163 235
54 188
163 400
57 182
163 438
344 349
119 287
138 248
35 405
146 405
190 242
293 338
282 338
20 338
271 426
88 337
50 295
238 448
53 149
53 276
379 445
325 379
333 448
60 112
206 417
184 333
58 256
153 255
136 153
62 280
130 271
190 224
311 337
202 246
76 355
246 383
351 355
191 224
221 286
91 277
119 393
220 258
155 341
76 241
186 436
213 219
251 411
125 266
1 26
105 216
30 395
50 364
147 170
295 374
36 242
74 351
135 294
70 295
51 183
48 374
195 331
279 364
61 365
34 122
259 417
91 166
51 361
105 433
94 433
61 223
110 183
306 383
166 182
100 259
124 331
110 316
