28.174389
28315
88
36304
45430
80 185
133 143
132 264
131 275
111 428
103 179
11 109
194 347
198 360
92 416
3 403
59 210
2 301
54 99
265 315
16 35
39 245
292 413
22 47
113 254
108 239
30 247
12 359
125 381
283 422
145 307
145 336
145 358
145 429
69 145
69 442
43 442
47 442
217 442
152 442
140 250
216 328
216 272
244 413
40 447
117 244
28 40
50 315
50 134
77 113
77 149
1 232
289 431
24 77
424 431
19 77
1 363
1 371
174 186
18 240
196 238
404 444
194 195
195 204
195 265
177 195
195 339
93 365
152 296
165 365
396 441
129 396
296 342
317 348
8 393
155 267
155 303
119 263
119 142
119 427
349 443
48 420
56 72
72 407
17 212
66 164
88 228
120 138
139 297
133 199
139 423
199 283
58 410
58 167
139 157
199 418
14 225
290 352
14 92
14 80
138 385
26 151
183 291
183 275
183 373
26 407
96 138
26 292
264 290
249 423
249 358
2 290
88 107
88 185
83 244
296 309
49 384
36 173
34 120
135 401
250 269
121 449
121 180
121 348
269 447
121 148
239 269
280 330
280 326
280 322
74 160
74 106
74 81
230 279
279 377
279 323
223 399
269 400
223 343
223 304
38 341
158 341
319 341
359 367
180 236
11 236
234 249
202 252
30 442
344 430
233 391
115 391
98 391
260 344
73 284
243 284
284 373
284 429
305 391
300 344
131 378
65 378
66 309
98 187
130 425
130 267
187 253
56 221
85 145
390 428
335 390
26 114
82 168
200 249
12 216
93 372
44 75
44 132
5 312
415 436
5 318
46 382
5 16
197 382
208 382
68 436
8 436
97 174
97 324
97 354
78 388
196 397
4 78
27 78
162 258
137 258
90 397
310 327
17 310
261 357
164 357
381 437
198 402
402 416
214 433
39 294
294 307
87 298
237 370
237 356
112 368
274 433
75 345
339 345
32 237
112 175
228 345
220 286
273 290
33 140
189 199
126 431
85 216
50 60
31 179
31 215
31 336
191 241
145 184
176 216
89 244
33 431
396 408
296 408
296 411
22 86
86 253
14 404
7 114
365 422
7 200
277 396
108 139
209 262
59 262
380 420
262 446
102 380
380 392
273 284
376 388
356 376
77 176
94 203
206 442
238 448
13 145
13 256
88 337
40 285
118 172
172 401
172 207
229 280
63 450
4 222
143 222
213 311
35 405
146 405
256 365
138 248
52 251
218 369
369 435
266 434
136 169
71 169
33 63
82 83
248 288
212 450
89 317
50 295
81 257
257 446
41 347
41 231
156 361
42 124
70 299
15 122
79 361
144 361
100 104
70 205
70 353
100 375
268 316
181 316
100 409
10 316
124 398
122 406
122 127
101 124
49 125
62 280
87 273
126 288
285 287
49 422
171 334
171 203
45 321
18 45
187 192
302 318
350 360
95 302
201 350
344 349
40 240
173 226
154 226
219 308
182 278
386 439
387 414
281 385
389 414
178 313
3 320
218 281
293 338
276 332
270 335
270 303
227 340
255 332
282 338
346 440
210 439
306 412
313 421
320 366
188 445
245 440
325 329
329 403
20 338
197 281
193 211
340 384
193 252
64 282
159 439
9 219
29 395
6 419
64 215
6 394
37 193
141 270
116 306
6 177
37 64
103 128
150 440
147 362
55 128
147 314
54 188
161 329
123 332
111 313
21 320
23 84
163 438
23 324
163 400
163 235
95 188
57 182
99 414
23 432
67 395
229 242
14 448
58 448
333 448
53 276
53 149
91 277
271 426
25 333
311 337
190 224
344 444
191 224
136 153
153 255
244 393
40 155
325 379
379 445
234 302
130 271
190 426
206 417
202 246
170 391
76 355
62 383
242 443
119 287
351 355
76 241
1 26
50 364
60 112
221 286
220 258
213 219
266 337
251 411
155 341
30 395
186 436
295 374
74 351
355 380
36 74
105 216
147 170
279 364
61 365
172 184
70 295
51 183
195 331
61 223
91 166
94 135
259 417
110 183
34 122
105 433
51 361
306 383
166 182
124 331
100 259
110 316
