6.460700
58348
24
16857
72635
25 28
35 157
134 193
19 56
52 136
154 181
42 123
122 182
83 122
111 168
168 169
99 194
15 183
45 75
170 192
98 192
13 102
2 4
95 152
141 152
99 140
11 140
157 185
44 48
138 162
113 189
113 197
47 113
79 162
65 162
74 113
34 177
86 179
53 184
46 121
17 189
178 188
8 109
65 164
136 199
62 100
47 103
9 142
172 180
23 91
174 186
57 126
57 165
78 81
2 78
78 191
125 152
40 176
134 192
167 169
167 182
1 60
110 181
19 110
118 141
118 145
118 166
58 114
84 110
50 58
10 58
152 172
51 126
20 162
129 190
106 131
38 112
112 128
187 193
123 187
36 72
143 161
86 161
49 93
171 195
28 195
53 195
70 119
59 132
18 100
18 121
32 34
8 32
122 154
122 132
73 173
27 61
6 171
6 69
31 153
33 144
62 125
81 151
111 151
128 198
80 82
89 144
33 180
75 168
103 160
74 94
94 143
91 97
183 192
4 96
142 160
77 152
66 168
31 192
56 135
51 97
90 67
140 175
72 110
117 153
44 92
20 161
52 117
107 108
49 101
67 133
69 101
88 108
3 67
1 101
148 162
87 158
30 158
147 158
54 149
54 124
54 63
90 104
92 135
152 192
96 196
122 140
7 113
23 85
48 85
52 179
36 82
35 93
41 115
41 50
11 163
5 163
168 200
105 115
105 131
76 139
76 173
24 155
127 186
127 129
72 187
14 42
26 200
29 40
16 29
77 150
39 148
17 116
102 140
37 106
43 45
55 64
21 64
12 43
26 177
130 137
25 137
15 71
71 120
159 175
37 198
146 185
68 184
60 122
80 176
58 194
150 156
22 159
7 119
68 174
46 178
61 146
66 67
73 199
108 156
146 155
22 64
60 158
54 190
