14.989279
14870
46
58999
81845
18 156
153 232
61 200
110 199
36 231
205 235
45 70
87 181
102 103
101 196
62 170
24 242
123 242
79 242
62 152
62 100
74 182
4 135
21 107
21 149
21 250
12 21
111 150
136 187
54 139
84 100
46 180
86 109
126 188
66 132
66 148
66 229
74 91
37 91
91 156
21 78
197 239
196 239
102 239
189 246
138 177
55 192
144 192
134 189
169 192
189 203
125 189
59 80
59 82
93 177
59 154
209 245
85 238
17 56
17 146
130 244
76 220
220 229
41 220
219 226
216 220
160 226
195 244
204 226
174 244
114 200
42 171
215 234
92 234
69 181
69 133
27 69
65 69
11 202
89 124
158 175
211 247
161 247
19 23
49 97
44 64
104 141
33 141
64 231
64 86
141 243
88 201
34 99
34 153
88 104
34 185
34 206
36 131
172 236
9 50
8 13
9 237
9 119
54 172
20 26
18 172
131 223
16 26
24 131
26 176
26 223
13 58
4 131
67 88
13 38
13 35
81 88
2 250
175 239
121 163
96 130
14 164
25 186
118 164
112 186
210 222
20 210
122 177
161 190
16 129
129 246
58 198
63 183
143 183
121 183
198 224
198 206
187 248
21 47
84 242
6 101
105 191
23 218
15 39
15 150
83 227
39 227
21 158
62 66
78 190
2 218
91 135
122 141
6 62
62 192
66 157
127 194
29 194
194 235
90 115
30 90
178 245
137 178
1 151
1 203
212 244
89 142
75 120
120 159
205 217
108 217
189 207
177 207
73 208
73 155
136 214
193 214
46 214
17 157
94 220
234 242
27 72
72 98
32 177
59 106
83 166
61 166
115 166
47 168
168 191
116 240
184 228
3 87
110 249
113 228
179 233
202 240
45 240
28 70
30 162
43 213
33 167
43 154
124 162
28 51
28 95
43 75
52 249
241 249
10 126
60 97
3 40
77 233
10 232
60 140
60 199
3 68
162 230
10 42
22 167
48 105
5 226
159 173
145 173
71 221
71 85
53 71
59 180
177 188
59 188
57 111
32 114
147 192
103 164
31 64
96 142
165 212
147 226
17 117
49 105
163 242
209 244
172 225
11 117
7 225
69 238
139 186
69 171
6 9
128 208
55 128
94 194
31 233
7 228
