5.952070
61338
20
31481
118037
149 157
24 90
49 117
84 96
88 153
19 92
92 132
92 146
92 158
15 52
1 39
19 36
36 48
36 160
13 57
57 108
57 124
9 151
122 131
69 127
53 61
61 87
61 115
28 43
120 132
74 120
72 118
129 144
14 74
14 135
42 93
63 96
63 121
6 150
6 21
6 86
34 63
40 63
20 159
20 156
20 95
20 49
105 135
137 139
5 10
43 136
136 157
116 136
8 104
1 125
117 125
23 147
23 90
23 113
138 142
50 92
7 82
37 82
82 88
34 64
64 123
50 75
78 95
78 149
21 59
59 151
71 159
71 127
71 111
92 109
3 18
36 52
92 142
81 133
80 92
57 133
46 57
36 39
63 148
62 148
27 77
31 47
47 122
15 47
55 154
27 57
80 81
18 61
104 105
76 139
103 155
79 103
18 112
72 98
98 107
87 145
85 145
70 76
60 70
51 60
36 55
33 83
17 97
12 38
56 94
56 79
83 128
25 97
12 24
11 97
12 100
66 112
46 67
41 66
18 63
118 138
77 130
45 47
73 154
51 112
41 75
2 54
2 22
9 130
32 129
3 65
53 143
17 143
99 107
99 147
42 101
6 10
73 101
18 82
44 84
44 152
45 56
12 144
89 91
89 115
29 134
13 114
114 140
26 69
68 141
30 35
110 141
4 35
106 119
119 140
16 58
93 126
58 146
102 126
83 137
5 35
28 6
131 141
26 29
