10.157049
25906
32
14803
79832
68 130
100 117
17 86
20 28
66 70
4 23
29 157
71 72
72 134
53 72
85 128
69 146
18 129
85 100
18 109
18 76
58 69
73 115
61 115
69 153
69 73
88 115
85 139
36 115
87 94
48 121
55 109
55 56
33 43
55 112
55 136
55 140
33 84
33 90
33 139
33 106
39 106
118 132
34 79
34 123
13 34
80 93
9 93
1 67
1 129
1 70
1 78
7 120
7 31
7 58
7 79
31 127
16 117
16 65
34 118
12 105
3 52
30 131
3 60
131 141
3 128
3 154
21 131
8 12
12 48
12 71
32 98
112 113
51 147
46 47
2 82
82 137
4 18
7 81
18 47
124 142
124 134
40 124
6 33
81 113
54 67
38 54
5 11
5 52
89 143
143 150
140 143
25 107
19 25
77 152
103 152
15 152
42 50
42 59
46 72
53 97
23 25
6 27
42 115
19 114
94 114
116 157
11 116
29 59
108 160
57 64
24 57
57 133
85 110
14 110
85 158
99 125
83 125
10 68
26 147
26 159
60 91
45 49
28 41
76 148
75 92
10 111
145 151
37 104
41 44
91 101
91 144
92 126
49 62
98 148
49 88
17 41
35 156
86 92
20 148
35 122
102 145
104 149
26 138
14 96
63 115
96 119
93 158
22 50
74 131
22 74
82 87
51 55
15 155
99 155
16 135
63 152
95 121
57 127
12 160
135 145
32 104
35 97
10 95
