19.391918
42157
59
12352
68636
153 235
233 234
56 267
63 68
41 191
8 270
169 245
90 276
75 90
223 241
70 197
33 70
176 237
217 271
252 268
204 268
116 186
111 129
40 118
40 187
111 196
111 208
11 40
58 121
72 283
4 58
203 297
203 276
4 180
4 234
52 119
7 62
53 134
122 264
163 264
27 264
51 264
42 204
85 135
34 209
60 165
233 279
103 226
26 103
153 279
279 281
117 190
117 280
117 245
103 156
93 205
108 184
115 156
194 263
28 93
39 93
115 168
10 263
94 274
32 184
170 263
206 248
94 210
174 248
107 231
179 260
181 260
79 260
11 106
155 185
47 126
1 192
128 272
34 272
173 272
18 238
15 109
15 139
15 186
15 262
148 231
18 95
225 292
148 275
18 101
74 126
63 292
220 292
126 269
1 288
1 278
62 185
1 241
185 237
180 185
148 161
82 170
90 266
84 268
41 200
8 200
151 200
152 200
120 232
89 232
177 232
83 232
66 214
46 198
6 261
6 299
55 112
199 262
39 199
199 285
100 124
59 173
201 288
54 211
211 230
72 172
172 243
40 300
4 166
166 203
74 253
65 70
78 133
79 133
56 259
149 270
50 259
138 259
149 207
147 149
43 123
86 268
70 242
130 154
102 154
13 73
13 183
13 247
20 154
195 242
45 87
87 128
145 164
76 124
28 76
90 298
94 300
138 162
113 162
22 230
22 92
105 171
83 171
7 70
44 291
273 291
14 16
14 119
38 157
46 157
17 157
104 150
150 197
4 224
9 251
61 251
77 235
77 249
77 78
286 296
174 286
66 69
60 90
24 295
248 266
112 125
23 64
193 218
178 299
114 265
132 250
88 113
88 127
88 169
213 257
215 265
244 277
5 269
178 256
250 273
5 57
5 9
3 287
3 146
3 43
2 129
2 44
2 30
96 213
98 222
98 158
98 151
45 282
135 228
68 213
67 218
125 142
140 228
143 282
144 244
64 294
57 265
54 290
159 250
51 81
49 125
48 290
178 217
165 282
37 296
81 160
37 258
81 289
37 134
35 293
35 182
31 267
31 188
31 80
29 228
219 254
203 240
84 201
66 255
25 103
216 221
25 93
203 271
40 111
66 264
66 136
12 263
70 107
255 268
137 236
70 106
100 219
137 148
212 248
121 283
86 189
176 263
1 212
115 240
214 253
167 272
66 239
110 131
110 189
115 221
184 284
248 284
52 136
85 203
167 198
40 202
4 227
21 42
19 209
117 209
175 184
71 99
99 191
36 268
21 292
69 97
200 246
18 227
107 229
223 295
12 290
202 232
111 123
55 115
116 145
149 255
141 246
35 53
175 244
218 239
36 154
64 229
13 91
91 141
