3.092007
76669
12
1197
84624
24 44
60 97
36 37
8 11
33 71
19 72
70 103
79 107
53 77
85 111
12 95
56 116
32 67
52 68
66 112
1 23
43 96
7 45
30 102
14 30
30 72
5 33
5 55
30 107
5 77
54 95
90 120
20 120
94 120
4 96
34 39
2 108
7 54
10 46
25 34
45 104
25 104
10 47
2 109
40 88
40 93
93 109
105 109
24 109
108 114
26 98
43 82
14 118
82 113
65 118
17 30
89 120
86 111
45 46
53 104
8 73
65 73
42 89
5 112
30 45
21 57
55 57
32 41
12 42
29 119
40 64
13 51
51 78
9 119
4 109
5 75
21 63
44 63
4 86
26 114
29 40
49 61
49 50
13 100
23 41
17 18
11 84
74 84
19 100
58 67
58 78
61 110
110 116
80 101
71 80
52 99
92 99
87 106
27 87
81 87
83 87
56 92
101 115
16 115
76 97
37 76
76 105
31 103
31 74
31 50
48 91
48 68
1 22
22 28
85 87
16 35
15 38
38 62
38 60
35 59
3 69
69 88
6 117
75 117
