23.717313
28557
74
795
36218
96 358
224 262
129 343
50 249
107 261
155 183
55 307
244 252
29 198
106 389
284 348
100 208
43 266
41 199
184 316
83 101
2 92
37 54
3 297
313 318
30 229
283 300
31 330
60 255
75 122
195 260
42 356
332 386
22 238
248 346
85 264
303 336
36 275
141 268
190 312
34 345
182 189
57 142
273 299
53 273
273 353
87 109
49 212
49 178
27 385
49 153
49 95
173 239
173 341
61 314
312 314
284 385
105 385
324 385
314 353
153 173
2 173
257 333
222 343
7 356
7 33
7 32
291 387
62 327
125 365
213 227
72 365
213 252
187 213
213 230
12 140
171 335
228 335
108 176
36 397
317 397
57 275
324 355
10 65
65 102
175 287
287 325
287 387
256 398
166 305
26 159
159 240
109 263
80 245
80 368
18 80
160 373
250 314
316 347
94 104
235 400
58 104
104 106
104 151
259 347
126 382
126 244
81 295
126 152
321 347
124 400
269 400
258 390
270 388
59 267
267 394
270 295
113 296
26 267
195 296
31 270
205 296
181 361
285 362
181 265
181 306
70 200
272 310
70 157
209 310
115 299
43 115
107 362
135 281
115 293
127 231
127 148
17 216
127 131
70 117
115 339
40 45
39 230
39 211
39 188
119 362
30 158
216 283
28 183
28 66
216 297
28 369
226 233
39 114
165 362
5 281
304 310
45 381
233 344
233 375
158 374
158 370
174 281
22 70
45 315
158 235
58 310
7 363
7 248
9 109
154 319
181 229
191 253
171 392
84 392
78 345
78 215
21 56
21 119
21 262
108 298
156 202
156 249
53 156
75 156
42 173
87 277
60 277
161 331
92 161
161 266
64 228
173 194
24 314
334 399
364 399
41 399
89 234
51 234
278 332
265 278
122 213
79 202
51 79
326 351
82 384
384 389
109 275
238 314
369 377
94 377
73 397
3 44
213 386
50 323
145 337
290 322
69 139
38 69
88 201
38 177
110 279
38 178
313 323
139 288
139 176
29 322
138 201
337 341
123 359
83 359
289 322
224 323
359 379
337 350
49 264
39 311
72 147
54 147
28 330
28 255
132 309
132 242
181 286
260 355
309 349
279 349
9 168
47 383
12 47
47 209
76 348
76 85
189 233
233 250
160 326
118 270
302 365
70 118
179 368
61 179
144 242
144 307
169 360
52 222
255 329
191 220
42 398
220 329
203 400
6 109
203 267
78 142
210 305
23 257
133 210
23 86
210 251
146 218
146 303
146 338
34 116
137 241
207 241
241 380
110 378
7 141
71 340
71 264
296 373
256 271
271 358
14 214
214 376
63 219
130 246
150 186
63 206
154 186
63 99
13 280
130 170
97 130
186 282
4 13
13 48
46 214
25 311
253 294
55 294
100 292
96 292
37 292
44 363
121 129
121 318
121 357
201 300
71 342
232 328
167 395
193 236
217 364
66 193
165 217
155 162
11 354
162 164
52 232
74 328
221 274
221 261
120 231
120 320
237 286
101 393
134 393
19 194
168 223
319 336
64 182
16 396
15 327
15 366
247 308
15 371
192 320
8 247
93 149
111 149
149 199
90 157
90 103
67 128
98 112
204 396
20 192
185 192
184 396
128 225
98 163
98 258
77 90
208 372
372 391
143 243
198 254
143 301
91 254
186 378
254 352
62 116
23 286
68 333
347 351
68 291
127 223
35 287
136 380
136 163
6 281
35 390
247 298
45 109
190 322
169 397
143 263
210 275
65 140
214 275
25 180
45 367
342 393
197 273
172 216
1 385
128 180
367 395
172 276
196 237
276 354
13 196
130 197
1 63
