44.572508
20337
117
13122
23400
79 347
72 444
281 382
263 267
127 472
259 297
130 463
110 247
352 492
64 175
349 473
40 193
290 308
63 229
295 457
311 398
183 343
306 389
223 319
230 275
122 484
120 194
5 195
7 240
220 423
206 416
206 248
95 206
96 206
124 427
98 105
188 480
348 480
221 480
183 480
2 139
199 270
223 370
137 181
137 209
370 416
137 450
137 477
4 370
189 370
65 359
100 200
80 200
94 200
200 371
147 359
200 267
118 359
33 115
182 276
40 58
218 464
45 276
58 196
115 284
276 444
391 479
43 445
281 357
22 37
199 369
36 392
201 445
68 461
266 291
38 421
37 487
37 310
291 474
392 414
261 393
357 459
369 486
383 465
385 404
385 473
388 445
392 399
136 148
400 465
403 421
409 465
5 37
453 467
456 465
233 385
237 357
21 500
88 261
29 136
28 136
309 392
310 421
313 385
261 384
326 467
261 304
21 298
21 228
170 461
337 369
167 291
158 467
150 461
51 476
476 489
229 476
476 477
203 415
395 422
246 395
383 415
362 439
224 235
179 415
308 415
53 224
184 224
278 395
350 446
80 446
446 475
249 388
56 490
226 233
116 256
247 375
336 456
338 375
264 301
41 300
300 483
287 406
66 406
194 406
190 264
259 300
45 264
54 118
174 187
351 390
228 493
396 401
204 401
42 111
13 111
401 442
176 248
176 263
111 157
301 329
176 489
89 176
141 401
69 78
61 111
69 145
69 203
69 460
131 215
14 140
83 418
50 366
14 116
216 342
14 186
119 240
63 83
306 307
339 366
342 352
307 321
119 399
119 440
277 425
120 342
219 307
366 488
83 253
97 273
277 448
97 218
277 472
97 252
332 436
333 363
341 363
241 499
165 420
106 166
106 285
106 322
346 419
107 420
17 205
133 455
133 305
133 269
376 397
113 161
113 327
113 429
397 405
397 497
70 340
35 320
35 323
35 353
79 499
77 180
75 420
205 232
205 255
279 373
171 180
70 159
70 84
275 331
272 407
272 379
262 346
258 331
239 318
31 386
99 363
331 358
324 373
318 498
93 272
92 373
318 491
180 207
30 168
30 330
88 346
30 451
87 374
87 355
87 134
187 499
31 286
31 443
139 206
96 288
129 368
335 368
351 368
411 449
32 260
195 260
10 303
10 104
356 470
3 389
3 191
61 243
243 490
153 424
153 198
7 153
317 466
169 343
94 192
177 214
177 423
26 169
178 220
178 319
91 177
24 202
16 236
19 164
154 485
155 156
156 212
15 46
15 189
15 265
349 408
23 377
164 254
101 437
169 311
154 297
334 478
23 188
23 211
55 82
72 292
48 316
48 462
210 481
213 438
67 408
64 494
62 292
48 295
57 494
244 452
244 299
238 412
238 391
59 408
236 409
34 178
47 495
47 314
47 141
282 494
74 82
202 428
202 356
76 292
283 394
82 492
192 463
192 328
39 123
294 344
86 387
126 367
105 438
1 146
11 354
380 394
109 236
11 230
154 162
8 11
131 238
398 466
130 344
110 387
124 387
123 457
434 438
437 496
122 344
121 367
114 325
114 454
114 484
447 478
2 123
142 144
142 345
142 439
146 312
146 404
103 210
367 382
365 413
365 402
361 466
81 108
132 197
148 360
132 290
132 468
127 435
193 257
433 435
44 360
6 143
6 471
6 332
372 435
231 257
25 360
108 251
315 347
108 175
315 410
315 381
252 431
370 480
276 427
213 441
100 441
378 427
268 480
139 378
138 426
378 469
273 482
338 482
137 458
359 461
58 71
359 476
421 430
430 467
58 479
185 186
81 185
300 480
160 369
385 464
58 445
50 417
417 471
173 191
173 303
52 224
83 138
160 426
12 224
139 277
117 445
20 71
52 375
368 427
125 369
112 200
329 430
139 346
49 357
117 362
242 395
342 469
280 378
249 465
56 421
136 274
98 411
12 27
90 430
139 302
427 470
125 415
250 366
21 217
37 217
73 250
293 395
430 432
357 390
172 370
73 430
136 493
160 307
21 289
245 264
85 256
27 85
215 242
163 293
85 364
271 359
60 467
87 464
363 464
115 288
20 135
291 296
85 128
174 401
208 226
18 291
115 234
149 461
9 362
49 499
249 373
119 174
102 261
245 478
106 336
112 397
70 289
90 296
151 446
244 274
60 331
163 222
69 225
9 180
30 172
227 432
128 152
149 318
205 227
365 436
35 102
234 420
31 152
113 222
133 222
151 272
210 271
302 437
18 164
225 394
156 225
