6.416761
50083
20
24205
170762
60 72
56 77
46 57
2 74
1 90
40 109
48 103
115 119
59 98
70 111
5 46
9 93
1 8
8 15
12 84
78 83
78 100
78 112
78 118
5 94
5 35
75 113
108 113
11 120
47 110
47 113
23 30
23 40
80 110
23 58
48 110
91 120
86 114
16 43
33 101
44 112
44 98
44 95
44 55
43 97
43 66
36 101
72 101
14 60
14 79
4 95
5 103
77 92
62 92
35 83
29 53
53 118
35 102
52 73
35 111
58 67
34 53
7 41
3 67
73 76
73 86
6 117
43 69
64 119
8 109
64 70
17 78
27 51
51 54
18 51
25 69
94 120
22 50
50 68
13 106
13 28
81 113
37 63
63 87
4 74
85 94
19 120
31 104
31 115
30 45
37 45
20 23
20 110
24 66
24 68
39 96
9 96
44 90
10 88
10 84
62 82
26 32
99 105
42 89
42 61
42 57
18 82
38 105
26 107
25 116
116 117
49 59
28 71
17 43
2 82
21 23
7 106
21 101
12 78
49 93
8 65
12 73
105 114
26 65
