39.674628
1
82
3007
78496
47 98
245 282
191 284
224 284
88 284
46 284
9 208
72 228
60 208
112 185
112 113
208 232
72 137
72 89
18 112
50 183
50 266
222 262
105 268
69 222
115 222
53 222
253 274
52 253
105 226
105 282
51 208
1 72
86 253
50 271
232 253
90 240
240 252
194 240
44 241
132 204
24 93
3 30
3 93
3 129
22 87
107 139
107 218
107 270
34 100
20 132
87 161
35 61
147 251
87 175
15 228
15 155
15 34
87 244
132 140
61 234
61 108
132 182
61 85
147 291
119 248
21 209
171 233
98 233
102 168
102 290
17 176
176 189
91 102
21 82
21 101
201 248
247 291
220 291
176 182
233 297
58 287
91 103
47 223
223 257
186 223
44 55
245 260
260 261
13 300
13 66
55 219
55 286
33 260
48 67
67 216
67 234
142 273
52 273
22 258
202 258
165 258
83 295
104 193
117 288
84 106
114 198
92 188
96 288
97 295
99 299
111 115
110 197
148 195
104 149
197 210
173 231
178 299
179 229
180 239
180 254
187 230
187 296
188 196
190 267
192 197
195 281
170 181
198 215
199 214
199 276
211 265
212 237
217 231
235 265
238 292
259 293
272 283
84 289
124 259
125 283
126 134
127 181
133 288
134 280
136 195
141 188
143 180
145 283
118 265
150 267
157 269
157 294
158 181
160 292
162 179
166 212
167 203
167 250
169 179
6 255
7 200
7 122
42 172
43 206
45 167
49 104
54 65
56 187
7 19
42 144
57 84
6 135
6 39
5 231
62 134
63 131
4 263
64 111
10 29
16 212
23 27
25 292
26 63
27 120
27 130
28 199
10 146
80 295
31 157
32 70
10 11
36 206
37 63
38 206
40 111
42 94
65 225
73 299
74 76
74 156
71 259
74 264
70 249
75 267
77 198
78 184
78 224
70 213
78 227
79 116
4 95
79 153
4 207
79 164
65 278
138 244
82 138
32 109
14 165
14 286
1 109
121 284
3 50
72 251
112 121
105 275
15 240
159 208
112 248
100 121
100 275
107 275
103 105
123 222
205 284
50 59
8 251
174 241
58 275
253 285
12 100
12 61
100 242
21 68
221 233
2 241
128 242
236 241
24 277
24 67
3 236
8 223
154 176
102 154
248 298
41 241
65 251
24 199
24 212
121 299
111 251
128 279
81 159
81 221
2 256
151 291
159 206
74 221
195 221
159 288
27 68
68 267
68 246
13 59
174 181
152 256
12 104
12 157
198 298
123 265
123 187
4 298
243 277
236 292
7 236
163 279
79 205
151 180
84 163
243 283
42 163
63 152
6 285
134 152
177 246
152 197
10 41
163 295
167 243
179 243
177 188
177 231
177 259
