53.678284
1
117
12680
41166
45 202
279 368
90 228
142 354
30 333
134 240
69 264
121 270
87 391
149 257
35 315
42 315
315 361
315 317
275 389
76 128
76 211
76 126
74 318
30 51
238 275
133 234
71 76
318 328
175 318
51 93
51 180
273 275
272 318
51 271
113 176
111 286
42 362
167 326
261 306
251 303
1 400
257 268
157 335
249 400
169 400
233 303
61 400
226 396
184 268
189 306
209 247
210 396
83 335
4 78
10 396
124 306
306 363
98 303
268 356
276 396
279 335
119 169
116 135
118 363
201 305
110 326
110 338
110 368
50 118
111 224
113 348
48 231
149 231
118 205
211 348
147 307
119 193
59 305
104 132
63 357
147 380
132 270
132 360
135 295
96 148
96 131
140 209
140 308
140 332
90 135
147 240
231 254
224 244
10 96
224 266
17 155
8 119
17 80
17 78
245 274
348 354
16 241
16 84
274 347
43 204
43 230
43 236
305 391
274 361
20 63
16 69
320 322
57 100
45 100
62 100
183 228
183 243
183 353
36 322
142 322
52 264
52 150
52 99
282 337
134 194
372 387
359 372
164 337
86 310
172 175
172 299
75 86
172 341
86 271
37 194
85 260
194 234
333 337
260 342
107 260
283 342
141 334
162 256
390 394
145 343
117 267
117 369
370 379
358 390
351 390
345 352
284 296
340 379
339 397
141 378
302 316
284 314
120 212
121 242
327 379
122 397
123 344
294 316
138 284
123 350
324 395
127 179
129 170
196 311
177 345
229 395
178 343
179 225
227 397
182 212
187 316
190 222
190 248
195 371
174 367
199 393
223 285
217 281
216 383
216 329
207 220
216 300
212 384
213 220
214 366
242 376
280 382
265 393
263 287
152 285
154 321
259 301
161 385
162 330
162 346
163 291
146 174
242 258
239 293
165 166
239 290
168 382
237 343
170 298
235 250
170 392
232 259
55 220
34 208
38 371
39 395
40 285
41 311
44 123
46 159
46 218
46 255
47 287
53 165
54 153
115 382
54 365
34 181
56 217
58 200
58 252
58 309
60 321
65 165
66 141
67 79
68 239
70 219
70 277
77 250
79 192
79 253
24 371
2 14
3 70
5 287
6 345
7 163
9 19
12 217
13 161
14 292
14 336
15 32
18 214
19 171
19 355
54 323
25 112
25 160
25 399
26 190
27 163
29 214
31 64
31 106
31 319
32 191
32 398
33 174
34 144
97 197
95 259
102 221
109 179
102 198
92 393
81 288
82 311
97 156
97 215
89 250
81 246
102 139
105 321
81 125
108 161
88 117
137 236
49 349
297 381
312 349
87 297
23 297
202 349
315 335
28 173
315 386
173 268
173 304
286 362
275 303
173 185
4 362
176 304
51 325
275 325
101 133
101 318
185 286
28 325
278 286
72 133
73 335
173 313
130 268
76 188
133 262
133 203
303 388
306 388
103 400
4 372
11 167
269 362
176 179
81 176
167 242
167 390
206 362
11 396
274 289
96 331
63 94
186 305
135 151
43 377
101 231
119 373
91 286
4 220
247 284
31 247
141 247
94 278
143 247
114 348
16 364
117 130
259 331
102 377
285 289
289 343
311 373
325 382
373 397
130 379
101 239
94 162
190 331
32 151
79 151
163 186
165 386
73 250
34 377
94 216
46 73
58 386
21 140
100 114
283 372
63 137
313 373
186 313
91 151
136 331
322 364
103 316
25 103
21 183
22 103
52 158
97 364
188 287
217 269
70 375
123 375
374 395
161 203
345 375
174 374
212 262
54 262
203 371
203 393
14 262
19 374
21 214
170 206
143 374
136 375
158 321
