38.356043
1
83
24351
39397
79 80
38 66
39 108
132 157
99 149
118 206
71 276
202 224
67 106
6 38
6 40
6 120
6 155
6 241
116 237
226 260
36 236
124 237
96 100
36 227
36 184
72 237
96 175
92 260
36 269
96 145
45 102
96 258
143 260
48 131
48 181
197 230
48 299
215 260
104 237
102 185
102 289
151 261
111 162
162 295
232 279
77 89
18 278
137 278
13 162
74 278
12 151
21 46
21 121
21 203
151 259
162 261
77 300
228 285
90 236
9 249
149 249
90 268
167 233
150 287
79 150
167 279
90 281
37 218
75 150
167 188
53 253
218 239
93 122
180 241
119 249
53 132
122 179
67 218
180 205
180 235
72 122
53 293
71 107
107 251
107 117
49 142
142 202
43 70
135 142
70 226
70 244
175 277
80 275
174 274
178 228
85 277
39 275
106 110
159 178
25 174
28 110
31 275
165 178
174 206
277 283
110 256
140 187
183 214
129 171
129 248
130 144
130 199
136 273
182 288
157 183
154 190
146 182
86 234
148 191
148 271
88 190
153 182
86 242
94 139
109 166
109 194
98 109
97 294
113 156
73 247
113 172
95 294
94 290
128 238
164 211
163 280
123 262
125 252
126 138
126 196
126 229
128 198
35 265
27 163
29 263
30 94
32 51
222 262
219 221
34 51
35 76
35 170
26 292
41 272
42 183
44 59
47 59
50 247
51 118
52 252
213 273
54 163
17 68
3 86
4 113
5 292
7 128
8 282
10 247
11 17
14 263
15 23
186 255
17 270
255 267
245 282
20 263
230 292
22 78
23 210
23 217
24 190
2 65
59 284
204 272
60 187
207 255
61 294
62 252
211 223
63 219
64 148
65 133
65 147
69 219
201 282
78 105
56 130
78 240
266 273
195 262
82 129
189 272
211 246
187 291
169 192
257 276
158 169
87 173
224 257
108 169
55 168
55 264
112 120
55 66
177 257
57 112
173 286
99 112
165 209
117 209
176 200
16 200
6 152
102 197
102 278
48 89
152 232
6 81
48 285
89 151
197 254
33 260
84 278
237 296
152 212
58 96
36 231
114 152
141 162
84 103
197 282
182 197
1 152
103 141
218 243
167 250
19 89
21 225
59 232
232 292
89 183
150 161
169 232
33 254
220 275
160 300
21 216
151 216
114 127
127 134
84 252
58 90
193 243
122 231
101 220
19 297
84 173
208 297
33 277
83 107
219 243
220 272
297 298
148 297
141 187
126 141
86 220
94 243
51 250
193 296
83 91
65 296
128 296
33 129
35 83
17 212
78 83
212 247
91 115
208 211
225 273
115 190
23 298
113 115
115 255
262 298
81 130
160 263
109 160
1 294
1 163
200 298
