17.246715
71195
44
1942
81675
1 62
2 144
73 116
87 138
55 63
49 169
180 188
34 175
32 147
17 98
11 139
159 160
75 126
47 75
100 172
162 186
162 179
162 171
2 191
91 191
146 191
191 199
70 79
58 79
97 189
184 189
13 189
5 92
8 187
8 55
8 44
8 41
47 82
82 90
62 82
122 169
93 122
71 141
71 110
96 164
103 122
135 164
111 122
24 71
138 164
54 63
54 153
54 185
54 192
64 164
35 131
186 195
112 156
86 156
116 156
65 78
25 154
43 108
108 133
28 108
33 108
94 152
52 69
52 87
34 52
52 137
84 152
152 185
163 198
163 173
153 163
129 152
61 183
6 133
85 106
93 106
69 106
61 117
38 117
117 121
128 167
73 105
48 128
51 114
51 134
51 155
136 145
136 148
142 165
57 95
165 194
7 136
67 170
95 174
36 45
36 166
27 36
29 128
105 158
95 196
19 165
125 170
105 151
72 170
46 65
46 149
4 66
4 144
17 130
123 130
143 190
22 180
22 102
143 157
14 143
22 26
81 178
76 161
77 118
80 197
1 101
88 120
88 172
88 184
89 98
176 177
99 126
99 200
101 147
118 175
131 161
168 182
159 176
161 198
23 28
10 160
11 83
60 182
56 81
50 101
18 81
20 80
53 99
23 31
40 89
39 80
25 176
30 59
32 89
30 150
30 188
10 127
3 12
3 42
3 187
5 23
10 135
162 189
68 191
18 115
14 115
35 162
75 109
104 197
104 200
181 191
154 162
37 82
75 117
79 195
21 163
74 79
8 71
21 109
164 181
75 105
122 124
46 100
37 132
8 9
92 113
16 68
74 107
79 119
68 95
51 68
78 113
15 54
71 193
124 143
6 36
107 140
9 22
140 165
15 170
16 83
119 182
136 193
83 128
