9.930055
2471
35
29558
63865
93 198
41 183
83 102
24 40
71 99
63 168
61 200
123 186
117 119
50 110
64 143
13 44
192 193
120 184
107 130
22 134
57 74
76 138
49 108
125 197
8 125
92 135
87 98
62 144
78 144
70 144
144 171
144 162
142 180
34 79
79 133
76 180
46 65
79 118
85 195
85 175
85 89
85 101
3 10
10 158
10 92
10 77
122 169
73 87
48 91
118 169
82 154
86 154
123 154
55 56
59 96
13 96
56 171
56 157
56 84
96 139
106 162
9 106
106 167
43 119
43 83
42 106
40 43
75 87
31 121
12 150
45 157
45 109
27 45
31 57
43 44
58 146
58 133
58 71
31 182
58 165
124 187
22 87
68 111
29 172
101 129
4 172
15 129
11 172
116 129
14 194
183 191
29 191
37 87
18 91
35 149
18 193
18 63
35 65
17 35
111 154
121 144
16 166
16 127
16 122
54 200
97 190
97 110
36 97
94 168
94 112
55 188
141 188
31 49
31 125
2 160
21 33
33 59
33 88
33 151
160 179
160 189
43 75
125 132
47 114
7 81
50 81
73 191
130 152
102 152
141 196
143 196
82 196
139 199
126 155
36 155
165 199
48 184
117 176
175 176
109 176
131 178
126 178
178 181
20 186
20 72
136 182
120 159
163 198
159 195
74 163
53 180
136 138
32 68
69 153
153 194
113 137
19 61
19 93
19 147
105 180
79 113
173 192
46 135
35 121
37 97
1 41
1 174
52 161
52 124
23 60
28 104
6 69
67 173
24 38
38 103
108 177
51 177
6 54
25 128
8 128
39 156
100 185
140 145
145 148
98 145
14 185
5 90
80 164
30 80
26 115
66 90
26 150
80 197
26 170
39 95
31 187
47 67
53 160
12 137
23 107
32 90
28 125
12 39
