46.359956
44065
122
24718
45031
431 485
142 493
288 368
121 167
96 427
169 323
87 476
59 318
109 305
103 404
9 298
108 402
30 455
175 267
104 213
190 429
21 263
365 458
223 261
122 158
362 420
229 362
137 397
100 456
62 303
174 210
48 110
51 60
174 432
48 369
5 48
78 200
78 320
78 363
78 493
60 464
60 257
192 467
52 431
52 361
52 203
36 153
36 69
36 40
52 161
184 219
104 184
184 306
184 427
123 184
14 224
114 292
294 304
35 259
480 487
212 304
220 477
259 484
239 488
229 259
232 497
477 499
156 314
475 480
156 460
141 477
163 304
128 232
127 156
24 236
332 406
347 406
224 406
90 286
231 286
68 286
193 286
151 368
30 151
7 167
66 369
159 492
66 367
1 77
293 492
66 210
246 297
246 395
251 296
79 360
32 329
296 306
15 360
9 492
11 360
211 446
211 435
211 249
86 223
86 441
86 411
86 402
130 441
105 346
77 279
105 163
319 404
319 383
105 124
130 208
130 305
77 403
7 112
103 105
42 319
32 61
32 75
122 246
7 63
189 319
66 483
296 392
358 489
114 202
202 448
202 341
202 312
202 264
117 401
49 90
55 197
157 415
157 169
197 476
197 349
157 222
157 331
244 428
185 407
64 478
88 299
313 378
315 408
34 313
127 408
145 277
207 313
145 430
145 191
408 478
408 495
145 307
438 479
206 359
238 327
126 226
93 226
72 131
84 226
106 358
166 437
226 486
106 474
72 340
72 264
56 453
452 453
336 437
42 437
266 418
40 72
420 453
413 486
132 171
154 220
87 444
88 233
91 444
108 233
3 444
101 433
233 323
101 255
101 307
28 309
28 340
111 370
194 394
344 466
73 291
116 144
186 221
333 425
316 465
187 388
328 385
41 291
33 135
33 381
33 471
325 328
324 425
316 440
316 500
18 179
6 276
146 498
449 450
146 285
146 267
10 388
423 496
419 466
144 247
144 182
16 265
405 414
162 364
18 134
345 425
18 214
136 394
380 459
380 454
380 393
370 443
370 384
364 372
353 388
352 466
180 450
181 227
183 364
265 470
254 450
269 276
227 248
268 394
241 276
85 274
221 334
227 387
235 377
290 423
47 405
85 473
228 308
95 377
83 291
74 258
221 379
74 160
217 377
85 371
196 423
308 494
44 199
198 405
199 284
74 338
199 386
76 328
265 447
308 374
176 399
137 362
100 362
92 138
260 318
170 383
170 400
168 482
149 429
382 412
260 309
396 479
397 461
401 439
252 262
251 439
243 436
236 391
434 469
234 390
234 339
143 263
152 322
195 288
188 321
282 327
335 351
282 348
282 481
289 398
330 391
295 311
300 491
281 391
326 398
201 273
190 461
322 456
311 365
195 302
193 396
170 415
280 300
273 350
271 356
351 448
351 472
178 458
178 428
178 310
357 461
177 271
361 469
366 439
266 462
376 462
219 243
96 262
59 398
62 129
65 113
65 164
65 213
67 396
81 133
81 215
81 488
89 99
58 482
97 260
98 463
99 272
107 382
109 271
115 129
125 142
125 172
125 261
126 322
27 463
2 262
4 469
8 185
8 240
8 298
12 482
13 234
19 31
21 139
26 243
149 225
29 39
31 121
31 467
37 410
38 410
39 175
39 278
46 462
54 188
149 301
139 375
129 342
139 455
143 421
138 195
143 409
132 311
200 218
94 218
354 442
206 426
218 317
389 485
53 389
150 426
148 354
158 426
140 354
230 389
52 165
78 174
94 250
63 250
14 100
211 362
216 373
36 60
60 205
36 52
57 174
137 296
130 303
100 256
78 204
245 304
25 392
25 148
52 492
232 477
12 22
22 112
304 406
303 445
216 233
245 360
13 422
422 472
270 494
118 270
165 413
303 408
259 416
20 259
155 239
48 424
23 100
48 438
49 480
151 343
343 360
147 256
77 246
7 32
82 156
204 246
17 173
102 480
102 239
173 373
154 174
36 238
36 171
82 490
156 355
66 457
57 418
362 417
43 362
23 24
45 192
226 489
137 382
197 313
184 209
72 237
48 242
199 292
292 423
32 120
275 299
155 451
17 50
82 444
466 489
239 468
316 416
265 416
20 308
70 232
205 273
80 239
244 388
101 424
130 337
64 144
146 457
71 86
287 313
188 237
221 275
99 355
120 227
33 287
119 291
74 119
45 119
85 209
253 451
120 300
50 283
253 370
328 468
242 380
377 417
70 276
337 425
80 450
43 394
18 71
71 364
283 405
119 410
176 283
92 463
