11.162401
82545
31
1437
115915
30 151
37 100
13 140
5 29
86 119
91 160
106 141
1 128
6 175
42 68
9 72
93 144
73 124
4 94
107 171
70 114
5 36
36 47
36 104
36 176
36 75
9 50
50 93
42 50
80 121
20 97
32 52
23 52
52 58
52 150
2 20
46 170
53 143
53 157
53 159
53 174
16 53
36 66
135 164
95 164
30 164
78 91
35 119
35 116
35 109
32 173
29 127
40 65
78 121
74 127
115 173
57 60
1 78
19 60
130 173
127 142
65 142
60 161
120 180
120 145
120 131
63 65
83 147
89 98
37 177
13 147
15 19
15 88
89 147
15 122
10 113
15 134
7 177
71 113
118 177
23 98
113 162
98 146
147 169
113 150
96 100
96 112
26 96
11 96
55 125
52 154
55 127
20 87
92 167
122 167
105 167
6 98
90 167
55 113
67 108
40 165
62 86
47 156
62 126
117 156
14 103
103 136
103 140
21 180
33 129
85 159
85 160
61 80
28 53
67 77
50 171
38 64
72 137
54 65
87 98
20 77
65 124
108 120
60 108
54 177
70 173
79 172
31 79
27 79
21 68
28 125
81 111
76 81
81 123
66 163
60 99
35 99
11 133
128 139
49 139
25 133
106 132
94 132
59 144
24 163
102 114
24 110
138 174
138 178
158 166
73 166
43 147
4 78
33 84
17 84
22 38
8 51
41 115
18 51
41 44
39 179
34 179
41 152
51 161
12 48
48 56
48 141
101 172
101 123
3 151
3 82
3 153
148 155
148 168
107 148
46 110
59 64
108 129
79 154
22 149
45 69
61 179
3 170
69 149
