21.652554
1
48
59
56139
93 131
43 120
140 156
118 142
40 95
56 61
56 63
56 84
56 94
56 143
8 145
122 167
8 97
31 40
8 82
15 178
101 118
101 157
19 58
70 115
15 86
15 36
85 101
76 119
102 115
64 115
58 107
58 98
42 136
115 155
12 119
92 111
7 34
1 141
43 69
1 143
1 22
34 69
28 66
28 55
28 45
81 110
81 135
10 32
105 139
10 38
17 69
10 156
105 131
105 113
109 154
140 154
144 154
53 164
129 169
132 172
152 166
162 174
125 169
53 150
53 59
52 79
49 148
172 177
45 138
116 126
112 159
114 176
103 180
48 169
99 165
120 152
103 146
91 104
88 148
123 138
83 99
127 152
80 159
104 106
79 153
79 87
123 174
124 172
67 114
65 103
2 148
14 39
13 114
11 99
9 29
35 126
29 130
39 158
39 161
24 60
24 72
29 93
6 174
5 74
5 160
27 126
3 159
5 54
24 89
25 104
20 111
20 137
33 175
46 61
23 46
33 78
90 117
90 147
33 167
73 151
151 168
70 90
4 46
142 151
37 121
37 134
71 77
77 96
16 37
51 121
26 30
30 57
56 122
8 119
8 42
8 15
40 58
42 122
15 50
40 108
122 171
122 152
29 122
40 138
50 174
42 44
119 133
119 173
101 173
58 149
7 81
68 115
47 101
92 138
105 128
69 163
40 51
10 108
21 128
18 62
18 21
24 128
53 128
79 163
148 163
41 163
1 179
68 81
44 169
62 170
39 133
99 100
5 100
126 149
172 179
30 42
68 159
100 170
47 104
75 103
75 114
77 100
20 75
