22.823940
38963
65
170
71485
20 116
260 270
154 155
44 189
95 255
46 280
57 188
131 220
23 275
98 107
94 262
43 119
119 288
119 286
118 119
62 119
18 214
18 160
18 95
120 246
192 240
21 183
54 183
192 280
192 297
48 183
115 183
21 232
90 284
103 117
103 259
22 103
7 241
177 190
139 158
6 139
137 139
98 139
129 208
150 208
25 89
91 277
210 272
124 157
144 237
101 117
54 209
105 298
122 142
46 151
40 151
39 265
28 116
28 300
102 276
29 265
102 150
48 239
126 245
142 227
262 265
63 191
63 266
65 105
239 289
69 102
202 239
9 63
83 105
11 65
11 120
11 163
11 198
179 245
161 265
151 172
149 224
149 210
19 245
20 105
149 164
142 269
28 50
93 235
30 196
181 266
82 109
61 254
109 156
109 197
254 258
195 254
37 254
152 168
78 155
78 207
78 226
75 119
220 268
72 145
240 294
80 162
250 261
162 285
162 278
113 125
52 250
113 288
50 113
31 162
118 250
53 261
227 256
257 270
41 257
200 257
119 165
123 282
2 253
238 253
77 253
127 133
128 213
143 175
106 127
143 194
1 282
15 143
27 127
32 213
12 282
10 213
42 230
42 96
42 147
290 296
57 64
129 290
121 176
34 35
107 121
64 110
248 285
248 273
45 99
99 275
247 264
135 185
228 273
55 228
100 103
86 237
86 188
26 205
137 178
136 169
26 38
47 138
132 154
132 146
131 252
61 219
124 169
33 134
114 186
43 186
36 66
111 166
108 201
108 141
211 292
190 263
14 23
13 263
196 223
8 171
204 223
7 186
211 255
185 211
212 223
5 132
224 242
4 287
233 291
4 84
252 284
25 71
14 44
14 184
174 260
174 247
174 189
171 225
168 263
16 251
16 276
161 178
159 222
16 277
153 166
17 178
148 222
70 236
79 167
76 219
93 167
94 219
74 233
73 167
92 293
59 72
71 231
97 242
71 180
70 298
51 134
49 242
70 182
59 88
92 221
47 281
68 199
68 193
66 81
59 249
85 252
75 101
60 144
18 56
90 139
139 274
18 239
151 246
183 295
28 60
56 192
58 239
18 215
144 203
63 183
100 142
102 232
87 206
24 63
149 229
102 283
208 234
173 283
151 187
187 245
83 216
88 216
142 217
24 104
234 272
203 254
130 209
130 299
274 279
192 271
208 244
87 135
30 295
60 257
67 103
91 109
91 152
78 91
78 243
265 267
235 268
89 256
140 149
3 157
3 243
35 217
208 253
109 112
143 157
92 241
144 170
47 208
4 208
162 294
181 213
91 171
26 157
233 243
108 271
222 267
67 218
145 166
68 112
66 140
170 282
42 218
127 218
134 264
