7.439235
174789
20
1560
215007
23 62
33 73
4 20
34 72
50 70
31 65
31 73
4 31
26 54
26 63
71 75
30 69
12 69
11 69
33 92
28 74
50 74
25 100
74 87
76 92
79 100
86 100
21 92
1 98
56 78
41 99
55 58
55 96
87 99
96 99
52 77
16 85
6 37
13 57
67 85
23 37
37 72
81 85
18 57
8 57
35 62
2 35
42 46
34 97
42 53
44 66
1 66
9 97
47 90
49 64
52 64
56 91
64 84
66 71
68 91
70 91
80 88
90 94
95 97
15 83
29 88
32 42
15 20
22 82
15 24
10 82
31 100
7 26
59 75
19 75
26 40
59 92
12 45
45 46
26 27
17 51
31 36
89 100
5 92
31 77
26 78
17 39
27 69
5 43
43 60
38 40
69 98
19 39
14 38
75 93
7 37
3 75
48 74
60 61
89 90
57 93
3 85
48 88
61 82
