23.728046
26529
70
5939
32344
21 261
7 285
90 109
166 167
164 331
33 58
140 349
98 291
61 275
103 171
110 172
132 134
129 179
41 226
39 246
210 300
13 43
252 313
3 23
189 264
46 79
205 306
205 291
205 266
205 238
114 205
81 172
106 127
11 127
31 162
69 162
162 240
162 299
65 122
122 338
138 209
138 243
138 256
92 327
92 238
5 92
86 168
85 92
86 297
142 249
19 334
142 260
19 307
19 271
19 179
142 335
63 142
257 265
202 277
175 202
47 202
202 290
229 312
96 229
226 229
229 277
229 242
9 151
118 124
73 126
116 346
333 341
113 141
49 113
39 177
95 263
76 235
82 177
83 206
83 313
126 182
201 266
201 312
7 83
216 263
5 157
231 235
167 263
166 346
157 185
146 157
135 341
135 177
133 341
131 201
128 346
86 183
80 287
234 287
310 348
44 342
125 213
207 255
70 342
1 62
50 199
255 256
264 342
51 245
255 333
200 342
199 303
186 268
185 255
170 279
170 227
89 245
91 280
163 280
95 280
145 348
136 348
99 268
132 170
129 268
117 245
40 199
40 213
1 207
15 213
1 218
1 314
225 302
225 323
225 325
138 254
60 263
115 215
276 296
24 223
17 349
17 298
33 108
108 236
30 193
78 204
78 236
78 296
130 137
130 330
18 59
178 316
195 343
228 343
154 292
154 173
149 154
148 343
154 318
186 222
222 234
139 223
122 159
101 203
24 317
184 203
26 317
317 347
67 165
60 115
30 268
12 122
52 54
183 245
52 230
43 86
205 211
53 213
19 328
142 328
9 267
98 267
11 267
86 252
53 270
38 83
38 126
196 214
112 196
96 196
254 342
309 341
287 309
57 212
32 109
13 152
25 140
36 153
36 161
36 281
32 331
32 282
25 324
77 152
102 175
102 253
102 326
20 292
20 300
20 350
25 103
152 192
274 329
119 210
177 221
48 289
48 290
34 233
34 65
41 213
86 211
235 246
18 162
247 265
196 230
2 161
2 158
254 329
20 139
159 346
32 54
258 305
219 305
150 305
118 212
12 193
153 188
22 244
143 188
59 202
3 119
154 274
61 250
250 339
181 283
55 239
55 168
71 143
71 121
243 251
107 297
107 275
107 257
176 251
6 251
180 189
37 101
6 37
81 94
131 293
197 293
169 321
26 321
63 217
217 332
94 162
221 276
23 278
278 295
232 311
306 311
171 190
14 190
57 67
93 345
74 104
191 198
187 248
28 29
74 289
74 344
93 336
158 288
84 220
75 272
84 100
84 146
233 288
45 123
272 337
272 327
42 294
42 178
42 155
248 307
248 286
68 156
4 88
4 184
10 288
66 315
198 320
68 79
68 87
27 164
27 304
123 259
124 198
97 144
31 123
144 208
105 134
105 174
105 273
120 315
21 28
110 144
27 340
106 284
241 284
111 176
111 319
111 322
142 194
160 252
151 165
224 346
35 64
46 83
64 160
287 301
8 280
8 170
8 225
8 17
113 138
8 316
162 237
72 147
147 337
127 343
16 308
181 224
16 343
113 262
93 301
130 262
237 348
52 269
56 348
229 244
269 315
56 305
28 308
