43.239906
19428
102
11667
39454
153 161
12 23
95 389
293 363
25 217
119 379
206 387
91 239
89 348
53 367
192 343
175 346
87 111
4 312
142 326
162 283
334 400
289 400
39 322
52 322
322 380
279 322
25 113
113 227
113 176
177 230
172 391
65 212
65 97
104 277
45 65
181 246
82 310
298 310
295 385
116 259
6 117
116 190
6 70
310 395
295 345
49 295
227 256
21 284
6 18
150 199
150 173
78 150
77 116
256 319
256 301
137 358
121 303
178 233
121 321
276 298
125 129
126 276
140 332
170 265
69 332
129 148
181 233
129 224
129 304
234 265
271 276
265 266
276 329
62 265
233 346
233 244
280 332
121 223
219 332
210 341
13 273
100 140
130 174
39 270
101 243
145 271
124 198
198 369
143 166
114 201
56 198
40 179
58 172
93 320
74 213
87 102
93 260
69 220
102 149
102 291
1 153
93 277
154 217
19 154
220 363
220 300
194 341
194 195
192 213
4 213
32 73
32 174
32 394
33 353
154 180
1 263
1 323
33 222
166 194
33 389
184 188
262 317
95 209
94 269
264 286
269 314
269 373
286 340
80 262
375 399
292 324
92 221
92 142
92 115
299 335
308 339
88 396
88 366
88 272
83 308
313 331
316 386
318 349
84 216
328 399
85 347
85 111
202 292
147 386
146 370
155 370
156 335
163 254
141 254
186 211
186 250
186 336
123 368
122 376
122 351
122 241
197 313
254 398
209 288
118 214
209 356
214 258
214 282
216 337
216 384
108 335
107 368
106 364
226 368
228 292
235 262
242 399
55 72
15 110
15 187
15 248
20 386
61 308
24 106
59 205
29 134
29 281
57 286
29 297
55 315
55 167
59 191
31 79
34 138
34 294
51 361
51 132
34 312
47 59
35 85
36 370
43 68
44 159
44 240
44 189
11 275
7 51
5 325
5 236
11 17
5 12
3 349
68 165
79 128
79 330
10 106
11 287
71 313
8 349
68 229
112 164
41 357
64 309
148 309
41 379
152 309
247 344
239 247
247 342
41 290
119 381
105 381
50 388
120 144
183 392
54 360
54 139
30 365
183 334
178 362
177 362
302 329
302 377
175 193
30 184
48 144
168 193
38 183
2 397
144 343
358 388
372 390
296 397
14 362
66 201
66 234
66 268
252 261
99 245
99 255
99 283
101 390
103 208
23 252
90 388
26 37
26 367
30 267
193 348
196 302
204 252
208 293
26 338
284 390
208 306
13 350
350 374
203 289
203 333
232 249
232 326
206 354
161 371
162 354
237 305
151 238
151 207
151 179
253 371
257 371
81 158
231 305
169 182
169 218
81 307
81 387
76 354
53 327
52 86
127 327
112 305
91 169
89 327
86 96
116 400
60 400
98 266
97 98
113 150
6 391
113 382
6 42
28 65
104 256
121 322
200 295
42 130
28 233
22 60
21 378
40 113
63 310
21 63
225 230
21 273
100 116
114 160
65 393
42 383
246 383
59 400
243 256
185 265
285 332
104 251
21 393
60 143
60 198
160 194
200 251
109 295
121 143
29 104
67 129
5 42
9 322
41 160
32 137
28 308
200 286
28 254
15 200
60 136
16 382
27 28
164 310
102 285
54 104
88 137
75 150
22 188
42 169
133 145
92 378
137 309
46 276
137 274
1 67
220 355
225 292
51 143
106 393
79 393
67 186
34 355
270 397
133 215
131 145
114 352
122 136
136 386
136 335
33 359
109 354
154 157
93 171
44 278
11 46
213 311
9 368
359 399
157 262
157 209
131 313
171 216
135 370
135 214
131 269
68 171
215 278
349 352
55 311
75 135
