21.786370
1
47
25
66261
30 61
145 170
9 36
104 118
118 166
106 118
53 114
95 113
37 96
95 176
39 95
96 126
49 68
49 85
49 146
50 128
53 89
53 94
53 105
79 156
96 161
59 102
119 128
98 112
102 140
70 112
72 112
72 128
73 128
77 148
78 134
14 134
5 112
6 134
17 49
9 102
35 43
18 180
30 131
5 60
131 142
110 141
11 101
7 64
8 28
45 89
18 111
110 123
64 135
63 149
63 122
8 35
45 107
80 146
21 45
2 131
101 121
23 26
23 60
80 159
3 18
25 60
26 116
26 158
101 145
20 64
80 97
4 28
3 35
28 54
58 133
57 150
57 137
19 76
57 120
55 82
91 169
12 55
13 168
167 168
58 172
151 169
61 99
99 162
83 173
65 163
67 74
69 130
74 87
74 143
75 178
32 108
125 178
43 65
42 55
41 173
40 48
38 173
127 138
33 58
32 109
51 99
32 71
31 130
29 65
27 130
24 178
138 139
138 155
19 177
19 84
48 160
48 157
117 168
147 169
10 47
15 119
15 47
16 144
52 175
36 52
52 100
129 152
129 153
25 129
144 148
132 144
44 170
44 124
20 66
86 171
86 154
102 118
77 128
95 134
53 90
79 134
79 96
81 118
102 164
88 112
77 99
77 138
74 90
65 90
56 77
10 90
90 179
66 118
34 95
79 92
49 92
96 115
1 64
22 101
26 165
1 63
60 110
45 164
55 165
165 173
1 130
19 22
22 57
46 131
88 168
22 56
62 174
80 136
28 34
1 93
46 169
174 179
62 103
136 178
34 48
32 81
58 115
79 86
