39.149589
1
84
118
37094
20 193
43 71
108 222
197 274
186 273
162 237
137 213
213 241
213 298
50 255
56 160
117 294
117 260
117 188
5 56
56 149
172 223
223 243
132 223
51 269
99 189
182 230
145 231
145 230
189 262
145 214
139 189
89 145
131 233
196 216
12 184
184 194
85 204
104 288
85 110
92 136
148 231
104 154
104 244
163 229
163 185
237 284
33 104
148 242
7 148
74 284
143 284
73 163
16 163
93 184
92 267
17 85
20 184
92 218
46 97
99 192
1 271
120 287
57 210
120 212
60 192
97 297
97 273
12 210
210 279
192 257
120 128
1 130
47 291
42 186
185 291
39 289
39 216
39 48
158 291
14 42
8 42
140 178
111 263
114 283
112 203
113 277
72 200
111 157
111 141
105 285
100 277
94 252
94 159
88 225
87 206
84 103
82 211
78 103
77 221
94 123
215 270
191 283
195 265
199 226
201 261
203 249
206 266
207 285
211 246
215 232
183 209
221 300
226 250
238 261
239 286
239 296
240 278
245 283
281 285
292 295
142 268
116 224
116 272
121 206
122 277
125 138
126 268
135 195
138 161
138 251
115 253
146 221
166 247
168 203
169 278
171 278
174 225
175 253
181 211
45 95
11 219
32 264
32 293
15 37
34 295
35 239
38 226
41 195
15 151
15 156
44 103
45 90
22 228
22 129
58 276
58 164
45 124
22 62
18 66
19 183
58 76
21 268
53 247
54 253
68 225
72 198
24 173
24 69
28 29
24 52
3 261
23 254
4 72
6 183
9 247
10 11
29 98
29 153
32 144
11 107
31 215
23 26
30 295
66 187
66 197
67 116
23 83
36 280
134 165
193 275
43 280
33 217
119 222
202 205
25 119
165 234
162 165
208 259
81 217
91 275
75 119
61 275
208 274
102 280
208 256
108 217
205 255
205 269
40 86
190 282
2 86
71 282
155 227
177 227
178 282
13 86
220 271
233 258
147 258
56 213
13 49
49 128
213 235
50 131
117 284
50 192
92 223
51 92
51 163
96 117
133 248
127 131
63 96
55 63
79 213
56 106
182 284
85 148
196 248
50 80
50 79
63 109
104 176
148 176
63 140
182 291
182 290
51 66
180 223
63 64
51 236
127 152
133 285
133 211
55 97
65 120
27 145
189 299
59 184
109 248
131 150
133 220
182 225
196 247
32 196
11 196
170 235
179 248
42 118
55 111
55 138
96 116
96 103
65 203
65 268
101 210
65 236
70 152
58 106
101 290
45 118
118 226
59 94
23 27
150 239
261 299
70 167
72 179
179 283
179 206
80 253
22 170
170 215
180 195
15 101
167 221
64 183
64 295
167 278
24 180
29 79
79 277
101 227
