23.698480
1
52
171
71765
44 172
147 199
66 73
108 177
126 185
5 186
191 192
49 191
39 191
122 191
130 191
5 45
20 142
111 142
45 90
45 74
142 195
51 83
22 164
62 194
42 153
42 105
42 96
37 62
33 82
24 51
51 117
53 62
54 100
54 158
54 186
57 127
62 72
78 164
80 82
82 182
85 127
123 193
127 134
154 164
6 189
16 42
6 12
6 99
20 54
13 82
19 84
84 185
44 138
46 176
2 107
75 143
107 140
75 177
30 46
7 75
80 107
32 138
55 138
93 126
121 147
123 173
23 173
47 58
47 89
47 130
93 175
60 93
104 121
155 173
34 121
61 114
38 99
15 116
15 49
113 200
114 139
56 139
43 139
4 15
16 156
156 172
27 200
18 28
156 161
28 133
50 81
59 129
87 135
98 128
88 157
1 9
63 101
94 110
92 108
92 115
71 188
65 91
65 109
71 112
92 170
69 103
68 71
67 179
8 52
65 174
41 103
1 10
159 183
25 110
26 157
29 183
31 148
1 124
151 179
148 178
137 157
135 163
135 144
129 168
129 146
101 171
50 167
101 196
103 136
106 179
52 187
52 125
110 152
14 183
50 150
48 148
128 149
128 160
66 141
21 199
97 132
132 190
132 184
21 180
70 131
72 131
40 131
21 79
17 56
162 190
162 194
118 191
142 193
6 45
127 164
84 118
45 169
11 82
102 118
36 191
76 193
6 119
127 145
54 145
62 197
164 198
28 118
118 157
3 107
138 169
11 47
169 181
129 193
50 193
51 120
42 165
3 173
17 51
11 64
76 77
11 61
11 92
35 77
181 197
119 121
1 169
38 46
75 166
46 141
52 145
179 197
71 197
110 198
35 86
128 166
101 166
95 135
95 103
95 148
120 183
36 200
86 95
65 165
