23.643025
18075
63
147
45410
18 213
37 192
44 157
187 218
126 132
34 112
172 223
171 205
66 76
33 151
151 169
36 125
36 248
151 179
151 249
188 217
37 125
25 248
196 248
237 248
47 125
100 151
125 134
217 233
127 227
94 127
11 127
127 201
208 236
236 240
18 236
83 231
83 195
83 185
77 83
83 113
158 163
149 219
31 161
149 162
152 161
67 161
149 169
44 149
161 188
163 197
163 230
55 64
1 164
45 71
106 243
103 164
45 92
45 180
45 206
14 106
69 106
129 164
165 185
79 183
38 111
111 207
111 119
6 132
6 112
6 43
114 225
104 180
104 133
104 118
41 90
93 114
82 177
90 98
26 114
177 213
77 177
75 90
53 225
102 249
40 58
125 204
21 128
226 238
4 116
122 250
121 191
156 215
21 223
190 226
21 88
76 87
85 215
97 191
87 211
60 203
4 222
19 87
154 241
186 250
142 241
146 215
174 200
10 200
70 241
29 228
191 194
13 226
15 60
4 16
48 250
49 60
200 202
153 228
210 228
155 220
42 155
2 3
80 137
80 86
234 245
84 195
84 148
84 147
198 214
167 199
160 235
160 187
170 212
143 245
140 247
135 171
135 157
130 218
130 193
96 216
130 192
124 173
124 136
123 205
123 138
117 135
107 145
105 245
219 247
57 126
74 239
8 175
11 17
27 47
12 91
12 110
12 229
17 120
57 209
24 123
57 144
32 107
56 216
23 160
22 175
20 244
51 175
17 246
52 167
20 183
54 212
20 139
7 40
34 63
3 109
74 182
3 172
27 119
5 9
5 30
27 72
66 216
65 198
7 95
64 74
62 247
7 179
63 159
63 184
59 229
73 75
236 248
83 217
8 115
39 83
55 125
106 217
99 233
95 99
106 127
46 220
46 159
204 232
108 113
181 184
105 108
181 244
127 221
217 242
131 151
28 236
61 78
61 114
6 61
166 217
39 78
104 189
176 248
168 224
224 242
150 164
141 189
189 212
124 189
58 163
150 242
55 89
53 68
50 164
115 189
35 45
165 198
28 87
177 178
73 221
102 141
68 200
150 191
4 68
81 90
21 131
79 107
101 242
59 168
178 215
81 228
60 89
58 80
5 176
50 226
101 241
35 250
101 167
