35.449397
24862
84
17534
33766
133 323
111 195
208 313
12 226
34 325
203 275
119 130
91 317
80 215
248 314
67 299
270 333
125 271
66 316
286 341
45 288
52 288
204 288
104 129
8 196
8 312
8 280
8 79
235 298
235 318
29 297
275 344
129 344
40 344
92 254
199 284
199 282
215 254
231 254
254 283
63 199
1 254
98 253
98 197
45 336
127 320
51 98
248 336
312 336
269 320
230 243
169 336
190 320
61 87
80 173
290 306
30 306
115 173
65 151
99 258
99 219
99 205
99 166
65 285
285 317
87 341
87 210
57 285
151 304
151 277
306 339
142 151
306 318
173 315
26 285
132 173
137 274
147 223
121 331
143 342
130 137
121 265
137 333
40 121
67 143
12 143
60 95
36 124
104 181
202 234
31 347
218 280
136 240
60 338
162 346
330 338
124 149
162 213
149 217
144 211
141 144
136 233
169 216
182 216
125 144
76 281
216 326
221 299
224 233
233 345
83 221
82 281
241 338
4 314
4 305
38 66
38 172
44 260
38 204
4 303
26 162
43 221
44 116
44 164
16 149
225 230
126 148
158 171
313 328
102 328
307 328
100 263
106 188
15 200
21 119
200 264
21 293
250 276
21 315
200 297
91 276
133 188
188 292
100 316
158 276
100 232
139 236
234 236
56 291
89 291
30 291
33 251
146 219
5 31
146 195
5 140
20 238
34 72
251 270
23 146
13 72
242 255
5 209
74 120
52 55
49 74
39 242
69 251
42 178
72 262
18 178
74 286
19 20
55 58
55 62
20 92
122 207
122 189
14 348
165 332
185 193
11 154
183 340
11 308
32 70
118 198
117 138
10 78
114 349
114 145
112 183
32 228
9 85
179 237
109 311
135 183
109 222
14 68
198 278
150 160
150 257
150 272
156 329
161 261
47 329
161 319
165 325
134 174
161 324
163 179
24 244
25 179
27 239
14 28
165 201
11 184
122 343
6 90
3 174
35 268
35 287
73 185
77 109
78 128
7 46
239 247
239 259
96 244
71 94
78 187
94 180
94 153
81 244
93 138
90 350
90 194
88 185
85 167
85 279
7 212
2 159
53 138
54 198
2 168
7 302
105 174
32 337
103 114
35 123
2 323
64 329
177 298
177 256
191 223
50 227
86 206
175 271
175 266
175 208
152 206
192 300
17 310
192 231
191 220
17 269
17 226
191 321
227 301
139 249
111 192
113 249
203 227
206 252
131 249
116 327
143 181
176 339
127 176
152 335
289 347
216 289
173 288
121 288
8 199
8 243
59 87
108 155
155 254
199 229
59 75
185 288
108 157
59 144
29 84
87 294
108 334
229 309
59 242
29 233
37 309
95 137
214 235
59 192
98 295
165 235
78 235
29 276
108 296
101 157
235 249
322 344
267 320
137 240
295 306
37 107
29 94
97 99
149 294
108 327
11 243
35 243
75 273
110 143
147 296
151 186
199 335
218 281
41 285
121 245
147 161
147 183
95 198
90 95
147 150
36 179
246 281
109 202
48 107
126 171
170 334
2 246
22 338
110 114
85 225
244 267
97 174
7 48
178 245
122 322
239 245
32 170
186 329
14 22
41 138
