6.444337
38301
25
1469
63211
25 28
134 193
35 157
154 181
13 102
19 56
111 168
168 169
15 183
42 123
52 136
99 194
95 152
141 152
45 75
57 126
57 165
2 4
78 81
78 191
2 78
157 185
74 113
79 162
113 197
113 189
138 162
47 113
65 162
53 184
34 177
44 48
46 121
65 164
122 182
83 122
86 179
62 100
8 109
17 189
178 188
136 199
86 161
187 193
143 161
123 187
47 103
9 142
152 172
99 140
11 140
125 152
174 186
172 180
118 166
118 145
118 141
170 192
98 192
19 110
110 181
84 110
40 176
23 91
51 126
167 182
167 169
20 162
129 190
89 144
59 168
106 131
6 171
6 69
49 93
77 152
18 100
18 121
59 132
58 114
10 58
50 58
70 119
75 168
1 60
128 198
66 168
38 112
112 128
73 173
8 32
32 34
27 61
53 195
28 195
171 195
31 153
36 72
20 161
80 82
57 132
81 151
111 151
33 144
92 135
62 125
168 200
33 180
74 94
94 143
44 92
91 97
51 97
103 160
142 160
72 187
159 175
89 164
148 162
90 104
104 117
52 117
23 85
48 85
56 135
78 194
134 192
31 196
57 68
117 153
57 90
72 110
177 183
89 199
77 150
4 96
7 113
87 158
147 158
30 158
54 149
54 63
54 124
161 175
105 115
105 131
127 129
127 186
24 155
76 173
76 139
41 50
41 115
16 29
29 40
43 45
12 43
13 43
109 116
39 148
14 80
17 116
37 106
14 42
130 137
25 137
26 200
11 163
5 163
3 67
1 101
88 108
9 71
21 64
107 108
67 133
69 101
71 120
55 64
49 101
37 198
35 93
102 176
68 184
146 185
22 159
112 154
174 200
150 156
46 178
7 119
57 73
61 200
66 67
155 196
22 64
108 156
54 190
60 158
