6.022639
53311
24
25837
60076
1 158
150 172
61 137
64 73
5 74
135 167
48 155
43 101
24 171
60 80
105 127
39 116
62 111
31 72
4 154
152 163
147 180
20 71
29 90
90 112
77 90
118 168
29 107
110 136
99 143
50 122
37 39
106 170
56 169
78 151
63 153
9 28
9 97
9 134
9 149
9 175
40 140
24 140
79 102
6 102
22 125
132 157
140 155
37 156
4 130
40 108
56 130
82 108
104 158
27 143
27 88
27 83
27 28
44 79
44 113
31 51
51 176
51 92
7 51
130 151
8 80
88 126
114 126
23 177
8 127
87 125
87 146
27 105
34 94
131 134
67 131
99 116
93 134
93 142
93 96
68 89
89 180
89 114
110 138
93 167
21 62
108 132
18 30
30 121
30 76
59 91
109 144
85 90
129 130
82 166
74 166
32 179
63 166
11 166
32 95
78 81
101 131
66 154
84 165
12 165
128 165
135 165
20 41
41 179
156 177
92 117
117 133
117 150
65 148
72 159
25 43
25 113
2 124
2 64
2 50
85 169
46 58
7 58
66 71
19 162
3 137
3 60
65 138
57 69
54 160
1 54
8 81
21 47
13 157
91 103
75 103
13 107
47 66
148 168
16 84
16 75
10 119
10 118
10 100
10 61
38 142
38 46
33 123
111 123
9 163
17 67
17 164
48 98
14 98
159 162
36 85
22 90
5 173
73 173
70 173
104 147
36 115
52 86
55 86
139 145
139 170
42 139
120 161
152 161
53 178
49 172
35 49
18 45
45 141
26 34
15 26
45 95
19 109
140 174
171 178
59 106
57 115
94 174
86 122
