29.314101
25870
74
20496
32102
342 347
9 331
29 55
204 264
187 345
168 239
54 274
62 89
66 125
67 272
100 319
95 120
114 255
117 171
79 343
78 240
5 315
280 340
280 334
24 261
24 217
24 183
24 125
153 177
25 153
102 153
41 201
28 341
84 116
204 341
2 41
81 84
41 172
41 195
66 84
136 285
89 285
244 256
113 147
213 229
126 310
33 126
33 266
33 60
129 141
332 334
229 267
202 267
220 332
214 332
267 283
43 47
43 99
34 289
35 55
144 235
35 189
34 187
144 206
61 248
35 314
192 223
119 295
61 241
61 227
34 286
121 223
170 252
44 144
170 175
46 236
132 295
135 170
163 295
136 170
109 234
236 308
223 277
95 103
223 274
109 254
236 281
11 279
109 270
11 275
103 134
11 190
103 113
302 336
82 131
42 93
42 171
42 263
121 212
145 212
203 212
94 212
205 301
90 110
90 321
90 196
3 90
97 106
231 303
107 218
10 32
10 324
10 21
218 237
218 253
218 311
111 202
83 92
83 169
83 264
105 151
151 240
151 331
286 335
159 266
5 180
87 342
138 239
138 298
71 247
6 141
22 165
6 59
110 247
6 67
87 167
87 207
22 272
78 91
91 122
226 328
226 293
226 283
91 302
180 273
124 247
9 138
131 180
18 22
16 102
16 127
68 305
65 284
323 327
86 284
104 249
139 222
48 224
104 294
104 198
208 347
166 305
7 30
48 51
282 323
284 322
222 313
7 216
181 278
48 100
208 258
36 225
7 76
188 278
199 278
200 208
38 325
233 323
58 222
250 325
238 317
255 305
268 325
154 225
238 316
238 242
17 225
62 63
63 143
29 75
75 246
15 210
15 301
77 143
37 290
68 290
23 221
13 23
13 312
312 350
115 244
115 339
232 296
14 133
149 197
149 209
162 269
345 349
158 349
137 179
156 184
306 338
152 157
142 333
261 333
338 340
146 338
114 152
164 253
164 304
230 291
130 184
176 215
177 276
292 349
120 333
215 329
215 315
179 319
182 211
118 179
185 337
112 117
49 291
52 231
52 168
50 307
31 185
50 288
2 185
50 275
101 182
64 178
4 276
79 182
69 178
70 348
45 164
12 108
85 140
26 346
88 348
26 277
98 112
53 85
26 173
12 123
52 343
12 248
54 178
56 112
20 269
97 276
24 41
257 341
262 341
103 280
153 330
72 153
186 285
147 285
251 336
80 195
80 173
128 262
43 84
39 287
153 303
144 341
24 27
84 96
72 219
128 186
270 326
197 326
267 330
27 251
155 219
128 297
42 285
22 280
109 213
33 295
35 129
33 243
48 280
84 300
40 109
10 285
43 243
19 128
295 299
256 344
1 280
34 155
10 256
24 150
236 287
205 236
193 332
39 77
73 332
226 309
11 245
82 245
232 257
8 96
11 74
194 344
61 335
87 256
191 285
40 148
106 160
42 57
74 212
309 312
260 299
160 320
194 318
291 310
247 259
91 259
61 161
103 133
19 269
193 305
8 104
57 325
111 238
90 271
161 218
73 85
174 260
7 191
150 278
6 228
265 318
174 323
228 284
222 271
225 228
184 290
265 348
