9.304264
168074
24
557
178027
24 39
34 93
61 68
95 97
62 113
4 69
5 92
2 11
2 86
2 65
18 43
34 43
42 43
44 73
17 102
12 108
12 69
12 26
21 79
22 98
36 79
44 79
52 102
102 106
90 98
62 111
31 112
112 115
71 111
87 112
75 92
75 96
75 114
10 111
39 54
54 76
20 54
49 54
26 53
16 30
41 93
30 94
41 86
30 32
41 78
29 107
58 107
37 107
8 21
8 19
46 77
1 8
77 88
66 100
61 77
64 120
32 103
56 78
52 56
55 60
60 81
60 104
27 33
27 95
27 76
51 85
59 109
7 13
63 84
63 91
58 85
70 82
50 82
38 109
13 100
36 109
35 85
13 68
40 110
4 110
15 57
15 64
9 48
9 24
80 116
80 113
25 80
43 89
2 99
75 89
12 23
47 117
67 98
12 73
102 117
47 79
72 98
5 77
14 43
98 102
2 120
23 107
6 45
45 83
79 105
111 112
30 72
99 119
28 119
105 112
28 101
3 111
3 54
74 75
53 82
66 118
63 103
60 118
45 74
