7.922376
51699
28
4589
69219
110 112
79 102
85 157
90 129
10 64
20 108
43 142
93 147
39 147
61 68
2 89
21 35
2 42
35 76
35 105
25 54
18 89
18 157
100 122
41 121
42 100
79 121
106 121
91 100
103 122
31 32
146 156
3 131
55 65
63 65
45 111
12 59
6 155
13 82
13 74
13 145
69 139
69 75
56 149
56 139
56 99
6 83
4 40
49 133
1 49
137 154
102 137
32 64
116 148
106 128
31 128
128 134
9 128
48 136
136 141
20 153
129 153
27 84
33 84
84 130
84 94
51 135
19 41
19 60
52 138
52 143
35 101
30 77
77 119
21 132
1 132
74 80
80 130
28 109
24 104
7 53
8 96
26 125
26 86
8 142
62 109
44 121
29 100
46 71
50 59
87 117
87 90
35 43
10 53
72 150
27 57
57 143
98 160
86 98
32 148
118 124
127 140
23 124
17 85
17 95
112 124
127 160
17 146
36 127
66 156
28 100
67 121
16 22
10 13
70 120
6 44
46 67
71 92
29 49
34 110
34 113
16 103
56 101
6 117
40 101
6 66
121 147
13 135
3 50
14 152
68 152
37 159
37 133
56 70
18 61
12 108
25 81
11 81
88 120
116 150
78 141
114 126
107 158
107 123
38 97
5 126
97 144
4 78
47 58
47 91
47 151
48 126
78 115
15 131
3 127
62 111
65 116
18 73
72 77
104 147
50 54
2 124
2 97
73 107
