7.650604
47952
29
5474
73386
79 174
25 125
84 112
40 75
34 36
117 148
62 193
99 163
28 155
104 150
100 160
15 37
37 71
37 84
37 117
37 196
170 193
72 170
42 61
42 68
3 170
16 42
35 42
4 129
56 81
90 106
20 159
44 105
94 164
55 145
44 55
55 61
15 23
25 130
11 177
118 173
51 118
118 198
54 181
34 154
37 182
46 179
68 119
77 112
77 125
77 155
168 170
59 185
42 183
137 156
39 50
39 198
139 152
157 170
55 74
31 33
10 156
10 30
10 150
140 161
40 161
42 97
55 185
49 97
78 170
13 199
13 47
138 192
56 93
133 138
133 200
8 151
165 184
160 184
31 95
95 101
27 122
122 165
32 196
32 43
45 66
99 137
136 158
28 93
19 142
73 146
53 146
119 121
29 83
81 137
23 179
111 127
123 127
30 127
18 127
101 180
169 180
64 118
60 91
24 92
24 67
97 154
131 140
73 131
37 49
12 134
12 96
10 168
72 171
171 200
21 110
58 87
87 169
4 87
55 82
55 100
29 82
75 192
121 188
96 188
80 195
152 157
13 182
11 190
26 54
26 98
113 190
89 153
144 153
132 190
63 124
8 76
166 194
71 194
45 168
65 139
65 187
36 95
130 159
13 124
110 195
74 142
151 183
17 83
136 148
63 64
80 136
14 197
14 17
57 167
57 149
57 79
21 177
103 176
176 189
1 85
94 115
115 178
5 107
2 143
41 135
52 109
2 102
1 120
5 191
69 135
70 115
6 109
106 137
38 126
20 126
108 116
60 116
48 186
162 199
7 162
88 92
85 88
26 134
22 105
17 164
86 172
19 86
141 174
114 141
22 128
5 62
28 57
91 181
1 78
128 175
82 176
9 147
9 53
129 186
153 197
2 33
135 175
76 109
