49.587453
35525
117
43568
51418
270 445
250 253
72 424
37 348
228 374
373 402
45 171
104 201
47 73
393 398
105 189
28 314
274 311
183 369
90 231
14 133
137 152
147 447
93 158
10 66
302 330
276 302
259 302
290 335
251 388
300 335
177 302
1 249
1 412
47 335
1 428
1 74
206 251
7 422
85 430
30 168
168 408
396 437
201 396
103 396
193 385
219 292
36 292
57 101
39 385
279 321
321 332
321 446
17 385
183 353
125 401
353 373
84 353
211 322
187 227
66 227
211 329
211 445
205 211
150 227
64 227
95 370
326 333
313 333
59 442
217 333
132 442
58 336
250 336
148 336
393 442
140 437
182 372
171 411
394 436
70 411
67 195
37 436
365 411
349 435
382 418
45 382
162 309
409 435
314 436
274 372
53 298
286 435
411 423
309 315
129 309
289 435
195 337
309 319
91 195
110 332
78 268
179 202
105 166
117 412
100 117
159 341
93 239
144 434
90 344
135 154
149 200
149 402
88 144
113 273
87 149
154 431
102 425
83 298
82 117
80 239
165 341
166 229
166 356
101 202
102 234
102 401
71 273
289 341
43 114
42 54
239 245
256 357
34 383
34 347
34 152
268 432
269 444
270 273
272 344
202 399
19 144
16 344
14 83
312 371
357 407
364 391
364 392
364 423
2 83
417 432
432 443
54 104
48 154
43 430
43 354
54 375
197 371
67 303
108 122
123 339
4 29
7 123
68 340
206 340
189 340
137 427
21 108
22 29
108 214
29 231
75 123
243 427
240 427
173 297
252 380
209 295
188 222
252 323
325 362
350 421
352 390
190 362
207 397
128 386
384 397
308 360
173 320
403 429
128 156
194 241
173 439
119 381
119 216
236 360
176 421
230 331
128 271
184 283
265 283
226 360
155 397
224 403
222 433
151 331
209 307
164 248
280 291
281 362
283 387
287 361
287 410
180 241
293 421
296 331
164 379
143 163
255 291
186 367
143 145
142 222
305 403
141 404
141 258
141 167
98 143
25 252
27 139
106 376
27 282
106 115
27 294
31 86
33 241
51 106
50 317
50 242
50 210
112 164
49 342
86 448
40 109
40 138
40 359
94 367
92 378
44 287
46 119
49 55
92 191
49 178
81 390
6 291
8 52
8 169
65 306
8 244
65 235
65 157
63 390
107 374
107 334
62 395
62 278
62 212
61 209
15 86
24 367
60 92
18 351
107 208
18 264
18 318
277 285
277 329
28 127
127 420
153 328
198 406
187 261
218 346
218 388
218 450
198 260
56 447
192 366
221 343
56 73
72 343
175 413
76 416
228 232
343 441
338 413
328 398
12 261
315 416
26 262
26 377
130 328
133 198
134 232
257 366
35 416
38 56
261 389
232 304
2 79
174 299
253 299
327 419
111 170
5 223
69 301
369 419
363 370
348 363
223 440
237 345
237 424
301 400
20 316
266 363
259 301
203 419
120 223
96 170
147 237
158 316
172 316
284 431
36 267
185 440
275 335
10 168
302 422
97 134
97 327
335 396
9 146
146 238
122 131
131 434
125 335
10 333
292 385
10 355
1 196
124 355
195 302
251 411
251 435
160 168
41 227
85 405
10 54
336 353
396 436
43 124
310 422
225 321
83 85
422 432
85 202
41 215
121 321
225 353
263 336
124 340
267 275
32 396
10 107
77 251
241 251
23 220
181 263
140 220
41 154
161 355
89 355
95 371
1 284
85 141
126 371
123 125
223 422
78 442
118 161
144 160
292 415
50 57
57 283
125 136
57 99
233 385
125 331
196 246
89 273
324 436
121 357
116 211
140 358
118 438
143 263
49 263
344 426
34 414
239 444
32 444
3 310
53 362
181 254
246 426
11 405
11 309
79 372
166 247
199 372
117 368
26 89
136 414
13 357
209 426
360 414
173 426
390 414
27 32
102 449
170 303
421 438
3 403
40 324
8 213
213 291
213 366
247 413
18 368
213 288
13 119
288 358
106 415
128 254
86 254
254 367
397 449
65 204
204 252
62 449
11 222
99 204
199 287
92 233
116 164
146 444
