7.422381
48342
23
797
70837
124 130
95 106
119 152
59 147
102 116
115 150
15 127
38 49
77 88
54 100
23 81
51 63
27 28
6 69
123 131
82 127
56 89
97 99
50 99
60 65
14 65
4 97
4 74
4 42
4 14
93 147
17 83
17 102
17 92
45 126
16 159
71 159
92 159
74 125
24 107
10 107
107 142
55 76
139 156
25 156
42 156
8 117
19 156
52 65
13 104
25 104
104 134
41 94
41 50
33 109
33 46
33 90
32 157
21 157
12 34
8 12
72 154
72 95
65 76
52 107
2 34
6 40
40 144
26 143
26 153
5 40
64 67
2 104
57 111
86 111
51 113
43 81
49 82
89 104
57 70
70 94
51 87
11 135
38 135
108 138
121 136
115 121
37 145
77 145
61 145
73 145
78 84
78 79
35 78
78 126
117 146
116 146
39 146
11 146
81 132
96 133
1 30
1 21
1 141
1 129
53 113
67 104
100 107
53 88
4 158
51 123
149 158
9 132
54 96
68 85
27 68
68 130
87 149
85 118
118 144
91 155
110 155
105 136
105 106
105 119
16 103
103 150
20 62
23 47
66 114
3 62
29 66
62 142
47 48
47 59
80 134
80 91
128 137
18 124
18 44
7 17
28 65
51 140
81 140
101 131
31 101
73 98
36 98
45 69
7 112
43 157
84 148
75 148
120 160
120 151
58 120
22 93
22 128
56 138
9 33
26 64
4 122
66 137
120 122
