7.296180
94024
17
327
106380
52 85
24 67
13 78
63 65
1 94
33 76
36 75
22 89
50 61
50 67
40 92
40 97
40 89
15 73
58 73
60 73
54 93
55 83
55 95
17 93
93 99
64 93
10 55
3 53
69 77
77 79
48 77
20 29
29 94
29 85
6 66
23 24
3 23
57 84
31 78
46 63
26 31
28 30
18 28
7 28
8 28
46 86
31 45
31 60
11 88
13 88
1 75
9 25
68 87
37 100
42 90
30 37
2 68
56 90
27 37
25 71
80 90
25 41
5 68
47 98
32 98
40 65
6 44
43 44
22 33
12 40
70 91
70 86
12 73
38 57
16 38
1 88
35 82
35 76
51 99
49 51
39 52
39 74
39 81
20 51
88 96
1 50
77 96
4 47
4 48
19 88
1 25
62 93
34 62
21 50
55 77
19 84
21 59
34 66
37 59
14 40
55 72
68 72
14 90
