34.665720
8279
86
1890
55747
1 210
54 247
37 278
80 319
81 305
83 314
30 87
28 277
106 185
123 361
21 375
20 204
194 354
16 242
303 366
5 49
306 335
25 254
10 130
147 374
147 280
147 265
10 228
10 161
10 87
105 394
394 398
73 157
19 127
198 289
155 289
6 289
142 143
80 289
71 142
55 142
167 217
207 262
78 207
91 126
60 362
22 91
199 299
60 165
197 276
197 361
197 247
229 253
97 204
250 387
114 248
114 227
109 136
250 391
250 397
97 336
97 313
336 360
114 325
37 131
84 131
358 360
360 384
364 368
250 398
75 222
257 360
271 364
136 339
179 225
195 399
214 222
148 275
148 261
148 159
216 222
217 399
225 264
225 288
211 399
136 277
133 364
23 154
131 379
23 304
128 364
122 148
116 131
114 357
113 143
56 140
1 260
61 332
65 332
76 260
89 329
332 400
105 140
329 331
303 332
229 329
248 329
260 266
25 140
43 184
151 331
48 151
101 151
181 236
106 236
138 236
233 252
77 227
94 161
75 112
38 112
112 215
7 374
100 226
346 354
315 392
95 346
315 316
164 168
315 371
168 187
168 232
168 375
171 346
41 129
11 13
13 255
13 127
41 125
41 57
41 53
42 315
13 55
125 267
319 326
110 326
32 400
32 213
32 79
32 99
145 326
256 267
267 321
267 276
173 239
366 383
239 297
239 246
365 383
242 383
298 370
4 298
31 317
24 390
196 212
17 92
312 380
96 272
111 180
29 177
206 272
104 132
104 108
212 340
150 317
177 302
177 287
175 341
17 160
180 218
180 249
166 396
162 286
158 317
9 378
183 322
286 301
296 353
144 286
141 341
268 296
274 322
279 291
178 322
279 345
24 35
17 72
24 377
296 342
3 341
351 380
63 208
86 104
63 103
66 279
330 378
51 272
359 378
44 166
367 380
46 212
68 166
40 63
153 385
233 385
192 308
42 192
137 234
299 376
234 387
347 376
98 231
176 333
176 261
47 70
45 362
185 373
238 311
69 205
130 258
235 269
269 335
49 201
20 241
21 163
282 292
93 209
59 344
172 338
240 245
241 294
169 368
169 281
39 270
61 203
174 270
245 352
184 258
163 306
163 226
156 300
59 251
258 343
54 300
52 292
50 269
85 219
88 243
307 386
5 270
300 395
88 90
201 323
295 373
102 172
93 135
28 85
202 311
81 203
205 223
203 232
85 193
26 373
30 59
93 116
123 311
14 169
121 241
120 284
120 198
120 191
285 307
205 305
201 314
117 307
157 244
182 244
278 320
107 320
82 194
27 273
124 355
210 355
27 348
310 355
62 356
82 146
82 83
16 356
190 231
27 257
189 190
33 356
36 363
12 62
12 14
60 147
15 128
15 297
119 289
142 293
36 239
73 222
19 309
19 188
334 344
316 334
246 318
318 370
118 293
34 254
117 220
209 230
26 220
187 230
58 197
222 372
289 324
113 207
10 224
91 393
19 363
147 200
58 225
140 372
253 309
327 381
91 283
147 326
152 394
19 34
207 324
142 224
8 260
23 393
199 382
118 283
259 360
148 259
139 225
23 139
140 399
151 170
260 263
23 252
199 200
77 97
298 381
63 73
378 394
24 73
73 272
2 170
188 369
136 221
43 236
94 290
64 263
74 346
41 74
221 329
88 394
290 350
67 199
18 60
64 369
98 197
186 199
237 350
167 388
328 399
8 172
250 337
136 389
149 364
7 279
100 296
115 168
17 221
2 134
152 349
180 328
166 349
18 317
134 322
115 286
67 177
186 212
337 341
380 389
104 149
98 292
47 388
45 245
