30.650820
54194
75
3061
74859
34 252
12 242
90 222
84 113
82 208
24 115
227 253
192 276
46 112
38 50
51 68
66 68
45 68
127 145
64 89
64 239
40 64
16 266
16 179
16 161
20 64
159 248
87 159
60 264
79 289
79 244
79 209
174 270
188 235
264 276
270 286
270 293
188 294
102 188
141 193
56 133
4 79
133 250
133 267
36 253
36 252
36 205
133 287
8 36
85 264
240 264
49 194
165 171
111 203
163 239
50 163
49 248
168 169
49 100
139 299
111 167
10 158
15 165
163 201
158 241
147 168
143 299
22 299
233 299
143 298
83 168
124 163
24 298
165 182
126 298
65 165
26 29
26 59
26 121
26 166
80 158
138 237
137 295
231 295
274 295
215 236
53 236
70 288
21 87
21 120
21 232
78 118
75 229
73 214
73 151
71 254
90 275
183 281
70 101
69 127
69 114
229 238
66 254
63 281
61 273
58 69
110 176
3 258
5 52
141 200
5 186
125 202
250 275
249 254
118 146
112 247
8 154
85 291
12 247
154 190
154 222
13 291
95 271
275 296
1 258
242 281
271 290
57 272
48 200
209 247
46 70
29 291
192 229
200 210
53 273
40 73
33 273
39 202
215 271
37 110
57 246
91 212
91 227
81 289
81 194
106 213
130 196
94 106
113 196
106 265
62 196
117 134
15 117
92 260
257 285
17 99
18 144
19 43
86 92
18 211
157 216
108 224
104 160
103 123
103 105
99 268
99 226
117 269
98 160
92 261
216 223
35 224
44 135
44 156
148 216
44 225
14 18
28 164
72 74
19 181
72 109
72 262
55 140
28 277
55 178
76 103
55 207
177 285
23 206
228 285
23 189
23 119
224 280
82 160
28 47
19 198
30 208
30 132
30 199
219 284
54 187
42 54
54 138
221 243
7 243
107 142
116 162
116 128
115 230
9 230
11 230
38 107
32 84
107 122
32 41
32 67
94 116
31 170
31 204
31 283
218 279
34 279
217 219
173 217
88 283
68 180
68 152
64 159
68 298
185 210
183 185
16 188
145 168
159 245
111 159
96 153
136 145
133 184
193 263
27 158
152 270
96 188
172 193
111 152
158 172
26 172
168 175
93 184
197 298
93 152
150 193
145 281
2 16
129 150
163 282
97 184
117 145
96 131
79 155
131 175
159 216
16 284
110 184
197 278
111 191
96 202
5 172
152 196
155 295
165 251
72 96
6 193
54 263
27 255
77 129
155 256
153 243
256 292
271 282
36 234
149 299
25 77
264 300
136 220
49 259
106 292
92 155
88 237
25 195
103 251
2 44
2 160
278 297
6 224
6 18
99 220
118 297
57 284
23 149
255 258
234 285
55 259
19 195
28 300
