67.948596
1
143
7574
20982
142 305
259 339
106 390
310 426
34 78
196 420
257 342
199 203
228 368
231 311
61 170
75 414
66 155
4 63
137 193
48 479
40 479
419 479
77 164
242 432
109 182
109 230
109 462
111 498
151 379
296 379
238 498
62 379
3 498
26 379
163 270
158 338
338 457
61 338
179 202
179 210
237 294
49 268
88 155
69 430
69 147
68 471
69 463
79 294
79 417
81 88
85 417
147 471
88 456
56 88
108 179
49 313
69 387
49 151
49 99
114 417
258 368
9 173
9 159
9 396
258 346
249 258
9 477
354 471
363 471
258 395
294 330
294 318
4 179
417 420
14 47
321 388
332 415
53 55
317 492
130 177
14 199
14 452
288 496
129 496
237 496
53 154
106 178
97 271
81 244
344 444
77 187
388 395
75 177
388 434
71 178
426 444
481 492
259 476
196 281
193 332
20 271
187 409
184 187
210 281
178 359
177 242
165 476
18 497
212 476
18 350
244 448
18 231
228 492
142 444
244 436
271 431
232 332
281 295
134 239
381 477
32 381
347 365
240 347
239 314
239 305
286 381
339 347
323 440
170 442
132 440
136 442
137 261
310 410
270 469
149 442
103 261
364 410
91 406
205 410
91 311
91 145
201 469
57 235
51 87
51 118
34 51
57 315
57 387
24 261
27 469
186 373
176 188
17 78
280 428
277 394
35 418
274 327
17 263
17 385
181 307
267 306
35 312
185 465
175 322
267 283
35 113
188 293
266 391
189 356
11 290
189 473
190 327
160 211
266 285
37 322
16 227
15 115
309 334
307 358
302 404
300 447
13 341
319 351
298 439
297 345
16 200
320 389
316 433
290 398
167 248
12 19
16 464
282 428
169 383
1 42
265 361
171 400
172 439
174 499
221 303
209 255
252 257
248 461
214 351
215 355
246 383
245 357
243 494
243 333
243 272
23 189
221 278
252 301
222 447
223 400
224 277
225 451
236 437
236 422
236 372
229 234
29 449
28 60
234 397
33 217
265 386
324 357
264 366
194 256
33 474
19 247
19 413
21 98
198 376
198 416
198 453
265 478
33 139
203 213
204 220
204 349
204 362
256 480
31 255
256 393
254 433
253 423
253 299
373 500
400 446
399 405
92 144
93 96
5 211
93 468
94 221
95 107
382 429
95 195
95 378
375 465
404 435
98 348
98 495
100 115
101 140
101 472
102 408
373 491
105 353
371 433
52 366
370 449
360 389
59 101
1 80
70 213
451 485
72 383
73 253
74 307
65 429
64 290
63 115
449 484
60 482
441 475
366 438
58 447
82 405
439 490
429 467
84 475
86 266
427 499
1 329
89 93
2 213
412 428
408 424
141 267
7 126
128 334
337 451
46 148
131 144
46 76
133 355
45 252
135 322
336 450
336 367
10 389
138 234
126 392
328 465
43 353
143 188
144 407
41 334
39 60
150 499
38 355
152 336
327 340
326 404
156 211
125 408
345 390
112 277
46 380
341 489
116 357
117 124
119 248
120 405
345 493
121 255
122 127
341 458
351 352
353 488
122 402
122 425
123 475
124 331
124 455
126 146
260 342
67 83
269 384
22 470
273 276
273 401
22 206
157 273
50 384
207 260
83 104
62 83
226 260
66 384
197 401
308 500
20 308
466 479
262 479
262 498
338 466
69 164
443 479
8 498
30 109
241 432
168 432
369 466
379 483
163 279
163 483
304 432
30 258
8 53
93 262
115 164
164 345
252 466
262 366
373 466
377 432
166 233
110 164
262 289
292 471
90 163
14 454
279 332
168 388
187 191
241 281
6 417
53 486
9 377
163 250
161 294
179 411
88 335
36 469
233 410
51 153
44 442
241 440
166 374
6 271
6 444
166 335
166 250
109 197
90 476
30 487
433 454
233 336
122 168
16 168
447 483
46 233
44 198
44 124
60 153
153 189
234 483
236 241
30 144
191 327
191 341
248 279
279 408
255 454
36 126
36 101
25 177
6 183
18 403
44 291
36 162
178 343
153 275
325 492
287 496
219 454
191 219
183 421
304 460
290 486
216 369
251 460
347 403
292 499
256 292
208 381
275 292
251 459
211 218
374 404
204 374
216 277
216 322
54 265
98 284
377 428
216 334
95 192
243 377
218 429
54 400
54 449
218 267
284 355
180 451
192 351
180 266
180 221
33 284
192 475
25 253
188 445
54 291
162 284
35 343
208 383
110 180
192 275
287 353
1 411
218 289
161 465
357 443
325 389
325 439
22 374
19 287
307 335
335 405
110 445
