31.513103
1
70
1168
96318
50 242
51 248
3 63
13 157
32 247
121 134
111 198
108 201
16 117
20 119
19 45
19 139
19 95
19 89
21 179
132 179
40 65
179 182
40 143
40 177
56 64
50 244
76 207
57 91
57 118
57 147
64 175
64 223
67 207
92 207
176 244
244 248
101 243
185 243
227 228
169 187
169 217
169 228
168 250
171 250
129 196
3 7
159 202
159 192
159 180
157 250
94 196
196 210
146 151
98 232
99 151
109 232
151 242
100 123
198 232
16 159
58 250
7 114
151 190
7 93
200 232
150 168
38 130
38 218
13 33
74 110
73 150
131 237
47 150
63 237
148 237
110 121
32 38
24 110
33 164
33 119
126 173
141 204
86 156
86 235
8 241
9 170
142 184
18 208
88 138
142 188
96 152
149 241
59 75
6 10
116 203
55 107
75 83
79 214
80 85
80 104
127 208
77 133
1 152
80 245
81 152
66 191
84 135
5 126
135 162
135 238
69 133
138 153
126 239
142 144
29 138
14 206
167 214
39 52
37 225
170 194
172 212
10 26
4 86
34 206
15 214
31 43
30 208
174 222
183 191
25 219
23 204
22 213
22 115
22 103
203 216
204 240
205 222
206 236
2 225
52 137
10 154
11 170
55 215
55 71
54 75
155 191
158 225
52 199
160 212
49 222
48 212
163 219
46 203
41 133
42 241
44 219
43 145
43 249
82 106
60 124
106 247
106 120
112 180
112 229
20 124
117 161
161 211
28 112
124 125
161 189
134 231
186 233
87 195
122 181
122 201
165 220
122 234
123 231
108 231
45 220
51 78
109 186
105 186
61 220
78 97
78 111
87 99
87 230
19 179
19 166
57 207
40 197
17 244
64 169
166 243
53 197
166 169
36 179
110 243
7 196
166 224
27 207
68 227
151 226
136 243
38 53
193 197
12 232
7 178
40 62
100 209
178 224
226 237
17 102
17 140
128 244
133 227
10 227
126 227
57 90
53 124
102 193
161 166
196 221
27 68
12 204
178 212
12 135
178 222
140 170
17 246
17 70
72 250
27 138
27 43
36 142
221 225
219 221
35 150
86 128
113 136
75 90
72 214
62 80
35 55
72 152
113 208
113 241
191 246
203 246
52 70
22 70
35 206
