5.227530
60684
17
58703
120599
15 160
103 109
58 142
49 94
30 90
31 125
81 123
136 139
17 38
60 67
114 121
6 8
77 135
116 136
116 131
116 123
1 116
107 122
33 47
33 88
108 140
63 158
74 100
19 36
45 156
13 106
8 13
112 145
13 118
78 82
29 82
82 96
76 145
34 61
34 157
29 34
31 130
1 130
20 22
20 71
20 66
20 103
25 96
25 144
12 126
73 139
105 159
97 152
134 152
45 73
129 156
65 116
99 146
49 146
11 73
23 87
37 111
40 52
33 84
85 88
85 155
33 74
89 151
6 129
80 160
5 97
83 148
16 148
80 128
79 80
7 106
7 91
7 78
34 57
110 151
13 50
4 73
133 146
2 145
100 135
5 81
32 95
143 153
19 33
110 133
40 73
115 155
147 150
111 154
99 154
32 68
68 117
41 67
41 51
120 134
70 86
43 109
42 149
42 138
86 127
43 149
30 42
9 43
14 120
17 120
108 124
15 124
44 126
44 64
84 159
60 141
57 89
21 143
3 21
62 92
20 65
18 122
77 120
2 7
36 39
39 113
104 107
3 104
50 153
46 94
46 142
72 75
23 34
18 141
140 150
75 87
82 147
12 26
113 148
26 37
53 114
10 24
90 102
48 54
101 102
54 93
61 93
27 119
48 55
52 53
56 69
56 125
56 132
4 95
59 121
28 59
22 35
35 137
63 115
92 158
72 86
73 98
11 27
24 98
