56.666534
1
131
2133
46839
164 328
330 448
242 324
26 295
52 417
357 459
55 373
62 97
126 274
103 153
240 386
41 277
68 437
179 310
171 385
171 448
171 386
110 171
135 239
48 364
189 317
73 91
317 470
48 467
392 430
91 290
65 91
129 430
336 450
154 231
178 181
178 199
247 495
66 121
48 330
66 142
247 488
78 353
231 266
231 431
78 361
291 430
124 247
295 317
178 302
66 257
48 371
66 318
100 336
217 358
78 337
228 336
90 187
195 377
187 341
26 377
83 498
183 187
38 187
282 377
46 464
46 363
46 344
46 279
43 296
141 494
80 148
148 481
148 393
147 148
158 258
161 190
161 455
168 177
59 438
373 499
55 258
174 296
244 439
177 222
141 341
367 499
368 441
368 483
180 258
106 429
8 477
106 314
420 477
106 216
133 258
286 479
309 368
230 286
121 286
438 445
98 235
99 161
212 288
304 477
212 442
127 177
289 368
244 345
296 412
141 311
491 499
225 359
35 212
225 312
85 106
112 286
335 499
136 225
115 235
333 438
237 477
113 244
235 419
235 307
169 457
224 381
68 381
234 297
179 381
210 381
47 234
408 473
408 437
406 408
263 408
398 444
156 463
191 444
134 444
401 444
203 384
170 203
128 203
265 378
56 378
138 165
138 192
138 412
378 417
378 449
9 394
33 394
391 489
391 491
357 391
394 480
16 138
19 254
210 321
245 348
1 204
32 307
197 223
204 459
204 487
21 143
18 32
15 435
15 303
15 150
13 240
13 196
13 52
5 32
223 275
223 414
348 457
143 176
348 428
41 143
287 418
257 418
103 418
145 205
126 446
232 395
145 248
213 440
145 175
260 370
261 308
123 436
146 259
157 447
218 331
249 432
218 482
220 347
157 262
294 395
117 370
220 413
220 443
251 346
251 492
284 342
184 315
246 340
246 460
273 370
137 403
271 308
137 369
241 356
249 400
193 252
270 436
226 251
160 434
131 410
172 356
131 276
131 159
130 407
130 326
166 416
130 243
207 446
184 211
249 497
70 137
36 74
36 396
50 233
360 440
54 252
350 472
350 401
67 107
350 383
67 319
67 471
69 76
36 57
71 221
71 362
71 453
72 111
76 242
76 269
77 252
81 206
81 411
81 426
342 375
17 146
3 89
3 167
452 475
3 219
4 233
6 305
10 308
440 462
12 157
434 466
14 233
434 465
111 283
20 58
20 153
20 268
23 475
421 475
395 422
28 40
28 75
28 423
388 436
379 416
94 446
305 454
97 246
109 111
104 146
329 416
95 218
338 356
305 306
342 355
102 184
64 468
79 404
64 200
64 217
209 404
125 229
125 474
125 325
163 404
93 376
93 108
93 227
129 151
236 474
122 485
62 122
164 198
198 399
374 380
56 380
51 264
292 313
173 493
44 424
274 299
31 114
208 415
427 441
101 458
202 433
27 351
101 293
101 156
238 299
44 181
31 188
31 364
380 405
37 292
39 299
42 208
44 147
118 264
149 496
301 328
292 473
88 433
155 496
323 493
250 427
84 214
158 433
162 493
63 389
63 314
110 301
63 304
214 461
119 301
351 500
280 427
173 486
349 451
352 478
29 267
87 478
267 425
349 498
7 105
105 239
327 478
224 267
22 490
105 310
464 490
61 349
277 490
60 494
120 327
132 197
229 402
189 469
227 402
209 469
150 256
256 363
11 171
66 135
171 382
336 476
366 476
83 231
78 83
135 169
177 247
141 430
476 477
234 377
225 244
48 152
152 377
82 247
391 476
377 391
82 244
278 358
169 382
203 212
286 463
296 394
81 135
144 234
316 366
336 354
334 366
2 46
96 366
2 438
83 446
83 233
82 322
332 358
186 225
186 368
148 186
185 317
178 285
91 285
93 476
151 317
78 236
177 281
358 409
86 169
92 187
11 281
185 235
83 320
215 463
161 285
30 231
215 298
139 358
300 430
86 253
296 397
212 397
182 366
45 254
178 456
120 187
24 45
161 365
201 278
350 463
253 332
343 394
372 499
255 334
252 321
255 343
24 334
143 201
140 169
138 484
82 214
34 418
53 204
203 390
144 208
28 45
220 272
2 370
36 45
201 475
67 201
71 272
49 444
194 278
186 387
146 354
76 354
53 416
249 343
122 272
96 184
96 434
96 436
34 351
116 348
32 339
305 484
272 320
132 438
316 486
130 194
92 251
145 365
116 342
111 116
131 339
157 300
25 137
25 387
49 440
356 372
3 182
395 456
218 456
140 308
151 264
390 496
