3.986238
117220
19
47697
133244
67 134
23 118
37 133
37 65
37 59
44 134
44 91
44 77
17 111
17 21
13 17
16 101
19 125
11 68
50 103
36 138
36 129
15 87
24 106
19 98
22 103
51 113
30 139
52 61
45 79
61 94
8 116
8 122
58 107
49 137
66 129
46 91
28 128
122 128
62 136
13 89
18 65
54 63
36 63
36 76
57 115
37 93
57 96
108 117
33 100
100 112
25 85
23 85
38 85
102 108
39 88
1 67
1 15
72 119
72 77
24 127
101 127
64 127
76 131
39 97
37 48
8 115
17 92
71 95
20 26
7 26
12 26
37 54
44 97
44 93
105 138
105 121
49 96
48 73
10 36
47 99
8 136
95 132
17 124
97 106
84 88
3 62
44 68
47 70
74 92
22 83
31 132
55 81
110 123
118 123
41 51
30 140
114 125
71 87
34 54
2 75
29 75
50 114
109 113
79 109
109 120
109 139
80 82
18 136
53 78
16 98
34 135
55 73
8 80
60 135
52 83
45 81
6 10
3 99
70 74
6 40
36 53
44 126
41 107
56 140
14 58
14 110
51 90
4 90
56 69
9 32
11 42
42 86
5 130
35 104
5 43
27 35
60 100
4 108
26 126
75 78
35 124
5 78
32 84
