23.167538
59613
58
41325
89288
1 13
169 201
15 227
8 53
62 128
131 159
133 176
27 239
92 224
143 172
6 145
145 220
145 211
116 145
18 215
203 215
88 230
81 230
192 230
31 230
48 230
177 223
8 162
68 162
62 162
178 221
130 250
24 61
79 164
79 147
79 103
142 187
142 150
25 111
72 130
66 158
29 142
130 209
56 207
128 197
126 207
48 197
125 175
38 197
111 179
113 130
79 213
111 249
22 158
171 175
175 188
3 111
165 207
175 219
178 207
158 247
197 237
146 236
95 225
64 98
98 151
72 95
9 98
98 154
50 59
95 96
95 115
59 141
59 240
107 174
20 189
202 250
120 160
160 218
135 202
21 202
160 179
32 160
80 199
58 82
27 65
12 65
97 139
49 82
82 239
82 86
65 171
65 227
81 229
35 237
35 183
35 110
2 190
51 63
104 235
78 206
51 99
94 217
19 23
57 235
217 222
2 87
19 156
2 43
19 226
67 228
78 90
77 228
231 235
37 93
129 138
40 148
228 244
40 214
40 241
93 124
129 161
217 242
45 51
129 167
93 149
78 182
107 229
186 194
186 205
181 246
70 181
114 170
114 198
114 117
145 162
145 223
26 194
26 232
121 238
121 143
166 195
83 86
123 132
123 224
123 248
166 212
127 246
85 100
155 177
131 185
134 196
1 83
83 189
100 164
88 127
91 120
91 146
91 180
119 196
112 173
109 140
109 118
184 185
108 133
108 122
101 112
100 225
17 53
61 109
11 14
60 243
13 108
55 127
14 245
15 166
52 176
52 172
52 169
16 234
17 18
16 44
17 232
28 92
28 139
39 220
28 201
30 47
39 153
36 39
30 159
30 193
33 60
71 105
4 203
74 89
74 154
5 14
74 216
75 136
71 84
71 80
75 157
4 165
75 188
4 54
69 155
111 221
24 223
76 117
11 76
142 158
142 200
24 200
59 152
106 221
95 191
59 168
215 233
19 215
163 207
152 199
79 137
20 208
221 235
60 215
30 215
7 102
42 162
10 191
24 34
10 168
35 168
7 106
2 236
144 202
46 175
24 204
73 197
82 163
112 223
40 168
51 168
41 130
34 210
41 98
78 97
97 129
14 208
16 210
46 228
73 93
204 217
42 196
