4.281406
108543
16
96557
133607
66 137
117 132
111 115
9 91
62 134
36 44
21 28
1 10
45 63
12 53
10 75
40 61
48 106
95 124
16 75
23 85
74 75
51 64
14 51
103 136
19 27
21 27
15 27
48 102
58 72
13 114
34 90
66 67
30 90
20 76
83 131
41 128
33 128
42 107
26 52
31 42
42 64
26 111
26 137
42 44
25 65
25 103
31 110
49 95
35 76
35 77
81 117
79 81
71 133
20 93
46 94
13 109
7 25
11 70
22 70
24 98
62 98
12 129
108 135
108 116
92 113
96 113
26 100
67 74
26 89
42 89
40 104
78 99
5 124
5 73
5 61
102 131
97 115
97 106
92 97
97 132
81 93
2 114
6 89
3 69
3 39
3 123
43 88
69 88
52 88
30 55
34 130
104 129
5 36
16 70
100 109
128 130
56 63
56 116
56 134
71 89
45 128
53 80
80 138
80 135
4 25
54 118
54 123
27 75
7 60
1 99
37 126
37 112
58 75
39 82
82 127
38 122
11 38
17 120
28 60
68 85
9 68
18 133
18 32
59 119
59 73
27 46
75 140
23 136
101 126
101 122
50 121
50 87
50 57
8 84
86 139
86 91
29 105
83 84
105 107
47 125
17 75
47 55
50 140
