6.527792
44488
21
30
83958
96 120
43 51
45 70
85 117
68 83
25 91
70 103
68 98
62 119
15 98
62 102
21 91
103 116
50 91
37 77
37 57
6 37
13 49
21 99
75 112
71 112
93 112
80 102
74 80
80 108
39 80
65 80
17 113
26 28
29 78
3 52
82 87
23 87
2 57
18 25
3 86
42 119
95 96
60 95
36 95
84 92
20 84
23 84
14 84
19 113
19 109
55 120
55 79
55 73
62 104
11 43
7 67
51 67
11 111
38 63
64 67
11 59
16 38
58 69
100 107
4 12
12 44
9 100
20 100
12 29
56 114
24 56
34 56
27 97
30 85
13 30
58 97
88 105
53 74
53 76
1 47
4 22
22 82
1 94
22 117
31 88
32 53
33 103
26 40
40 61
37 103
98 110
81 98
49 62
62 112
103 106
89 112
48 90
37 66
91 118
8 98
33 42
54 98
37 90
81 90
5 112
46 48
46 91
62 86
28 118
55 83
41 110
17 35
77 115
7 115
101 112
10 52
2 35
41 72
69 91
38 89
1 5
56 72
8 88
