3.062711
6714
13
2363
75830
77 114
26 108
28 89
38 57
34 79
44 100
17 65
68 104
6 46
22 64
22 91
43 107
18 19
55 98
13 61
23 38
8 99
56 120
72 80
21 110
2 31
39 62
55 62
51 62
62 112
94 95
10 93
109 119
101 109
71 109
7 120
7 90
7 63
69 93
6 98
9 22
35 88
15 28
2 109
45 109
61 83
72 83
83 96
22 73
51 106
48 67
111 112
9 115
45 118
37 78
70 78
3 78
85 115
17 43
76 113
31 46
24 108
79 111
34 54
76 103
14 103
103 110
4 103
69 106
56 73
32 101
32 91
10 113
86 92
42 107
4 42
30 70
12 39
12 89
21 95
35 66
65 66
57 86
18 88
60 94
7 8
19 29
15 16
16 83
13 23
19 24
44 97
16 97
11 96
1 11
49 105
102 116
26 116
82 118
48 81
41 104
78 82
78 81
59 83
25 75
74 114
67 74
22 41
36 84
33 117
27 52
87 117
52 58
36 53
40 50
40 68
47 80
25 29
5 20
5 60
49 82
20 52
36 75
47 117
