30.204475
8124
75
56302
74638
17 60
115 124
50 267
12 23
167 292
219 245
98 221
259 295
19 299
90 186
121 294
75 225
75 134
43 281
281 294
111 257
111 238
111 174
97 163
186 281
7 111
97 261
21 111
140 169
169 235
169 271
77 169
58 169
240 273
103 273
103 207
103 187
8 250
8 79
8 51
1 276
231 289
74 289
175 289
76 289
11 275
11 252
94 289
11 286
35 254
39 251
130 253
254 299
130 291
72 296
143 228
143 236
130 224
72 160
251 298
152 230
152 288
152 300
58 143
109 298
14 17
14 102
170 254
72 125
71 72
173 251
14 174
14 228
3 143
55 133
92 133
133 272
9 80
13 270
70 118
13 156
70 76
70 114
70 159
13 292
263 285
176 211
42 108
112 192
112 204
112 269
112 166
246 264
40 194
194 201
89 264
90 101
5 146
89 110
6 89
101 197
101 262
9 172
126 136
126 267
126 277
45 172
124 280
136 138
138 279
146 155
146 221
280 282
172 227
211 280
94 255
1 255
113 222
95 223
79 104
82 191
83 141
83 189
88 266
131 234
199 260
193 223
212 284
191 206
185 284
171 237
168 215
154 260
150 266
142 283
96 105
127 247
220 223
116 237
200 233
233 265
104 268
100 131
96 226
96 117
59 164
27 64
59 66
37 215
64 217
64 177
18 127
63 283
10 233
69 237
59 128
20 127
24 36
44 260
46 113
54 113
32 215
53 284
52 283
78 104
4 191
73 83
24 67
24 47
2 266
29 131
154 297
60 139
81 139
61 182
48 167
23 106
48 153
19 162
119 183
115 214
49 259
49 263
50 274
180 256
182 225
183 210
175 180
216 279
120 274
41 239
108 147
16 258
202 239
214 248
106 229
91 182
28 216
148 216
147 287
147 242
157 208
144 214
33 180
157 219
140 241
258 295
158 244
68 293
62 165
68 205
249 274
12 239
62 195
62 245
48 149
241 278
25 49
158 269
26 241
132 162
134 258
162 238
158 290
34 57
77 85
31 34
34 71
85 98
65 85
121 240
111 209
75 109
93 209
8 209
121 135
31 232
232 268
87 190
87 218
97 184
99 121
70 75
97 137
103 198
86 99
103 254
281 285
97 176
8 196
130 198
93 129
11 196
151 251
86 89
133 152
109 184
121 260
121 237
24 75
80 254
11 42
133 137
188 281
14 15
121 157
93 178
145 151
93 138
123 169
11 30
131 209
38 129
13 15
101 203
56 109
93 213
106 276
22 203
112 178
109 179
243 246
15 266
188 194
84 135
38 181
56 283
107 127
96 123
191 243
64 243
138 183
122 280
146 161
107 181
213 284
213 233
59 122
83 122
84 113
161 215
179 223
68 297
87 243
