4.942245
148479
15
3899
203023
89 97
15 42
40 90
48 73
62 78
37 93
10 82
18 54
11 18
16 56
15 36
36 84
6 56
4 24
4 30
4 95
74 95
26 74
9 33
9 31
9 100
64 77
77 81
44 77
77 80
5 68
26 27
27 48
27 96
17 18
18 50
2 69
24 69
17 56
10 63
36 65
56 65
4 50
62 66
66 70
16 66
12 78
12 37
43 98
43 81
43 67
2 43
27 60
32 83
83 96
25 94
70 94
29 80
29 97
20 47
20 85
60 63
21 28
3 45
28 99
3 35
3 32
1 87
14 87
51 82
22 89
7 22
25 46
46 47
55 73
55 88
7 38
19 56
4 8
35 75
39 75
40 57
57 59
75 76
49 71
71 79
53 58
61 91
34 86
34 68
13 56
23 41
5 13
23 36
4 52
8 28
9 27
9 92
19 72
52 87
41 71
61 92
58 66
57 72
