17.478995
32379
41
78555
78956
62 199
121 150
32 126
26 195
49 127
56 107
54 107
21 107
85 107
107 175
66 107
35 118
129 151
148 151
98 151
96 151
35 87
12 162
3 113
125 160
36 113
119 189
45 119
62 119
60 119
135 157
133 135
135 153
124 186
94 129
26 59
49 59
73 118
64 83
64 182
177 186
94 95
59 172
71 94
13 186
73 178
27 88
53 168
53 117
10 174
53 80
10 53
174 193
13 33
38 199
21 38
19 127
82 156
156 200
55 156
19 99
17 51
163 200
34 63
102 175
102 166
102 121
7 34
7 48
7 144
8 24
8 111
74 132
74 116
8 184
46 60
44 46
16 130
67 142
41 93
89 140
77 152
52 183
52 190
58 187
67 179
65 120
67 122
165 196
139 196
41 86
14 140
22 23
152 171
23 39
23 81
9 120
28 152
110 187
161 180
30 120
105 187
167 180
32 196
5 194
5 69
180 198
1 5
37 52
40 140
41 42
61 141
130 143
87 143
146 154
146 195
47 79
47 150
56 70
70 97
18 68
68 92
123 160
123 155
2 188
97 106
91 188
90 106
85 147
115 147
158 192
126 131
72 131
131 185
136 147
50 181
4 15
50 112
43 106
12 192
15 17
31 101
15 84
31 61
27 192
29 31
184 191
107 125
159 170
73 151
162 176
58 76
76 92
113 176
107 163
73 108
64 197
78 162
64 88
33 113
173 174
35 149
11 162
94 169
103 119
75 113
100 125
138 162
35 41
35 187
103 186
57 174
100 108
164 169
51 64
78 134
11 59
6 137
74 125
128 151
145 174
6 57
11 53
109 134
20 119
63 173
5 125
16 135
59 141
104 135
186 191
75 196
11 180
109 114
67 138
120 138
50 145
114 140
20 152
25 149
52 128
23 25
159 197
104 188
