4.757743
16988
13
6799
165201
8 106
61 103
13 95
35 71
74 108
4 89
18 25
78 110
42 49
1 80
73 87
55 64
29 100
7 76
51 76
56 81
30 81
25 81
81 87
81 109
63 93
96 115
5 114
86 101
16 76
46 76
28 92
40 92
35 92
92 114
92 102
80 100
50 111
50 103
13 50
23 77
77 83
38 50
42 77
46 81
77 85
5 18
57 90
68 90
47 90
50 65
45 70
43 70
38 70
1 77
53 85
12 28
12 60
53 65
55 73
109 119
15 23
15 40
2 88
91 108
61 118
14 30
22 91
115 118
37 95
37 94
26 81
9 44
8 9
77 104
33 79
33 78
33 47
17 39
39 64
33 84
16 90
14 89
20 67
67 94
32 98
67 88
67 117
32 113
32 82
7 69
69 74
3 31
45 62
48 62
97 104
24 44
4 24
17 36
27 36
58 101
58 97
10 105
10 48
10 41
19 52
72 112
6 120
6 59
107 116
63 96
21 75
34 75
66 86
54 66
3 26
11 117
11 59
11 34
99 119
49 116
2 32
99 112
52 99
