45.642256
1
96
15865
69408
5 36
243 296
15 109
123 240
164 217
128 180
197 270
319 334
3 241
98 250
100 104
214 300
268 332
268 343
268 292
130 267
79 267
166 267
16 267
147 268
124 331
124 297
124 160
84 323
154 340
149 248
213 288
146 220
141 227
276 288
104 288
87 209
112 227
198 329
47 77
135 341
50 248
131 209
119 209
79 248
227 345
248 254
209 280
166 340
329 334
329 349
163 288
186 340
202 324
41 53
41 216
41 241
158 192
158 304
55 132
32 158
188 202
183 202
206 210
123 210
46 210
18 138
42 347
132 347
138 336
57 283
48 283
14 138
236 283
145 347
172 347
122 253
122 341
164 308
5 54
228 308
54 114
54 187
13 122
19 103
84 308
70 294
67 233
204 256
233 315
240 299
103 180
103 231
293 294
213 233
212 299
197 204
111 299
110 204
43 264
100 294
43 93
43 53
113 270
35 113
113 170
75 225
232 305
182 339
12 63
47 225
225 296
157 265
96 286
222 265
201 310
63 307
172 339
286 300
173 339
243 310
305 319
15 63
310 328
131 265
107 286
129 305
25 337
220 337
59 337
127 244
171 221
121 142
167 275
117 335
1 31
117 274
117 211
108 127
177 314
116 266
115 151
137 229
155 271
155 207
152 309
151 302
150 200
148 218
144 338
143 200
142 269
142 196
140 298
184 320
159 185
159 247
137 287
165 179
159 250
171 245
161 205
161 284
200 203
133 313
161 306
128 144
194 255
127 189
126 333
126 251
126 226
179 330
11 179
313 350
23 215
22 260
21 342
20 140
51 137
52 237
17 144
261 273
26 275
257 342
255 318
56 313
58 322
60 303
246 322
62 314
242 266
235 314
38 181
33 151
34 190
34 282
34 321
31 327
295 346
311 322
37 155
38 68
65 140
38 199
29 31
39 295
289 303
312 320
27 230
27 174
27 136
91 255
2 109
85 120
85 262
86 134
86 175
86 193
88 260
89 237
90 237
83 263
92 152
94 260
97 215
99 178
99 234
99 238
2 95
101 261
2 28
76 303
10 152
66 261
69 148
71 295
9 171
72 148
73 85
8 83
74 266
7 208
7 153
7 118
6 215
223 275
317 320
219 342
83 195
102 252
78 239
36 45
102 106
102 343
49 277
44 49
81 239
45 98
217 239
49 214
45 139
268 329
146 248
209 323
210 267
124 283
24 124
158 291
41 146
202 340
138 227
24 146
267 279
30 291
224 268
4 288
135 176
285 323
77 281
259 329
24 294
146 325
316 340
291 303
117 323
2 291
135 159
135 144
127 135
77 86
77 171
83 323
161 291
77 322
227 301
138 290
162 204
40 308
158 224
41 265
64 278
55 348
103 326
299 326
202 258
122 290
55 325
54 80
55 169
55 249
191 285
61 283
4 272
156 344
64 310
168 272
24 151
30 168
176 344
43 82
125 278
40 105
105 162
281 326
286 326
40 261
40 266
64 85
64 179
191 255
162 314
7 191
126 162
4 99
4 148
38 290
80 142
279 320
125 215
125 155
260 348
200 348
82 152
259 313
31 258
316 342
137 169
169 237
169 275
27 249
34 301
61 295
140 249
