37.828829
16050
101
839
23088
91 115
234 409
224 303
22 289
31 351
382 433
20 155
74 230
367 453
158 265
100 415
169 422
208 479
180 283
207 246
286 407
61 148
211 344
31 211
34 211
79 421
192 264
192 275
53 280
158 192
130 280
108 280
171 192
12 192
280 399
15 27
15 182
11 298
11 451
11 422
262 312
312 484
312 367
255 489
448 489
170 489
178 489
233 363
165 457
338 457
363 394
142 363
3 363
441 457
445 457
193 342
148 319
6 322
146 217
146 432
1 146
138 217
89 366
104 370
194 242
90 178
21 442
135 442
288 300
107 175
175 388
264 465
443 480
437 482
184 465
301 465
44 443
116 222
437 450
102 437
205 443
147 250
147 494
147 180
222 322
222 449
467 490
208 500
49 362
397 500
468 500
260 362
362 458
129 310
185 335
284 369
93 318
52 335
216 257
111 237
127 299
299 456
96 187
48 476
48 472
72 382
198 216
243 299
245 310
76 369
111 418
111 249
249 299
72 498
187 470
72 85
72 78
216 414
187 480
80 187
273 481
273 497
18 19
18 439
38 104
38 245
38 313
143 310
18 30
39 273
16 276
38 59
318 487
310 373
48 221
16 285
318 392
366 369
335 358
16 321
335 375
16 307
318 415
48 107
117 126
357 429
201 357
270 283
201 453
201 402
270 277
36 46
122 278
121 270
151 278
36 97
36 241
278 337
278 377
212 270
156 201
19 244
109 293
26 186
26 317
54 293
293 439
169 408
26 351
200 408
168 384
168 181
168 331
39 168
68 206
7 108
253 308
308 311
247 396
28 396
212 396
396 416
164 403
50 289
50 86
124 164
94 339
195 417
115 417
290 451
82 321
68 460
230 460
35 446
478 479
157 248
82 224
407 478
303 460
350 478
45 82
247 460
29 82
248 330
73 475
25 341
211 393
202 291
193 390
291 433
259 390
170 190
282 491
214 402
214 469
91 214
101 491
234 491
190 387
117 190
62 414
11 312
119 419
431 464
231 359
2 464
196 235
4 227
113 340
113 334
152 203
133 203
379 419
395 400
203 267
385 404
9 131
9 254
132 395
9 154
256 419
315 329
231 360
235 424
235 471
137 172
58 113
137 251
63 197
229 440
33 440
63 261
137 412
63 463
268 329
65 231
266 404
163 225
17 314
47 464
309 314
41 163
149 329
314 346
361 404
352 440
163 492
226 395
227 236
227 356
103 199
281 336
159 365
304 472
120 365
95 136
204 304
380 485
93 103
165 380
136 286
265 281
112 239
239 459
71 239
118 162
67 162
162 324
213 280
64 176
260 436
345 436
37 100
37 219
20 70
70 240
27 297
295 297
1 474
388 474
5 182
5 191
22 413
339 413
11 342
177 252
177 325
177 409
199 296
243 296
486 499
461 488
188 353
161 233
189 305
349 475
161 338
161 387
378 488
364 410
364 394
207 488
174 466
354 401
353 444
328 348
173 179
279 405
285 305
287 438
294 349
306 426
238 302
223 401
496 499
173 194
167 401
220 406
173 246
347 423
348 399
348 455
25 302
144 306
76 364
97 347
56 427
23 372
23 495
56 74
128 482
128 343
128 185
66 499
28 174
125 371
125 300
125 272
105 438
123 274
123 139
120 405
43 56
92 220
85 438
84 305
83 405
79 349
151 174
8 347
10 302
88 411
60 88
53 430
159 430
155 430
211 443
35 355
40 355
98 470
77 373
69 209
98 238
77 166
77 381
171 209
209 420
434 489
176 211
32 263
333 450
273 332
326 446
126 211
290 493
146 363
232 454
66 150
150 336
14 496
14 132
110 489
447 465
443 447
106 146
232 278
78 462
462 486
393 500
377 483
467 483
214 326
190 326
16 435
201 292
141 327
21 215
215 384
110 319
138 218
141 500
147 473
292 391
153 332
18 316
316 369
160 437
244 280
15 429
15 36
42 75
218 442
89 222
18 75
192 206
354 386
38 106
94 280
310 320
140 192
11 425
258 271
55 118
55 112
271 490
111 442
273 288
368 411
73 316
362 465
164 473
51 293
213 376
32 389
140 160
134 147
42 228
242 391
81 216
327 389
51 248
36 81
312 452
183 258
99 500
87 187
320 491
126 308
24 457
145 454
162 434
114 183
13 408
320 353
72 383
206 374
57 362
48 398
134 323
269 318
386 421
87 440
216 477
99 227
7 203
114 428
145 163
113 145
13 404
368 489
23 425
329 383
210 374
24 137
235 452
9 398
63 323
57 464
269 314
62 220
231 477
210 419
123 269
306 428
