24.281734
1
53
24
116104
15 166
2 12
84 106
28 194
67 171
65 109
109 183
109 113
97 109
29 64
32 108
23 162
32 121
32 126
19 146
52 146
32 181
64 157
64 119
64 111
160 162
45 146
146 170
152 162
50 145
169 174
26 134
84 197
35 62
107 134
38 159
62 112
8 62
67 197
165 174
117 197
119 174
148 194
148 191
76 197
76 95
148 161
174 193
95 129
134 192
9 95
62 122
55 144
47 198
115 165
78 106
60 115
30 115
25 198
50 78
81 141
81 126
79 149
15 198
6 78
13 79
63 81
8 79
44 122
88 154
28 154
70 154
3 104
3 38
99 155
19 155
17 190
17 144
17 120
155 189
66 97
2 66
71 138
58 74
72 125
68 143
61 142
1 96
125 140
179 195
178 196
156 167
153 196
142 158
138 176
136 196
135 137
133 142
125 168
74 166
124 138
105 188
105 184
105 123
90 179
83 186
83 114
75 116
75 100
74 200
7 33
41 56
4 92
37 91
4 118
37 49
37 42
36 46
34 167
33 132
33 94
31 83
27 135
24 75
1 89
22 179
21 182
21 177
21 139
20 68
16 59
16 43
16 18
14 135
12 167
10 40
10 53
46 180
46 130
1 102
56 127
48 110
48 185
51 68
54 175
54 98
54 164
56 69
48 93
4 11
82 150
109 162
147 171
32 128
151 162
80 109
46 171
4 171
125 171
79 145
55 159
86 95
86 128
64 103
77 159
78 85
87 148
44 148
145 173
17 145
146 163
87 115
159 187
39 77
62 101
73 174
147 151
150 171
5 134
95 163
85 179
128 135
68 128
74 85
85 172
134 172
198 199
56 151
1 151
81 131
57 187
10 103
103 196
16 101
142 199
37 73
73 75
21 80
5 54
57 83
138 163
48 57
105 131
33 131
