38.521846
1
84
15519
42684
79 284
135 218
212 231
7 219
32 144
223 272
22 76
93 228
120 159
194 198
211 222
85 260
40 264
53 264
42 151
10 273
243 264
172 264
107 271
3 271
67 273
270 273
271 276
29 126
173 278
20 125
103 173
111 173
72 173
125 164
125 238
27 123
77 115
115 297
115 137
115 162
131 285
178 187
117 285
66 153
187 278
65 188
187 226
187 220
78 295
136 295
171 193
143 193
153 239
49 188
163 294
48 295
163 195
153 284
193 235
95 188
285 289
285 286
22 163
161 181
161 194
114 265
159 282
257 282
17 223
17 112
17 24
15 189
76 118
145 217
7 68
14 299
9 81
58 68
137 230
251 299
9 255
9 126
161 211
189 208
85 114
118 258
119 282
186 230
123 217
217 272
218 299
226 230
68 190
39 118
114 168
93 189
113 140
140 219
140 148
106 268
42 268
19 268
124 231
124 200
62 74
201 287
74 135
53 287
13 170
144 182
91 170
25 124
79 182
74 142
166 182
170 198
177 287
101 225
98 185
109 269
109 214
116 133
94 199
102 291
101 139
97 248
98 147
1 11
246 279
210 213
213 281
215 221
228 280
229 293
233 279
234 240
244 279
206 280
248 292
253 256
256 288
259 291
261 300
277 290
298 300
120 146
203 249
192 203
174 293
169 250
160 216
157 256
154 252
154 205
152 179
146 262
132 202
132 191
132 134
130 248
128 215
47 94
41 160
43 80
43 212
43 296
44 116
45 84
45 99
94 121
46 122
46 197
38 109
50 138
50 263
51 160
55 116
56 141
56 180
56 204
59 240
60 213
16 101
1 31
1 242
2 64
2 236
2 237
4 46
5 179
6 300
8 179
12 291
45 158
21 146
28 250
33 54
33 63
33 150
34 293
35 250
36 50
37 277
92 267
86 203
83 277
75 154
73 254
73 176
73 104
88 98
89 280
70 240
92 207
92 224
69 215
96 241
32 241
117 149
90 149
30 149
171 241
155 172
196 232
184 232
163 175
175 193
125 283
187 283
273 295
151 285
151 295
153 271
108 125
27 29
82 283
23 222
110 151
17 260
108 161
222 274
175 266
165 273
222 227
260 287
175 203
27 230
61 222
23 153
183 188
163 209
277 283
29 74
87 271
260 280
57 260
26 127
129 264
1 151
110 183
29 275
18 282
127 227
82 165
27 50
9 100
52 299
124 167
100 140
167 247
23 132
18 46
209 256
23 215
33 167
160 183
92 183
2 209
167 250
18 101
18 245
105 217
26 247
56 165
98 165
52 146
116 274
179 274
71 266
87 248
129 300
154 275
71 293
156 279
45 71
156 240
156 213
71 73
61 109
61 94
105 291
57 156
27 232
