10.867880
31390
29
2563
59785
50 96
52 123
45 58
74 77
24 53
86 146
21 71
15 163
37 180
37 102
37 44
69 95
67 153
79 176
77 79
79 102
24 79
49 172
26 172
112 135
26 88
36 88
131 135
55 103
88 126
29 88
81 103
103 159
103 123
92 135
35 139
34 82
40 161
103 160
148 149
39 149
30 119
33 129
35 129
76 129
78 119
14 49
42 119
14 163
14 137
78 175
16 61
60 61
88 138
135 177
138 139
151 173
76 173
82 164
85 106
1 28
70 164
23 63
110 116
1 58
164 166
1 120
1 169
2 11
2 41
2 47
130 164
8 36
8 70
8 72
110 159
8 158
9 106
106 132
23 86
23 84
23 62
89 110
96 110
87 165
14 118
20 108
98 137
59 98
19 100
19 81
19 25
98 105
98 111
44 98
65 117
55 117
40 97
18 65
18 63
37 64
93 129
129 177
19 161
113 122
56 113
19 118
99 180
99 162
56 99
2 93
5 179
13 157
66 74
66 174
17 157
157 165
10 114
37 178
37 101
37 48
51 160
67 154
50 154
144 154
109 112
22 109
1 97
27 134
27 80
3 27
71 167
29 167
32 136
4 121
152 176
152 168
115 121
22 43
43 156
90 141
90 148
45 90
104 133
39 104
75 146
73 75
54 107
10 57
68 107
91 171
91 147
142 143
69 140
38 170
116 142
15 91
127 142
128 140
31 38
6 57
57 145
37 61
42 83
83 128
64 150
34 155
48 119
46 179
87 95
46 51
108 155
79 106
94 150
115 124
54 124
7 84
7 12
114 175
136 172
107 153
38 178
94 125
27 125
