8.922123
69495
23
396
86940
59 73
27 55
29 89
88 106
22 46
5 110
19 90
35 111
15 62
24 50
27 107
58 107
50 107
43 107
30 68
30 55
30 45
26 115
46 115
80 115
2 53
2 52
2 26
51 76
42 114
25 42
93 96
39 79
42 60
42 84
65 79
96 119
11 99
11 78
10 96
4 38
6 54
15 18
54 61
54 85
18 67
18 70
54 86
18 114
21 58
14 21
57 108
23 109
90 109
83 101
20 83
59 83
109 120
29 77
77 118
17 77
32 71
71 75
63 71
1 7
1 52
4 44
5 44
41 49
49 110
33 49
73 81
95 105
64 111
81 91
69 76
92 105
64 89
47 69
36 56
16 69
35 81
34 56
31 106
31 100
84 87
22 64
87 113
74 87
30 62
18 94
3 30
2 3
37 115
13 94
37 104
24 103
11 102
40 104
8 72
79 116
42 116
9 107
48 79
2 38
51 79
6 12
12 19
66 96
8 83
11 103
98 102
28 72
9 96
40 57
28 82
54 117
66 109
107 112
97 115
9 105
71 97
56 82
31 112
