11.177630
58708
31
2808
61740
18 70
4 21
101 163
1 49
58 114
83 169
37 142
17 151
17 87
11 17
3 74
70 74
44 50
50 132
47 121
47 149
47 94
80 154
44 108
108 139
23 95
131 151
82 175
5 12
82 137
31 76
31 104
82 144
5 158
129 146
49 129
56 129
77 160
9 179
77 169
9 157
9 114
8 77
60 115
10 62
28 61
92 128
84 123
53 110
53 96
28 69
112 149
88 112
22 85
79 120
79 175
1 113
20 113
2 127
41 82
34 67
16 153
106 139
68 153
64 176
64 156
120 130
58 140
13 64
84 164
34 102
34 128
6 130
7 145
136 145
36 106
29 142
86 140
46 106
26 147
26 178
45 145
21 153
19 164
163 164
99 130
29 39
29 60
100 140
143 179
118 124
10 25
25 98
48 135
24 180
38 42
42 133
42 170
35 177
135 162
35 73
24 109
35 59
54 89
55 135
24 43
75 89
89 103
18 122
2 168
90 168
37 172
116 172
4 52
52 101
165 174
23 165
33 85
33 171
15 65
17 80
74 152
80 93
51 100
51 110
41 122
119 174
119 157
17 129
30 32
47 91
5 71
80 117
80 155
40 66
74 111
74 141
50 95
31 50
17 22
111 117
93 125
57 98
13 57
115 126
17 167
87 97
14 81
14 83
97 136
27 152
9 40
31 32
50 166
22 50
71 150
63 125
30 69
123 126
105 131
126 166
22 47
107 127
113 161
5 141
66 159
78 155
107 167
72 138
9 62
113 138
26 126
118 161
77 134
77 78
108 135
61 148
92 143
123 173
72 89
24 134
15 159
42 148
35 173
