22.040964
27857
48
29
55541
72 117
115 175
2 10
2 123
93 94
11 158
10 158
107 158
120 158
5 107
5 108
5 124
5 131
63 67
63 71
63 179
4 102
14 81
14 85
14 171
15 90
53 102
45 176
45 140
45 126
8 48
8 101
8 126
100 102
8 111
18 23
18 57
18 133
18 161
82 119
120 141
97 109
54 110
109 123
24 152
59 95
24 96
95 145
61 115
61 154
89 138
95 119
93 109
144 178
74 141
89 105
89 117
54 76
141 169
24 35
3 61
35 52
78 139
139 175
114 136
129 150
56 64
116 143
20 70
1 104
116 167
118 168
51 116
50 83
49 153
47 83
46 103
92 163
103 156
69 153
77 106
65 92
7 104
16 19
16 66
98 173
103 122
58 151
104 113
106 172
16 147
17 137
60 177
112 168
58 174
129 160
23 64
13 64
25 41
25 165
26 39
84 173
12 20
80 137
9 25
142 177
29 40
30 137
31 168
91 129
32 88
33 177
20 130
21 32
22 114
44 173
92 155
42 106
40 132
135 153
40 72
39 75
38 58
37 114
36 83
34 39
32 159
86 149
15 149
87 148
43 87
7 157
73 148
73 169
27 99
27 55
2 180
2 82
14 63
158 164
146 164
146 170
8 82
14 82
6 90
2 127
40 94
94 106
52 158
5 134
102 166
6 164
45 178
146 177
146 153
64 146
62 180
28 63
90 114
90 137
90 168
162 170
129 164
102 127
61 162
18 128
83 134
62 125
79 116
79 104
20 79
157 166
39 68
32 68
16 68
25 28
54 157
54 121
121 173
103 128
68 125
58 127
92 127
27 178
