23.577082
3632
67
1009
34181
109 150
88 203
62 159
13 257
14 216
6 286
27 74
71 293
162 179
147 288
3 66
127 223
35 296
120 202
45 189
45 114
171 251
171 297
153 169
6 169
169 283
281 292
79 173
44 79
21 214
130 204
133 177
133 206
133 288
26 41
26 52
18 26
21 116
205 273
93 252
204 299
204 272
14 21
186 273
10 252
253 255
67 253
12 206
155 295
128 275
128 198
48 279
128 167
160 279
58 128
95 279
121 279
177 279
27 128
87 230
135 230
178 230
116 210
83 86
75 263
75 157
75 115
86 236
54 86
1 40
43 75
185 282
282 300
244 299
244 281
209 282
208 280
207 265
203 207
195 244
86 259
176 280
166 207
147 181
127 280
125 181
109 244
98 280
88 181
1 7
24 33
5 295
5 283
5 172
5 42
33 132
33 138
1 242
1 82
142 260
48 152
125 129
174 178
30 262
30 254
30 118
30 46
8 256
187 256
170 256
59 168
51 261
51 176
51 274
183 194
50 90
218 289
271 289
159 289
37 144
161 188
189 298
202 226
242 298
17 226
140 234
136 226
61 140
107 156
79 284
53 193
131 154
71 193
134 154
64 193
108 119
108 179
108 296
3 154
208 213
11 107
11 100
11 91
76 277
96 248
227 248
25 85
25 231
36 240
72 105
34 248
137 277
139 182
240 285
240 241
149 182
25 78
32 72
31 277
182 229
72 199
131 228
38 143
105 143
222 268
162 222
65 69
65 293
164 266
164 216
97 290
35 290
257 258
258 275
55 94
106 249
113 144
56 104
165 245
167 211
13 221
57 66
57 81
237 238
59 249
60 62
233 291
60 121
28 239
113 220
113 250
114 145
39 211
120 145
16 221
122 151
151 161
239 294
2 270
41 57
249 269
141 145
254 270
22 49
63 245
201 246
200 224
196 200
38 101
90 92
92 117
80 94
94 223
4 49
211 243
221 259
74 104
9 151
73 246
183 270
101 235
60 286
104 124
103 197
103 191
103 150
68 233
180 237
70 92
233 263
101 287
98 219
56 219
171 267
163 171
111 171
213 284
45 282
126 163
112 129
112 174
33 169
163 292
51 112
20 169
45 146
112 146
192 252
123 269
123 166
215 267
112 156
79 212
102 163
111 133
112 175
99 102
15 273
21 215
215 252
45 154
86 158
210 264
152 273
89 230
19 158
45 182
45 248
75 89
26 194
29 30
155 260
102 276
207 278
77 260
110 279
23 230
190 225
26 232
21 148
163 247
247 253
37 133
140 204
72 126
19 184
15 225
23 47
5 188
50 168
232 256
193 278
108 278
49 192
212 246
217 256
77 200
51 84
148 240
110 245
184 237
25 217
84 277
228 239
