10.160950
2504
39
1647
79741
150 243
26 226
128 177
102 184
139 171
149 239
41 67
47 112
5 14
207 238
204 206
23 120
5 19
19 100
17 19
58 94
194 211
103 144
158 186
76 139
16 215
46 248
83 241
135 188
85 237
83 146
146 177
146 162
53 146
124 132
50 136
56 189
29 138
98 234
217 239
133 242
47 168
125 217
48 233
41 168
160 242
158 233
148 217
38 233
56 196
31 200
89 106
96 132
96 243
96 227
138 205
54 76
94 198
175 198
121 198
116 231
117 147
92 226
153 159
63 197
22 71
36 105
105 207
105 149
105 128
15 40
118 185
2 9
9 26
18 52
40 172
80 172
172 213
172 193
112 190
71 190
221 246
93 97
97 220
129 141
100 129
88 154
87 214
87 150
88 173
80 249
24 225
134 249
77 249
21 87
67 225
113 156
172 231
15 35
23 157
157 212
76 120
91 234
91 136
19 61
121 219
188 219
242 244
19 169
8 42
72 76
64 165
166 178
166 216
166 245
155 248
30 155
113 244
31 96
117 168
33 93
33 42
76 147
126 247
146 218
9 10
8 223
64 223
179 201
144 187
187 238
103 169
87 204
140 164
4 59
36 59
24 151
151 176
10 249
119 198
95 225
1 85
37 43
37 193
12 209
119 126
16 58
164 242
7 61
1 45
45 65
89 163
43 163
98 218
68 86
107 152
107 229
49 99
99 228
99 232
63 104
137 189
170 209
170 191
101 114
114 194
44 78
44 232
122 135
122 146
97 247
76 135
13 14
13 201
13 206
35 179
50 185
164 198
99 231
62 199
62 101
109 182
109 215
116 197
27 68
7 45
52 161
145 161
6 211
142 167
142 202
142 235
32 127
32 230
110 165
183 210
171 183
108 183
110 203
28 180
28 145
28 130
25 110
174 236
20 222
11 153
11 75
11 73
57 224
57 70
57 66
55 82
51 222
81 236
82 240
38 82
65 205
186 217
6 221
190 246
9 27
111 143
39 111
69 111
90 216
90 240
92 137
53 208
60 208
3 74
74 181
123 184
123 191
123 237
46 233
131 199
131 229
34 195
115 192
152 192
18 72
88 185
86 236
159 196
118 222
31 195
108 250
3 250
84 202
84 224
19 79
57 124
22 32
79 111
