28.340572
6742
89
3050
45891
29 114
61 380
297 411
71 327
74 97
288 387
180 204
56 364
102 205
394 423
239 421
39 448
330 336
201 418
157 267
233 290
138 184
196 437
370 374
12 309
309 427
146 309
349 354
349 372
301 349
251 356
43 234
126 318
50 170
113 420
73 227
17 227
195 227
261 346
113 261
25 261
52 390
52 317
52 239
52 229
52 131
31 52
284 444
176 284
101 284
243 284
281 445
371 384
371 424
55 371
142 371
231 251
231 352
127 231
58 268
63 189
95 329
191 195
220 280
168 385
168 282
168 218
141 280
248 376
248 430
254 409
280 322
306 409
18 409
121 394
264 422
169 181
215 243
89 419
115 296
30 147
188 266
175 208
122 303
303 421
46 241
185 374
146 185
111 346
180 361
173 403
173 391
114 351
189 199
351 373
199 317
260 351
361 447
361 436
44 199
427 446
204 289
19 49
49 279
49 341
51 398
51 422
51 429
369 378
311 364
53 236
53 277
53 354
214 289
235 249
194 246
116 249
247 446
249 296
194 381
252 446
33 378
136 194
268 289
175 378
229 311
29 53
166 311
17 295
314 330
222 314
170 349
23 220
197 413
7 211
162 413
132 159
18 47
24 174
72 159
232 257
92 257
54 84
159 416
257 450
89 174
87 211
211 423
257 302
47 310
47 331
47 400
48 56
84 405
48 367
48 403
48 404
174 380
84 307
84 237
14 159
357 413
286 417
109 169
67 358
16 242
179 242
242 302
132 242
37 103
37 219
309 375
105 292
105 432
74 313
123 313
44 383
372 383
383 438
202 342
109 349
86 184
181 280
176 333
187 328
106 187
187 234
295 392
64 177
177 307
156 362
297 362
143 407
3 377
147 148
271 393
200 387
263 292
148 203
96 200
34 141
144 393
31 200
304 393
377 411
34 112
163 341
131 377
163 353
34 139
76 336
76 448
211 392
110 309
332 409
305 349
409 437
13 267
13 335
13 318
164 237
120 124
164 288
164 434
124 196
124 201
154 168
88 253
227 326
227 337
250 287
287 443
287 290
305 420
382 414
321 433
12 321
231 386
41 338
143 291
221 424
415 447
415 425
41 285
230 325
41 138
135 160
210 265
27 363
6 117
130 428
117 179
233 428
172 396
1 80
10 26
35 221
9 298
36 117
396 418
125 440
125 308
39 125
165 212
276 359
66 221
209 291
27 95
210 241
85 449
85 216
1 299
188 325
27 73
90 312
158 415
26 395
212 401
78 149
78 137
77 406
71 312
291 327
312 388
45 276
213 298
104 384
104 300
104 294
151 210
102 396
100 428
21 298
2 77
160 293
65 325
43 231
97 140
140 348
42 309
191 356
343 345
224 319
62 340
70 91
161 278
60 68
167 324
5 244
68 178
68 355
244 435
340 408
11 244
340 426
258 278
91 315
91 192
324 344
171 319
270 278
320 324
226 319
79 227
75 193
246 272
19 272
43 280
52 198
190 412
61 412
349 439
205 339
334 339
339 433
98 281
98 368
152 350
259 350
118 450
118 152
38 153
153 157
57 283
199 332
144 275
186 275
107 119
107 444
32 213
32 440
262 371
40 88
128 198
15 150
15 417
20 277
20 228
322 402
273 410
155 402
273 274
103 273
168 261
441 446
386 399
110 133
40 305
253 264
22 225
215 227
337 389
83 116
83 304
94 284
58 442
81 248
343 446
37 67
23 59
206 238
108 371
365 439
311 382
409 442
82 441
280 379
283 333
49 93
93 378
351 358
59 242
365 366
238 378
81 366
51 223
121 269
28 347
262 397
79 206
63 225
115 128
46 284
69 377
69 263
42 134
108 215
370 407
183 248
129 183
303 316
266 269
431 445
360 379
126 256
28 49
202 326
129 255
231 413
174 414
13 154
69 428
76 223
286 316
419 431
99 286
8 30
193 343
245 313
86 99
215 313
8 111
182 256
207 261
145 284
323 371
212 316
1 129
85 182
78 439
133 240
276 347
77 360
8 26
57 324
255 319
8 91
4 263
160 217
217 323
4 340
68 207
145 278
240 244
