56.241463
1
131
332
24160
72 238
180 476
158 492
28 273
32 268
330 458
209 499
317 411
279 442
194 309
55 82
251 451
77 265
60 136
66 216
150 277
277 359
277 360
277 404
71 277
165 293
146 165
165 166
165 210
53 139
45 349
151 364
351 478
184 409
173 496
334 456
173 426
173 182
323 477
283 334
281 323
85 409
120 323
106 334
409 475
194 350
208 350
117 444
117 390
31 160
350 353
350 469
353 389
389 433
117 276
25 117
362 389
29 87
49 102
164 472
164 210
61 264
61 295
333 408
49 152
49 234
49 360
333 468
192 333
27 61
75 164
145 456
182 403
291 449
291 392
17 249
17 174
17 67
248 291
17 331
226 291
132 137
159 163
163 393
163 375
163 262
95 180
95 225
95 414
263 327
260 384
219 453
110 425
233 306
68 324
226 352
260 279
72 346
199 327
110 411
143 176
166 342
121 445
81 487
78 110
224 260
424 445
7 487
144 342
60 176
249 352
244 306
243 461
241 487
243 435
243 247
202 487
337 346
33 101
16 352
325 342
15 445
94 488
176 386
101 418
306 466
176 371
129 260
44 294
44 347
44 420
44 444
299 488
151 488
90 306
391 445
288 327
219 303
219 416
342 458
30 346
28 110
20 327
101 236
99 184
201 405
183 413
201 351
198 273
181 186
188 427
198 221
122 422
181 288
198 209
103 455
106 340
181 268
371 455
298 427
162 340
335 494
32 308
340 429
25 413
157 494
22 400
22 272
22 216
66 308
141 201
150 422
12 495
12 485
12 149
412 413
427 476
455 486
464 494
253 280
50 253
253 384
126 422
271 308
200 431
123 431
238 431
317 450
19 450
265 348
322 348
51 348
105 130
76 130
88 436
79 88
88 245
130 310
11 292
11 235
77 189
11 375
86 189
189 287
82 179
179 218
372 385
197 385
251 385
58 65
58 139
171 207
148 491
148 443
2 93
148 441
155 215
169 314
153 483
156 177
160 178
161 168
178 309
161 437
175 369
175 341
175 286
357 387
302 312
302 421
302 459
304 305
311 479
313 343
314 473
316 354
318 332
320 462
329 354
343 493
355 394
355 397
356 428
297 489
365 467
373 434
373 466
395 442
399 406
401 489
402 462
410 462
415 440
438 489
447 470
448 463
467 474
467 484
215 345
190 314
193 242
193 380
193 423
195 229
195 330
203 355
205 499
205 500
207 382
207 432
212 255
213 387
214 300
214 377
185 332
217 250
220 363
222 332
223 463
227 246
227 259
227 482
231 241
240 387
252 266
255 452
258 399
266 497
289 463
45 52
104 395
52 419
52 398
48 178
107 381
107 417
108 231
109 343
47 470
111 136
111 167
112 138
102 255
42 156
41 250
40 339
40 257
40 97
114 479
115 304
38 358
37 161
35 424
35 68
69 191
84 479
83 471
80 107
78 91
89 205
91 278
74 415
73 231
92 170
92 230
69 379
38 439
62 220
59 354
57 481
57 321
98 428
57 285
56 250
55 471
100 256
100 270
100 451
6 373
125 367
128 220
23 92
131 156
9 470
138 344
132 195
133 239
13 43
127 471
21 214
8 395
133 457
18 483
133 480
135 483
13 307
13 206
124 261
2 228
1 35
2 267
3 111
140 215
29 91
4 38
26 407
124 282
26 172
5 69
124 465
26 158
125 154
34 428
125 319
24 138
53 165
202 388
290 333
70 245
14 105
14 419
70 485
53 478
149 368
211 244
131 211
335 368
277 346
101 290
219 290
290 490
117 370
87 409
53 445
31 61
117 164
364 454
118 336
232 323
31 269
173 204
31 204
53 427
61 145
110 364
95 323
328 350
137 336
173 243
352 389
196 219
220 290
290 471
193 290
277 498
99 349
165 378
254 389
370 446
315 346
340 364
31 187
315 490
260 403
101 145
196 201
376 446
147 403
113 334
38 53
96 352
306 328
49 430
237 454
326 333
232 308
396 490
274 409
145 348
10 488
460 478
119 196
176 383
366 478
31 296
46 145
88 403
163 430
96 338
116 396
142 164
53 388
118 385
301 376
332 403
138 328
63 487
338 383
64 243
2 324
54 494
187 304
22 134
36 237
133 383
383 483
374 422
39 253
181 284
250 430
107 326
113 175
116 361
54 479
378 399
266 274
119 275
57 134
302 460
13 63
284 467
207 361
142 343
142 470
215 275
296 428
462 498
148 275
214 284
36 92
64 354
39 125
39 355
314 361
64 69
40 275
124 498
26 36
366 489
296 463
227 366
161 366
374 387
374 415
