10.330527
23
25
13
240611
2 49
57 69
82 99
30 93
35 96
68 91
2 9
9 62
9 58
46 72
68 72
20 72
84 89
1 12
12 97
10 12
36 80
24 36
37 78
38 67
13 78
30 36
11 40
11 70
11 45
11 35
55 67
75 78
67 99
67 84
3 76
48 76
76 96
28 53
94 98
77 90
34 71
71 86
69 94
41 51
42 65
43 94
44 65
65 74
63 77
50 71
51 64
53 66
5 51
26 53
8 77
27 56
39 82
14 33
39 91
16 39
47 92
49 73
55 83
56 81
7 57
7 23
7 17
70 95
73 100
73 87
33 93
29 32
29 54
18 95
83 88
31 95
21 47
22 83
33 61
4 89
9 12
12 89
36 72
52 72
4 19
76 89
4 6
89 94
4 79
9 59
78 79
36 85
12 27
15 52
15 25
25 51
19 60
53 85
59 65
6 47
60 71
77 81
27 29
