46.502181
4657
115
3105
19698
129 250
188 206
18 254
21 363
233 476
243 314
166 485
141 324
258 275
136 145
7 400
297 473
90 224
96 357
100 190
2 282
106 295
340 412
50 78
122 123
168 236
123 267
414 443
185 414
19 236
187 376
123 339
123 450
322 414
227 376
236 388
293 357
154 391
154 318
251 293
140 154
258 421
27 421
284 298
197 212
298 329
298 371
300 421
113 154
106 165
61 212
165 197
218 293
154 498
212 457
212 291
175 421
172 298
165 454
165 395
165 290
151 248
355 383
99 101
355 370
101 429
355 472
43 480
224 360
119 480
250 360
138 360
141 480
182 249
200 307
229 477
134 174
134 338
134 445
89 477
88 134
78 134
476 477
37 477
130 301
179 253
179 344
179 398
179 432
92 439
92 230
341 458
341 401
341 400
84 492
374 419
119 301
81 246
120 301
79 492
76 301
75 341
304 333
304 366
304 386
25 92
152 246
36 470
462 492
211 374
210 470
413 470
22 220
22 194
14 470
170 246
374 466
22 150
15 92
85 131
111 447
111 281
208 410
208 436
208 499
109 239
56 109
55 103
109 418
103 251
103 147
205 208
111 473
12 103
109 367
290 479
17 75
120 255
127 238
261 422
328 342
28 257
8 342
110 434
110 450
33 275
28 398
277 325
191 242
369 382
351 382
346 474
183 342
242 327
52 110
346 397
242 347
33 278
110 147
4 33
171 242
185 342
382 489
382 435
28 159
28 172
188 346
33 426
349 427
227 490
259 452
107 446
245 407
95 135
158 228
95 460
107 274
95 491
158 401
23 130
407 417
402 490
32 129
102 264
21 427
32 69
117 149
61 107
60 490
59 490
117 465
32 235
261 427
117 131
3 272
295 407
125 456
125 371
294 321
308 428
294 496
395 428
65 363
65 343
214 296
428 500
4 65
124 292
292 356
184 449
190 198
44 198
184 365
184 277
265 294
198 266
202 225
202 269
2 214
202 347
20 214
210 279
217 376
57 451
46 358
47 373
361 437
180 358
133 437
350 373
334 453
331 442
45 334
305 451
126 411
6 459
67 314
71 176
71 178
71 368
167 403
148 451
153 483
153 498
442 481
437 440
160 345
163 358
164 345
177 271
167 495
40 73
399 459
40 289
40 316
389 411
67 273
241 271
11 192
247 431
287 442
203 493
114 334
30 82
247 387
247 299
97 373
116 231
231 353
231 335
31 441
16 192
216 364
216 362
31 112
31 105
213 216
77 203
10 153
9 67
86 203
280 411
262 345
82 468
271 352
192 433
29 167
270 459
82 145
313 376
236 313
254 372
324 372
182 372
420 444
405 420
127 420
143 462
143 496
157 307
7 157
212 313
1 74
1 230
217 360
128 206
128 423
63 282
63 351
90 494
94 381
94 248
93 425
256 311
257 317
27 173
96 98
26 201
259 425
88 121
136 226
137 378
137 415
83 404
169 226
121 268
201 310
201 430
115 237
209 482
221 482
13 497
100 478
232 384
13 297
13 87
233 482
98 240
189 406
237 456
237 484
18 461
98 222
186 448
137 410
413 478
38 359
54 338
54 68
53 94
263 475
38 418
3 226
340 494
48 173
38 244
379 461
380 404
384 464
391 494
394 406
41 186
406 485
408 425
66 317
264 478
276 416
34 416
74 302
286 317
166 173
70 263
5 54
64 121
302 409
302 488
311 487
312 461
315 404
25 252
252 319
19 303
377 397
336 337
104 204
243 337
207 306
204 390
204 370
323 337
35 62
37 62
199 377
132 306
162 377
101 313
91 421
154 438
51 101
24 298
42 236
146 376
151 421
50 125
293 320
219 313
246 376
22 414
179 438
414 463
39 150
39 53
23 142
298 477
212 374
315 354
26 195
235 354
122 195
146 480
155 375
72 480
165 283
330 360
111 375
42 341
142 198
65 142
51 234
24 118
102 123
330 492
313 420
309 428
304 463
144 293
375 392
102 375
311 313
309 486
109 161
193 320
82 91
196 467
155 393
142 377
196 393
146 452
125 355
238 332
134 396
95 492
103 455
85 407
161 219
92 139
139 374
260 293
375 469
288 479
272 348
355 424
184 283
49 144
382 396
223 246
181 304
156 470
17 202
215 301
72 416
285 348
80 325
326 332
247 422
67 325
325 442
71 325
208 326
392 451
49 459
102 437
279 292
186 455
108 346
58 214
49 384
407 471
58 411
40 260
167 181
203 469
223 358
156 271
334 424
215 231
108 216
192 471
326 373
31 471
80 385
345 385
263 285
303 306
