44.083924
36491
103
9570
57884
47 253
238 376
54 324
119 378
59 317
117 168
75 249
99 106
127 265
174 316
338 372
3 179
184 332
152 323
2 31
88 187
23 42
42 81
12 178
145 389
364 389
273 389
191 389
6 206
142 212
278 293
278 379
263 278
48 278
30 141
89 138
89 139
141 314
237 311
141 332
237 329
89 362
47 161
52 71
382 398
258 382
71 330
161 284
161 293
285 382
237 282
17 237
211 382
45 141
15 71
297 377
153 397
257 272
319 386
75 231
58 378
58 150
76 231
144 386
58 77
176 325
247 397
176 291
1 397
198 297
109 122
17 176
103 231
120 257
354 386
21 287
214 397
257 316
106 109
110 297
109 296
224 335
230 305
84 230
230 275
164 230
160 366
155 215
28 310
155 187
155 165
101 234
154 234
234 239
276 307
119 292
288 376
222 350
46 62
174 288
167 223
223 318
72 366
32 238
32 340
33 72
350 369
253 288
151 363
57 292
27 292
10 62
24 32
21 223
127 350
151 305
72 333
151 168
92 255
118 193
113 321
118 137
115 217
74 349
259 315
260 295
129 246
146 264
130 209
95 245
136 331
98 203
128 163
100 152
91 286
91 97
126 331
146 210
78 189
123 203
146 336
105 177
87 254
86 100
147 351
148 266
82 91
118 205
295 324
194 315
370 371
368 395
38 254
177 345
9 189
36 317
36 279
242 349
35 192
35 175
35 79
34 36
189 267
190 321
351 360
177 252
197 313
197 358
226 368
201 266
22 298
204 290
207 321
18 391
209 283
18 125
16 18
14 295
219 368
236 344
217 375
51 294
69 266
298 355
309 390
4 204
315 381
5 128
229 254
64 204
61 331
60 203
320 390
248 298
55 100
51 328
349 399
228 370
343 351
341 370
227 246
172 344
245 300
245 387
170 217
246 304
166 197
7 209
49 128
50 390
326 344
51 200
215 241
2 149
70 339
339 367
45 339
149 235
149 393
65 90
65 265
65 357
107 158
39 107
40 107
199 338
179 199
233 322
59 270
13 269
44 133
44 289
162 232
322 383
54 392
159 384
249 308
156 380
37 181
66 274
308 385
303 337
83 270
85 384
88 181
220 392
142 361
188 347
20 356
20 323
20 251
26 184
196 274
240 346
26 299
29 392
208 268
156 310
208 277
183 400
183 342
183 276
13 348
181 256
180 303
178 232
280 383
270 306
361 373
99 188
225 384
131 361
374 383
1 26
135 188
124 346
274 364
140 156
93 303
232 302
104 308
53 63
3 53
40 216
19 67
121 394
169 173
169 285
56 121
31 121
169 372
67 117
67 224
105 244
93 244
359 386
12 297
6 25
42 160
353 400
85 353
42 102
42 221
185 389
111 359
261 278
281 359
212 231
111 389
58 71
109 132
132 297
223 359
6 250
176 287
243 397
12 182
359 368
36 359
218 365
12 334
261 365
143 161
108 161
6 327
12 112
186 221
96 186
12 352
250 382
89 271
25 73
73 132
108 386
43 243
155 257
102 257
160 195
43 185
32 132
212 331
25 151
6 233
41 237
212 213
176 307
261 349
209 261
25 298
100 261
25 295
141 388
28 43
96 396
114 278
71 114
18 287
11 281
189 243
121 212
243 351
35 287
243 262
43 271
132 346
116 241
171 231
89 312
116 157
116 202
116 213
234 327
58 80
11 62
160 245
28 177
102 204
11 321
8 396
134 230
155 301
13 28
94 143
41 390
92 388
182 203
157 217
157 246
68 288
112 197
94 350
202 344
114 266
62 216
8 146
254 352
301 315
80 118
68 370
128 134
44 262
51 94
91 312
171 208
