32.037150
10570
96
101
41765
309 485
113 439
207 231
74 278
283 343
284 487
53 334
26 463
123 313
234 275
171 460
173 492
198 302
22 433
183 435
184 378
64 223
159 400
235 291
225 354
131 488
46 382
252 257
125 464
253 276
98 420
85 423
271 379
295 393
265 477
84 355
163 244
89 450
315 333
48 373
88 409
105 122
330 401
7 318
139 390
139 494
33 139
204 312
60 391
152 329
145 283
145 448
339 392
430 472
75 294
70 75
193 449
90 142
142 359
142 489
139 209
82 115
247 325
304 325
50 432
30 96
30 117
30 358
278 341
275 412
79 412
49 341
39 146
4 395
4 261
4 57
147 380
235 412
323 341
341 424
380 418
121 380
308 380
241 361
59 170
220 324
427 439
338 427
230 427
126 213
213 286
175 213
73 254
29 73
213 285
100 159
73 477
73 495
100 236
100 333
399 427
100 339
10 313
10 297
10 218
322 378
322 459
128 322
114 322
307 322
195 201
139 203
142 422
39 150
210 418
127 190
119 127
38 248
248 407
243 294
280 396
229 264
118 402
173 397
207 281
53 397
92 120
23 326
120 484
64 326
344 476
120 373
68 271
68 287
69 281
12 68
379 397
113 476
144 476
467 499
480 499
234 281
218 326
98 499
35 186
35 370
191 192
387 445
386 491
19 225
19 319
19 384
395 445
196 445
319 445
318 431
182 386
414 431
316 386
31 386
229 386
163 431
3 179
97 121
40 75
54 384
178 381
190 381
75 84
112 250
172 223
164 453
453 454
354 466
375 438
94 336
450 466
129 466
74 438
76 266
38 453
143 266
112 421
44 465
77 212
107 453
112 444
185 479
212 331
212 349
291 438
292 314
292 473
55 130
55 131
55 237
266 348
20 185
187 496
187 458
187 358
172 258
185 428
18 187
332 438
115 292
44 419
172 276
172 272
94 259
44 116
94 306
14 55
280 388
352 388
52 472
153 208
86 498
89 142
7 139
224 255
160 224
224 327
224 413
152 169
145 416
16 300
16 430
52 325
103 200
105 145
156 380
99 357
101 427
78 351
231 351
11 351
23 140
140 353
36 140
152 446
41 406
123 406
346 406
99 303
303 355
75 368
88 449
110 325
145 402
145 330
268 374
268 423
122 277
277 497
30 315
393 466
100 265
54 209
31 350
106 175
106 133
63 106
158 198
158 171
152 241
149 415
390 415
193 437
382 426
401 481
155 240
426 441
366 409
157 366
324 415
228 399
197 274
299 437
197 455
206 487
267 342
252 437
481 491
245 267
240 320
24 180
50 206
6 481
90 267
102 228
24 345
24 258
290 410
108 216
216 420
119 216
326 422
174 392
103 292
48 73
199 407
199 262
129 199
368 432
156 249
208 446
4 416
30 368
65 417
325 330
210 371
203 249
87 260
97 361
40 227
28 499
28 386
191 248
102 377
65 100
118 213
150 481
227 244
214 302
232 483
232 328
167 238
26 214
132 167
58 464
167 391
58 289
58 255
126 232
125 214
320 490
22 490
110 200
204 412
32 184
32 309
32 387
215 343
215 462
39 87
91 282
260 449
137 456
137 284
19 270
13 279
194 222
217 365
21 217
362 471
161 288
217 435
56 288
13 305
154 434
154 404
13 443
222 335
226 288
135 470
222 452
135 436
135 211
134 154
246 471
148 471
130 205
205 295
205 239
145 364
95 256
311 347
93 500
251 301
6 347
316 398
81 398
46 301
200 394
262 263
263 433
39 60
251 310
107 310
29 42
42 363
2 188
188 492
188 312
425 449
34 170
34 408
360 478
478 488
152 457
169 476
104 403
236 403
51 168
51 441
87 91
65 397
101 138
224 270
307 317
37 375
317 369
37 136
47 429
308 447
298 451
43 61
37 45
1 162
124 482
9 181
385 447
367 447
76 482
162 242
162 257
72 461
85 451
141 482
400 451
72 202
72 168
442 475
67 405
176 405
323 405
181 334
189 317
321 429
61 372
62 475
86 269
83 221
468 493
83 463
269 389
111 493
80 179
80 293
83 296
80 474
15 269
8 219
71 493
27 273
66 219
273 486
273 290
201 219
25 449
109 468
33 109
82 340
152 337
5 185
192 233
195 425
5 357
3 142
4 356
174 197
212 364
233 440
59 466
93 394
112 220
410 425
35 243
25 177
166 396
151 427
44 127
94 356
266 337
35 166
282 429
266 498
376 425
165 417
39 469
17 412
440 475
151 288
177 411
154 350
138 383
95 377
222 411
217 376
469 471
13 17
135 383
61 165
