15.750324
19105
43
25
54723
10 110
24 65
136 143
135 164
61 162
41 81
94 123
11 92
102 154
92 138
13 102
59 60
59 109
59 123
59 157
79 176
79 120
79 94
9 93
93 169
93 101
22 93
37 38
51 104
108 158
33 108
99 108
87 108
40 113
40 173
2 160
38 103
70 73
61 141
35 141
34 164
46 117
34 41
30 34
117 150
143 160
109 141
10 117
98 103
96 160
17 73
83 103
25 98
88 121
125 131
124 125
1 125
19 116
82 99
101 167
80 167
72 167
138 156
134 136
127 173
62 168
127 151
44 67
113 156
62 148
68 156
71 127
11 134
20 42
14 132
14 57
35 62
20 65
14 129
3 74
31 146
29 146
3 146
48 53
6 48
39 48
27 89
64 106
115 162
114 118
28 115
88 100
118 126
122 140
85 122
12 144
75 91
5 24
18 77
5 54
100 110
77 180
118 135
5 159
95 115
8 56
91 104
91 116
144 165
153 174
43 106
50 100
33 106
161 163
8 67
161 175
57 122
8 26
7 171
36 52
32 52
152 155
16 49
84 178
97 170
119 178
21 178
58 152
55 171
52 90
4 170
23 171
49 139
49 107
142 152
133 170
105 177
149 166
47 149
27 149
81 105
69 105
79 93
34 92
37 78
59 160
39 45
45 126
92 147
102 172
79 103
86 145
59 82
14 92
102 127
34 51
62 145
73 108
73 76
76 117
74 102
63 147
125 141
111 130
25 112
160 179
20 111
63 128
20 117
44 125
66 79
15 128
73 89
108 137
141 153
40 171
40 178
121 161
15 170
19 77
44 144
52 153
137 152
49 66
