39.840905
27745
103
21962
37979
187 439
137 389
242 380
154 319
230 265
262 428
80 271
193 388
318 410
190 234
335 419
71 176
6 150
56 136
16 27
48 181
354 431
363 421
214 442
79 229
229 383
229 443
229 323
18 229
4 229
42 229
20 392
19 20
20 121
124 266
145 295
145 245
134 145
2 322
101 198
78 292
78 186
78 90
40 351
351 379
198 362
322 420
322 338
286 322
268 351
217 351
266 422
266 395
258 266
259 266
38 255
156 379
344 368
130 187
130 289
242 287
96 287
92 130
231 287
203 358
172 437
180 275
343 358
180 368
422 437
430 437
180 380
235 317
28 172
31 252
31 355
31 270
15 171
294 402
157 419
157 193
157 169
225 445
59 177
59 137
175 263
27 225
113 402
56 425
80 402
115 259
50 59
284 350
48 284
284 373
240 406
14 216
103 141
14 39
244 264
244 273
246 425
30 141
235 316
175 254
175 237
62 157
13 406
171 297
171 251
171 248
165 425
265 284
65 204
14 361
91 204
26 205
21 141
115 279
204 443
204 239
222 244
26 47
82 225
26 371
23 425
93 406
148 316
115 413
192 316
115 314
22 128
24 450
15 161
44 98
44 167
306 416
44 233
234 306
66 306
114 415
3 192
219 367
319 423
376 423
51 135
135 200
135 352
378 423
390 423
126 342
152 286
195 203
230 342
58 342
191 371
206 376
189 417
101 414
189 285
81 364
81 298
89 153
188 321
268 414
324 438
321 449
36 359
312 438
36 251
36 119
6 321
150 153
4 81
153 388
154 438
131 189
257 414
70 162
70 279
70 293
95 417
102 280
253 334
328 334
426 440
132 277
133 277
129 208
140 432
179 377
142 228
122 393
143 410
143 448
149 409
151 228
158 331
159 440
109 435
163 303
303 325
11 385
61 282
61 138
60 303
11 147
11 71
269 331
55 393
54 432
277 296
52 208
87 440
45 336
45 116
45 105
311 348
8 311
331 434
5 409
363 369
377 444
386 435
63 393
213 228
209 432
208 227
202 377
223 311
76 143
61 446
73 435
256 369
261 409
12 369
67 276
67 183
67 107
9 106
341 349
345 387
272 387
174 387
35 243
178 226
178 318
178 313
64 327
214 327
309 330
53 330
25 401
295 401
307 350
307 320
1 57
57 381
218 262
218 271
46 439
94 390
16 104
283 367
108 283
49 290
94 338
290 362
290 365
77 301
111 326
112 118
112 232
299 353
79 99
46 211
305 405
155 397
112 328
247 288
239 301
99 250
99 291
100 366
241 326
181 427
103 427
104 212
72 125
72 97
201 403
104 415
182 236
182 238
253 301
182 246
168 407
168 394
184 278
184 354
43 447
88 333
128 247
32 69
86 397
25 184
32 74
32 176
33 283
197 247
372 436
84 333
353 357
215 403
346 427
37 405
333 389
43 185
41 398
326 431
43 280
38 72
10 436
146 398
220 366
19 168
94 136
46 169
24 436
53 411
381 411
75 190
75 382
75 442
391 412
18 399
243 412
249 329
249 428
370 399
335 399
120 375
347 375
7 412
34 180
34 358
110 229
29 34
33 356
65 356
145 351
198 322
317 322
68 225
130 429
255 437
20 31
170 345
170 285
315 344
78 175
175 255
171 255
127 141
17 421
17 196
156 406
198 260
34 81
207 316
145 360
130 310
78 123
281 351
3 78
14 110
28 204
29 339
11 34
31 267
267 396
20 164
14 31
225 316
255 404
85 315
244 384
384 402
404 418
141 450
145 400
135 418
44 408
224 266
127 337
152 441
199 396
29 302
22 306
29 300
139 284
139 244
166 287
191 344
59 219
199 221
83 160
281 306
139 260
287 424
153 433
83 221
144 438
20 117
198 409
68 274
198 387
44 224
102 358
210 408
143 344
173 358
353 433
57 144
366 441
310 311
45 310
26 308
310 349
26 35
160 340
339 397
29 332
61 300
219 432
161 403
166 393
208 400
194 321
224 303
164 405
106 424
194 398
304 414
277 308
173 228
117 377
304 369
95 375
331 374
67 332
332 440
374 435
340 374
