12.150966
27738
37
30493
36336
169 205
164 239
49 234
142 231
40 81
137 162
42 101
95 163
150 202
2 19
181 201
83 88
33 219
29 178
6 127
38 120
148 247
148 182
9 38
94 160
38 180
199 214
60 249
97 217
7 147
138 202
70 147
138 191
88 138
113 230
1 229
43 125
82 153
177 230
11 193
50 52
95 189
37 225
225 233
43 225
137 250
197 250
69 209
167 222
172 221
221 240
110 221
85 115
78 221
85 231
85 188
79 147
150 210
30 133
25 155
61 223
30 177
4 163
4 44
4 72
4 113
189 245
161 235
90 161
129 161
56 161
193 216
13 148
55 170
50 105
105 112
5 131
81 131
131 242
140 250
148 223
73 138
28 148
38 246
176 229
119 210
2 147
83 148
16 145
106 215
106 182
106 124
160 206
73 125
147 199
4 145
138 214
1 3
120 122
3 19
26 122
122 242
10 122
102 107
159 207
98 102
159 174
153 159
70 102
69 147
30 79
18 140
190 238
61 226
6 87
101 126
87 162
46 224
76 224
224 249
44 87
87 183
129 224
111 126
28 32
130 144
55 200
104 200
17 200
103 144
85 176
62 232
36 241
232 239
64 192
196 241
71 232
141 192
100 152
53 192
152 187
49 232
152 248
12 241
207 213
158 213
96 213
119 193
7 92
92 123
118 209
99 222
60 128
38 160
75 205
54 80
80 86
80 203
80 236
31 85
118 128
52 108
109 116
116 156
116 167
115 228
68 228
18 178
175 198
65 225
77 185
26 185
31 186
39 68
39 227
9 136
136 247
126 216
23 173
146 173
29 144
34 63
63 172
160 217
219 250
22 243
175 245
38 237
16 108
165 186
67 171
8 244
8 146
99 106
22 170
108 243
59 171
24 135
82 226
183 194
23 194
67 224
117 134
134 233
59 232
80 198
75 179
13 57
57 201
45 169
45 97
114 151
94 151
58 121
47 58
66 190
66 220
48 181
48 204
51 155
51 93
35 42
35 84
62 154
195 208
21 212
21 135
168 195
20 21
154 211
157 166
15 157
132 154
74 89
89 91
33 89
112 195
152 246
14 191
14 47
143 234
27 143
40 218
149 218
41 139
139 164
24 179
25 225
138 241
184 221
157 206
192 221
25 192
184 238
