49.325751
1
117
2109
51332
38 437
63 103
189 398
17 75
312 372
18 22
286 376
64 123
361 384
143 360
8 430
52 215
51 184
230 436
102 139
177 336
162 387
45 176
328 335
204 413
95 309
272 341
199 272
19 272
45 272
302 386
13 128
181 386
128 308
180 386
33 386
3 128
347 421
198 368
246 368
368 419
344 368
217 363
102 363
31 321
188 303
188 381
188 433
221 363
269 370
418 448
232 277
223 232
212 243
40 392
264 369
40 115
40 55
212 400
39 426
39 423
39 185
191 445
127 369
130 418
133 256
383 418
111 418
133 384
141 362
141 395
15 191
16 232
141 404
101 133
97 369
169 232
91 191
87 212
86 210
189 210
191 293
203 210
144 241
124 269
124 225
124 154
241 248
241 321
263 383
29 263
263 380
99 228
27 223
35 304
213 244
132 304
27 334
27 296
202 318
71 244
244 250
229 330
109 354
304 376
308 366
89 112
88 252
21 249
310 358
81 436
81 446
134 142
310 336
305 398
134 294
140 352
305 307
11 81
286 306
178 275
20 442
103 431
155 179
159 331
161 318
23 438
164 366
168 281
18 159
143 249
186 438
178 344
94 280
94 174
178 367
94 139
182 431
17 252
13 161
184 438
52 416
114 134
60 161
131 289
131 195
58 79
131 172
218 305
5 347
54 159
79 278
5 339
228 352
416 450
230 442
252 371
233 385
46 416
5 76
417 442
273 385
77 306
281 319
279 352
112 359
72 281
79 91
201 249
32 366
112 413
69 431
208 385
66 310
65 306
64 179
63 179
76 219
378 403
408 437
150 348
126 408
2 98
138 399
148 261
145 353
340 348
129 163
129 439
129 444
357 408
224 355
200 251
276 394
274 382
270 338
214 266
214 337
270 316
268 274
196 239
226 353
227 271
261 364
257 261
237 284
251 440
251 402
245 271
313 373
151 323
156 274
329 429
166 378
324 378
323 390
175 196
183 361
335 355
183 422
284 311
192 206
192 229
192 441
193 235
193 290
193 410
92 313
12 183
96 265
96 322
67 394
98 282
80 399
93 292
98 435
22 85
93 190
49 399
96 194
85 449
7 214
50 106
107 323
50 137
56 297
85 205
50 260
9 116
105 284
104 329
42 325
1 355
25 271
120 297
37 196
4 297
73 93
26 121
113 313
121 216
42 253
74 329
75 348
116 396
68 394
116 209
121 365
42 388
41 353
61 270
118 326
123 414
152 434
356 434
48 326
238 326
62 414
240 414
215 434
177 301
301 350
14 110
110 387
136 146
19 146
59 372
33 59
173 377
59 320
287 291
36 405
288 405
207 295
220 389
222 312
6 147
47 149
222 333
149 204
222 397
295 314
100 345
149 162
84 309
147 255
147 176
8 291
345 428
84 298
84 259
158 389
82 405
24 173
197 409
328 343
299 360
165 343
10 343
236 409
234 299
38 409
299 332
267 354
78 267
142 374
391 407
51 391
53 391
90 317
90 415
83 233
157 272
187 319
82 153
160 289
153 280
14 160
187 422
157 188
272 363
351 401
34 351
125 417
238 412
25 125
350 412
210 386
188 211
258 300
95 244
95 117
191 211
141 211
232 421
141 368
124 421
211 254
95 306
157 393
40 212
109 421
133 369
95 170
112 258
5 258
31 202
44 272
157 183
157 326
171 258
116 128
258 261
421 438
117 210
330 369
300 304
124 241
109 135
254 263
157 374
242 263
352 370
28 283
386 420
99 242
128 424
254 342
28 342
31 121
31 270
94 167
363 427
39 43
133 432
368 443
31 295
40 231
379 418
167 349
212 346
254 425
122 131
70 416
117 348
117 353
129 330
241 247
119 330
108 366
108 385
122 284
27 447
70 98
70 327
202 375
202 315
43 393
262 313
262 355
192 262
262 327
179 432
70 409
90 122
44 297
93 425
128 351
274 432
81 247
171 231
219 285
159 375
42 231
30 249
50 427
57 252
178 411
214 247
196 315
251 346
43 345
323 375
315 329
43 299
399 443
193 420
96 424
30 378
57 394
291 447
379 389
285 406
173 411
