35.775116
1
90
934
32782
272 328
53 179
216 286
22 170
110 159
31 246
152 215
82 224
96 261
98 130
58 108
59 115
4 162
288 316
41 54
61 257
100 229
83 319
204 344
285 296
158 296
155 296
296 308
176 296
192 206
192 224
192 248
103 192
21 79
21 62
21 56
21 234
55 330
39 174
39 113
39 89
39 60
33 39
107 346
110 149
18 24
92 98
149 319
92 302
48 57
57 225
57 294
172 237
2 24
24 115
24 152
19 92
22 149
66 302
117 193
161 315
109 315
60 226
164 203
228 278
155 226
154 349
154 272
154 257
95 193
203 322
203 254
193 236
12 226
8 315
232 262
11 238
276 327
112 290
127 251
50 233
123 218
111 253
50 156
50 130
138 312
53 337
120 168
69 108
69 74
91 293
20 68
20 61
20 45
218 285
16 218
14 138
229 293
11 178
163 290
90 317
253 276
282 337
283 307
286 290
3 251
317 330
88 307
214 337
168 202
69 331
178 264
96 138
73 82
73 270
32 178
31 293
73 274
26 251
77 253
213 317
133 275
146 295
80 133
146 215
5 146
104 139
116 244
104 306
104 223
100 244
345 348
86 266
209 350
175 260
175 273
183 239
185 247
186 191
190 240
191 263
191 303
171 247
239 245
241 348
247 284
266 333
268 350
297 338
335 350
338 341
136 314
122 160
124 187
124 231
124 309
126 219
126 329
129 240
136 194
121 240
136 340
145 266
153 181
153 197
153 288
160 222
160 258
169 244
65 326
43 271
67 208
43 347
67 207
67 72
46 166
46 167
46 267
43 125
51 182
51 210
63 318
63 189
63 101
52 348
58 326
9 338
10 27
10 106
10 195
13 126
30 175
17 326
23 239
28 51
77 310
137 289
137 316
291 311
221 281
15 78
150 313
49 79
147 336
49 83
143 212
2 177
228 320
269 336
54 102
40 49
33 97
6 328
177 259
6 134
6 42
165 180
38 249
162 249
47 320
41 105
159 281
148 291
29 180
196 212
199 281
44 78
4 70
85 177
118 140
118 170
70 344
118 201
1 342
97 243
97 261
1 81
99 313
78 119
70 75
114 249
93 172
76 291
102 128
102 301
103 336
105 325
93 299
93 216
320 334
105 230
87 179
217 256
7 211
87 339
7 246
59 256
71 87
256 332
7 279
204 278
55 296
35 204
148 198
3 198
128 220
220 232
199 265
248 252
123 252
135 235
34 107
119 265
26 34
21 324
204 218
204 337
144 226
144 154
92 203
203 323
141 323
57 141
192 205
57 262
292 323
35 149
141 278
55 300
55 178
144 290
227 278
92 305
307 323
55 160
43 144
94 324
193 205
205 315
157 227
188 315
132 192
280 346
66 321
154 327
21 250
323 326
51 66
10 237
66 104
66 350
153 237
24 287
278 280
25 238
64 292
131 253
251 298
36 226
300 304
168 304
133 298
141 247
131 173
39 184
151 193
37 94
25 287
157 255
50 343
142 343
244 305
37 63
84 191
188 200
84 200
36 348
136 287
205 212
235 296
277 293
1 37
84 313
142 242
132 175
124 151
126 250
242 338
67 184
46 277
184 266
239 277
240 242
180 310
