7.399390
51556
28
45687
59643
77 91
74 114
79 119
83 139
38 86
15 86
47 55
82 136
68 136
61 136
26 150
25 84
3 84
31 84
111 168
21 94
105 171
10 88
39 151
106 151
118 151
96 151
82 151
113 144
155 156
89 131
12 115
7 62
148 152
56 164
164 176
162 164
33 52
9 123
29 91
29 58
38 134
73 134
98 134
103 138
127 136
49 86
53 84
13 109
13 117
50 128
13 175
50 96
50 87
57 114
131 134
60 153
25 28
128 160
28 180
102 160
139 160
28 140
65 136
12 27
27 137
27 98
27 79
16 86
117 169
45 147
67 84
27 94
136 159
135 174
84 163
121 126
126 165
36 136
20 32
20 152
60 72
19 51
51 141
66 124
56 66
46 66
41 179
41 113
35 120
34 41
30 66
5 41
103 120
120 165
106 120
54 86
78 83
78 86
14 136
7 147
115 163
1 129
1 157
1 155
53 123
24 67
119 169
36 69
68 112
70 112
76 80
52 80
97 137
23 97
49 144
54 143
6 87
6 43
4 62
4 30
4 71
89 153
45 93
65 161
166 177
15 177
130 159
49 154
21 93
161 171
100 121
70 133
95 133
18 99
18 90
2 125
32 42
18 76
64 107
64 105
55 64
2 145
8 42
11 73
11 81
11 173
44 133
42 132
24 108
138 150
16 85
92 108
49 146
29 69
92 168
148 151
104 154
33 130
88 146
111 172
167 172
101 170
74 101
1 86
22 63
135 143
77 110
48 110
59 178
29 122
26 37
37 142
17 158
75 116
75 149
10 158
40 158
57 144
14 22
51 63
47 178
2 122
75 156
