5.038737
92007
18
1053
167223
24 43
74 75
57 101
65 70
53 61
3 6
47 52
32 46
69 91
4 106
113 116
83 90
90 93
90 96
37 90
59 75
59 76
19 59
59 98
22 62
4 88
54 90
37 42
42 67
76 79
79 99
79 97
23 42
23 79
63 72
4 91
21 85
83 85
28 85
42 108
53 80
90 94
11 57
11 70
5 72
27 98
27 55
20 55
46 85
7 18
17 116
59 73
56 76
78 85
11 54
19 48
11 58
59 88
85 104
47 111
87 111
49 56
3 9
74 114
9 43
77 114
25 58
52 64
29 62
10 95
108 111
67 109
12 109
24 109
109 118
34 41
41 106
20 63
71 111
73 86
68 117
45 117
17 64
5 39
1 39
14 66
45 66
26 68
26 101
36 89
95 104
110 112
2 84
2 82
44 110
30 119
102 119
16 119
14 120
10 119
29 86
60 100
22 100
2 49
36 78
78 110
38 92
61 105
51 105
38 50
81 105
8 13
8 97
8 15
33 107
103 115
7 115
104 107
38 69
1 105
35 80
31 40
18 120
31 35
