5.464274
33607
16
2254
104652
2 10
2 94
2 49
2 45
98 100
46 71
39 83
9 23
16 95
63 95
39 95
52 92
33 55
32 87
32 34
13 61
14 62
28 67
50 67
62 99
62 75
3 67
6 37
19 51
41 51
26 51
91 94
58 97
7 91
68 91
55 97
36 97
36 91
72 97
44 69
44 47
22 44
15 27
26 48
9 73
56 89
88 89
5 34
5 31
31 42
24 57
24 43
24 100
85 96
60 96
42 50
17 42
40 65
40 64
4 95
54 56
30 82
21 79
6 79
8 93
8 30
1 70
1 66
1 77
4 59
15 80
72 80
2 59
61 90
35 90
2 62
83 98
11 47
11 88
38 78
18 92
18 75
38 74
38 71
25 83
81 83
12 83
12 86
53 95
23 67
23 97
20 29
51 81
23 29
20 76
13 62
44 53
84 95
37 76
52 96
46 54
25 82
27 40
1 84
