18.279257
66743
43
21
73507
64 66
72 106
42 154
126 149
5 120
16 137
20 85
53 83
59 85
85 150
83 122
83 98
25 85
76 78
29 78
78 125
33 78
36 75
35 75
34 114
14 96
13 75
43 160
44 55
97 160
90 114
55 100
55 149
152 160
58 114
71 86
82 160
75 76
5 114
55 66
6 84
6 126
6 130
6 156
42 132
106 134
25 132
57 134
110 120
32 134
110 133
11 137
14 132
11 119
124 146
11 41
124 153
110 140
51 52
123 141
45 138
80 129
92 103
79 99
1 99
48 51
139 155
131 145
101 155
50 63
99 108
50 116
94 157
4 138
51 136
71 104
54 123
8 10
69 123
68 138
56 145
10 87
10 70
94 135
9 94
65 103
7 28
15 60
155 159
40 145
103 111
104 109
19 80
27 50
28 89
15 77
15 117
28 127
81 104
31 80
30 37
30 64
30 128
39 130
39 72
18 38
44 91
2 26
22 91
2 121
2 154
95 107
24 35
24 61
107 144
24 88
112 115
18 82
93 115
47 91
34 148
18 73
118 148
16 107
17 148
21 86
21 147
46 85
46 83
21 158
21 62
85 158
147 160
49 96
83 142
78 142
67 114
75 143
96 102
23 96
12 83
10 46
21 74
80 86
86 145
103 147
67 134
55 105
49 113
110 143
96 151
86 107
142 155
3 62
102 138
94 102
30 124
23 28
3 15
51 105
99 151
50 74
74 123
12 115
