15.760933
45683
48
2934
66797
95 214
27 115
1 23
194 293
162 276
58 81
190 215
37 104
48 104
159 290
106 225
68 214
174 225
6 31
41 68
204 241
204 221
204 292
45 247
34 42
189 247
76 247
34 149
88 201
8 88
88 192
52 143
62 98
66 98
57 157
82 171
69 171
176 243
29 273
29 60
171 295
29 37
98 148
101 157
155 176
154 157
100 227
105 180
25 173
205 232
27 173
23 205
15 283
15 251
15 126
79 205
173 196
173 194
144 151
255 281
69 118
13 272
90 152
55 82
138 165
138 228
25 262
138 239
70 138
65 138
63 262
61 262
163 246
97 146
36 272
208 284
174 177
254 295
77 230
49 152
265 299
2 273
170 263
196 299
81 172
112 199
112 227
49 67
49 269
145 172
2 24
125 299
127 172
141 263
2 8
234 293
75 234
164 234
70 234
160 231
19 233
19 209
122 169
228 271
252 271
110 285
168 238
40 280
94 137
186 223
18 89
75 99
5 99
99 288
127 278
3 109
109 130
249 282
249 281
184 210
210 222
175 294
103 198
103 222
116 189
116 123
144 181
188 284
188 258
180 181
181 197
159 188
43 203
43 108
9 209
104 166
96 185
74 80
80 276
80 142
58 64
64 216
22 267
14 207
120 207
195 267
44 267
207 240
10 219
72 259
72 115
230 257
113 260
113 213
111 179
1 111
156 256
26 39
264 300
220 257
39 198
204 244
38 279
182 279
162 275
11 275
59 193
93 95
93 246
110 112
237 248
206 229
50 250
236 261
97 248
83 191
96 250
206 238
30 51
94 191
250 266
200 261
92 270
92 280
30 289
183 206
17 160
187 248
33 191
12 92
17 91
17 215
38 286
122 286
211 290
104 226
16 104
104 118
217 285
119 225
124 155
101 124
68 158
68 129
29 68
225 274
21 31
31 100
47 176
166 296
31 178
171 211
204 298
54 204
119 157
34 167
32 78
204 205
117 121
88 253
143 253
84 296
84 112
34 178
225 291
112 244
88 107
139 247
129 157
73 143
87 158
161 176
15 119
34 53
31 146
98 167
121 247
98 147
136 139
29 134
139 176
205 268
100 153
35 253
132 297
133 287
105 173
15 135
268 277
129 138
86 173
13 153
78 262
21 212
3 202
202 237
28 98
131 134
77 247
68 133
46 47
40 104
135 150
242 274
132 177
34 49
205 218
217 245
7 28
172 297
102 242
2 85
5 114
114 213
20 263
9 287
46 255
35 263
140 224
18 32
161 169
71 143
136 223
231 235
185 225
49 56
20 294
128 129
168 262
102 210
43 90
190 193
235 249
56 137
107 256
10 73
80 131
264 291
55 267
261 298
30 218
4 128
147 224
4 207
