24.065688
1565
52
21503
114814
50 134
118 128
18 187
129 147
24 90
25 101
109 161
4 45
107 146
112 146
101 146
41 129
41 102
48 145
46 145
145 200
145 165
117 128
117 123
117 119
95 117
44 120
44 148
114 194
114 150
114 136
23 37
70 166
24 199
114 127
44 111
71 82
196 199
94 166
82 187
82 158
40 102
121 166
8 190
9 40
8 63
8 65
143 199
69 92
33 95
149 161
66 149
25 57
60 149
33 69
33 89
3 56
57 106
56 110
56 93
36 57
193 194
175 193
6 193
48 139
4 139
90 108
108 152
26 163
51 108
139 177
13 163
22 109
22 85
45 116
116 126
116 154
17 180
17 171
17 18
53 74
74 118
74 176
104 134
104 135
23 104
50 186
42 186
61 87
184 191
67 105
105 122
144 174
141 195
62 178
103 157
140 167
52 54
59 141
137 181
130 153
125 178
124 142
75 96
91 115
86 197
86 156
84 167
157 168
91 155
78 124
157 183
88 91
96 169
98 178
99 137
153 198
162 191
167 182
170 174
173 191
28 81
39 137
38 87
3 12
35 192
35 172
35 97
5 87
7 141
30 138
29 30
28 189
55 86
28 32
27 105
21 49
20 124
19 153
16 164
16 132
16 73
11 96
14 30
52 100
52 58
49 72
49 68
43 174
8 146
37 146
1 41
47 145
12 146
113 166
40 44
41 104
92 199
117 151
77 113
8 179
113 179
41 191
44 133
1 185
113 188
47 113
40 160
82 160
34 64
82 151
76 163
34 79
76 131
149 188
133 193
34 116
2 37
77 131
15 199
10 33
57 159
31 114
40 80
76 141
37 96
76 137
34 153
34 124
52 188
16 47
49 188
47 167
10 157
10 30
105 159
87 159
2 83
15 86
31 91
80 178
83 174
35 83
28 83
