6.519360
13497
21
3457
52461
96 127
27 153
137 168
37 154
77 141
69 142
62 68
66 72
67 133
24 80
64 83
116 159
23 63
99 144
42 149
106 158
88 112
35 90
41 162
31 180
47 107
15 94
105 140
30 85
85 166
85 162
85 107
73 125
28 96
28 87
28 44
28 29
130 146
11 161
31 89
35 79
3 157
22 103
126 136
25 136
22 91
22 94
113 136
93 173
93 167
75 93
95 109
109 138
52 129
3 24
3 20
20 136
41 123
57 95
71 111
146 164
49 80
49 108
23 49
18 164
54 164
55 151
126 151
62 71
26 164
26 49
71 108
71 175
9 104
56 132
167 170
79 140
47 65
64 151
82 135
102 152
9 135
37 152
118 152
129 135
28 148
105 151
125 143
81 138
10 157
10 127
46 90
30 46
14 137
14 144
1 179
19 179
128 178
124 130
22 89
125 161
15 99
63 125
1 174
73 174
3 158
111 115
139 160
134 160
45 160
147 160
51 123
12 103
12 154
93 169
92 168
92 116
52 148
151 169
11 31
86 153
86 120
38 76
149 170
50 55
2 50
21 97
17 84
42 59
81 159
56 143
49 117
31 112
114 175
43 114
65 178
25 163
120 163
165 172
6 165
17 159
117 160
85 171
48 139
48 172
18 36
36 72
3 78
53 60
53 68
58 61
33 128
7 33
6 122
122 155
110 121
76 110
5 177
67 177
8 66
8 150
32 74
145 176
101 131
39 100
13 70
74 141
16 101
40 176
70 156
70 142
39 133
69 119
87 119
21 78
58 124
28 98
4 135
38 57
39 171
34 93
4 101
98 176
34 74
