10.937295
3158
29
1284
153206
107 135
27 99
87 102
98 128
18 112
2 5
22 69
20 49
15 125
15 58
15 25
20 66
20 75
33 46
130 132
100 132
132 135
36 132
94 132
111 124
71 75
77 96
96 138
80 96
82 96
4 7
7 40
7 66
7 102
58 134
103 134
61 134
29 65
17 122
21 68
21 131
50 123
51 131
61 68
50 91
54 108
68 89
48 50
36 131
74 90
2 68
77 131
8 34
8 44
8 64
8 123
9 108
93 108
86 90
90 122
10 63
23 63
63 70
53 104
85 119
64 119
114 119
15 22
20 118
52 121
42 117
37 109
39 109
121 128
117 129
84 121
62 139
55 139
72 109
92 139
24 117
57 69
57 101
33 137
107 137
98 110
99 110
35 41
56 83
26 87
18 78
26 76
26 113
16 45
28 45
78 79
115 127
19 29
70 78
60 106
19 81
67 105
19 88
115 126
13 111
13 73
48 116
32 116
13 30
12 67
5 67
45 94
104 115
106 140
1 116
106 112
14 15
108 133
97 133
6 7
43 65
63 118
35 108
11 47
3 134
15 17
35 63
7 11
3 50
38 65
6 8
14 65
68 124
90 120
20 136
53 120
46 95
43 121
59 96
47 56
31 131
97 117
59 109
31 139
