31.979487
1
70
2114
46564
126 129
26 166
174 229
22 243
19 161
160 161
161 200
24 177
87 177
110 127
110 129
29 177
79 110
12 110
86 247
109 144
124 204
124 202
123 219
109 155
86 229
86 112
97 109
84 124
27 109
40 186
64 124
35 219
218 238
70 218
191 218
190 218
159 219
9 86
72 219
105 226
31 113
31 146
31 69
27 132
76 225
94 176
225 247
225 241
132 184
94 166
9 94
132 196
152 172
220 248
208 221
32 133
70 221
195 221
149 249
133 135
105 249
21 152
14 249
122 248
133 186
30 197
72 197
29 197
25 33
25 126
25 211
154 244
157 205
79 205
62 139
62 95
58 205
46 244
243 244
17 62
174 237
153 237
93 237
88 212
116 212
143 171
118 143
103 143
11 142
10 189
131 136
85 117
10 48
138 192
11 193
145 198
140 181
121 198
10 37
150 245
81 131
22 114
23 181
77 167
26 228
75 117
74 156
74 147
74 128
114 125
107 119
107 180
16 71
104 209
102 114
108 151
108 165
100 187
99 170
15 77
111 242
89 242
115 173
115 222
115 250
92 232
92 207
92 137
120 148
120 175
120 188
8 235
11 227
47 199
39 187
56 77
55 217
54 183
53 234
201 228
53 78
52 198
51 217
50 169
49 169
210 246
57 235
47 178
47 98
215 235
45 217
44 239
44 179
216 245
2 131
240 245
42 242
41 53
1 61
6 209
73 210
28 107
71 204
71 168
34 138
68 181
67 108
66 209
65 138
36 117
194 228
5 44
162 210
164 183
169 203
61 134
61 80
170 185
170 236
183 213
187 233
95 231
7 52
7 88
171 231
13 182
40 218
31 161
182 206
82 83
13 163
90 219
109 223
94 132
59 226
91 110
182 235
182 198
131 182
18 161
82 163
63 161
114 177
94 224
106 177
3 86
59 223
206 226
31 38
132 158
4 226
20 206
20 25
124 130
10 40
40 106
13 120
13 242
13 245
40 71
90 248
101 226
63 83
152 158
90 206
96 225
59 214
101 141
43 221
141 230
60 141
107 224
217 223
47 224
108 223
90 183
38 181
38 210
117 158
18 62
53 91
3 44
43 92
61 214
74 96
96 169
130 138
11 230
60 170
60 115
60 77
209 230
187 230
