8.380972
47405
26
152
60783
75 161
33 175
34 71
55 79
28 172
86 171
27 117
26 179
149 178
113 158
37 99
118 145
21 123
101 154
94 101
42 101
80 101
13 141
4 8
46 55
46 102
46 161
30 138
38 162
39 162
2 162
93 138
50 162
112 170
81 124
101 119
41 46
70 150
105 135
29 127
23 131
48 100
151 154
111 152
57 151
93 151
7 152
54 151
16 152
138 139
17 117
17 18
9 17
4 120
45 120
2 146
146 155
15 125
60 120
134 146
15 28
120 149
15 122
15 98
152 178
14 138
24 30
24 68
24 148
10 24
59 107
29 145
6 167
6 158
6 37
16 78
106 162
64 119
24 113
99 170
59 160
35 146
108 168
31 153
128 180
118 128
64 106
83 135
14 131
69 77
31 69
146 160
63 79
63 175
147 174
120 139
12 115
87 115
52 92
94 156
125 156
52 134
75 82
82 130
82 126
77 82
13 52
91 156
156 163
22 156
47 88
78 129
8 109
56 180
26 56
83 147
41 108
47 112
107 153
62 169
159 169
27 169
87 169
23 40
40 105
73 142
73 163
137 177
140 177
12 76
76 172
32 76
127 138
84 142
33 116
116 165
36 123
36 96
67 132
89 136
11 132
89 111
89 171
174 177
66 109
20 38
20 70
49 150
21 151
81 141
124 157
121 157
86 166
103 176
104 176
43 72
43 90
43 110
1 45
19 173
19 133
61 166
19 25
65 85
65 164
144 166
1 114
1 71
48 49
51 122
51 53
5 133
5 92
95 143
34 143
74 152
3 97
97 100
58 95
58 90
101 132
74 176
44 138
44 65
