24.319640
33396
65
1623
34910
39 288
57 68
103 112
133 196
47 101
116 273
199 274
207 279
20 176
125 176
11 176
42 56
232 268
229 268
209 268
148 186
117 250
117 161
117 152
211 213
213 221
147 213
125 160
48 160
105 223
141 160
144 223
17 160
160 259
223 229
188 223
225 293
31 93
168 253
7 237
142 180
78 180
43 180
159 164
66 104
28 104
71 163
85 131
45 163
131 291
42 131
159 214
18 63
8 136
8 15
73 74
114 201
172 286
226 243
158 208
29 243
4 208
208 247
200 243
130 170
132 209
70 167
112 132
128 192
128 272
128 273
132 181
2 267
240 267
256 267
7 167
5 167
35 284
6 142
252 265
77 210
137 252
252 274
99 210
57 210
241 252
86 166
75 86
86 187
270 299
17 299
156 299
217 248
3 120
73 84
176 268
203 251
262 276
61 297
206 276
146 297
52 276
133 296
177 278
48 82
82 151
44 296
115 123
30 294
30 41
30 119
239 263
106 219
16 32
10 261
90 246
202 224
92 95
24 280
64 219
67 222
92 183
101 138
25 249
222 254
92 195
219 231
24 140
155 292
153 249
16 54
16 109
38 190
13 246
138 283
263 277
135 292
134 222
1 292
46 246
19 190
129 261
21 224
121 261
51 138
24 230
190 258
118 263
249 271
184 224
149 255
97 98
12 89
149 179
100 154
150 207
150 238
33 196
89 212
89 151
97 186
122 126
100 269
100 298
116 178
102 143
178 289
178 248
26 107
126 233
26 50
108 114
108 170
88 143
72 295
68 149
65 80
63 80
3 97
80 235
53 126
40 197
40 152
33 173
293 295
286 295
35 108
39 150
26 279
40 69
176 281
111 242
20 236
96 236
55 168
55 288
124 199
59 124
251 264
47 282
157 282
204 282
9 264
171 260
171 241
79 103
22 79
176 237
83 93
81 83
83 228
53 76
76 270
36 256
36 227
36 49
191 275
176 218
174 182
174 243
182 191
174 284
18 191
91 139
113 191
8 148
159 213
213 245
137 215
85 215
162 298
59 162
120 174
217 268
127 191
160 243
191 285
58 117
52 300
111 300
50 198
189 193
41 198
148 234
6 253
117 299
104 237
84 139
94 159
37 213
18 131
169 180
8 145
87 163
145 194
104 175
163 218
74 130
257 281
30 275
174 261
165 172
58 267
205 220
23 180
94 257
91 244
128 266
56 242
268 290
14 245
34 86
210 266
62 225
165 216
31 62
60 223
194 205
138 148
132 287
23 216
182 249
110 163
123 169
175 297
60 208
145 224
16 91
145 222
219 245
190 245
24 91
18 92
34 203
27 86
34 297
33 113
185 208
287 292
27 143
110 263
246 290
177 185
193 201
