8.410266
28451
24
3363
60547
86 159
127 128
93 148
32 163
24 55
2 150
5 96
108 138
124 135
29 88
19 62
97 154
140 152
39 160
73 139
67 106
120 156
31 120
88 120
70 120
34 83
72 153
38 146
15 109
10 53
10 78
10 149
10 156
14 162
26 62
26 46
84 91
121 167
61 165
16 163
16 54
81 144
58 81
9 81
120 160
29 109
57 74
111 122
109 152
2 26
13 114
4 115
64 82
60 87
26 108
26 125
22 151
22 78
39 174
162 174
63 174
91 99
15 69
84 125
140 173
65 173
25 134
47 173
44 173
20 134
134 135
14 112
34 57
98 116
85 153
85 180
119 155
69 98
95 171
127 171
171 177
14 41
66 143
72 120
85 154
18 90
18 133
18 49
11 18
30 67
30 175
14 64
170 176
164 170
104 170
85 138
77 158
3 7
7 50
7 166
55 158
33 148
33 130
33 48
81 97
113 120
14 73
60 85
68 79
43 87
8 93
8 65
113 132
56 168
49 56
56 129
96 116
169 178
128 178
40 107
51 107
105 151
6 150
6 83
105 145
101 116
10 103
38 109
75 116
115 165
28 95
28 118
51 100
100 129
112 115
102 166
25 102
13 36
36 115
19 134
18 75
124 171
68 101
118 123
123 159
117 179
17 141
89 117
45 141
61 167
114 137
59 137
42 137
16 52
80 155
12 80
122 147
27 147
35 172
21 136
16 132
86 94
71 94
131 132
99 106
70 92
92 126
41 158
23 76
110 146
37 110
121 161
142 161
23 24
52 66
43 141
111 157
115 157
10 119
74 136
35 103
81 170
1 131
1 117
