53.761825
1
117
6587
41213
35 63
386 398
39 308
209 310
25 174
49 198
142 201
96 307
317 359
92 292
60 244
71 334
160 267
31 279
393 395
266 316
266 333
266 351
49 393
138 266
177 206
206 217
135 393
206 321
206 356
27 206
46 393
214 266
53 296
56 78
161 173
197 398
197 278
300 384
164 384
78 332
78 264
173 257
173 304
72 173
89 296
90 384
60 78
194 296
18 197
197 367
133 228
133 166
119 133
64 132
202 223
81 132
210 385
42 152
42 350
99 149
42 400
99 160
99 214
132 262
132 138
22 371
77 80
25 381
12 397
77 285
51 257
51 291
22 342
54 290
76 332
76 210
22 244
286 375
286 345
71 299
102 356
102 178
102 103
183 310
66 290
183 323
11 76
308 397
32 51
88 381
118 268
92 290
158 183
299 324
150 277
114 150
150 201
77 317
46 286
44 118
320 381
96 118
113 397
220 299
34 45
246 362
39 362
122 136
61 368
61 334
61 134
136 168
34 52
34 209
124 125
124 307
124 331
136 142
362 366
180 309
180 327
322 392
174 322
63 180
256 302
256 354
26 322
256 386
189 359
189 346
189 227
64 234
234 372
126 275
128 141
148 335
148 352
127 270
127 171
151 265
143 374
153 353
311 349
121 272
155 253
247 364
128 319
147 190
128 387
143 361
145 379
360 382
337 382
146 283
137 347
137 394
146 213
336 389
139 382
140 204
123 146
143 339
254 288
265 341
260 275
199 218
199 391
259 355
200 373
203 303
204 222
258 378
204 251
207 303
208 376
196 233
221 390
226 250
226 261
253 294
231 297
236 326
237 311
248 373
240 303
242 280
243 258
247 340
175 259
156 179
156 191
157 196
298 344
162 230
162 235
162 329
163 326
292 353
289 298
170 190
288 380
301 325
176 224
284 390
181 182
182 269
184 274
186 253
188 373
274 399
272 357
193 298
271 314
195 325
91 231
84 311
29 224
28 274
24 288
86 226
23 231
21 280
20 336
19 145
83 314
93 208
17 165
95 172
95 177
95 377
16 30
97 98
15 390
47 358
69 148
70 325
74 98
75 265
43 145
41 326
47 263
47 338
98 241
35 336
48 190
67 116
65 137
30 318
30 37
79 247
82 272
4 73
7 219
7 144
6 208
5 165
109 196
110 239
4 281
111 127
112 314
7 255
4 36
3 156
2 224
116 306
116 343
117 130
58 259
117 315
120 239
8 165
100 275
101 258
14 276
14 238
14 212
105 129
105 159
105 211
13 117
106 182
107 199
10 239
9 280
55 353
50 245
50 225
202 396
187 396
198 365
18 50
154 365
279 396
365 388
229 393
173 229
59 296
223 296
167 384
99 229
31 370
31 369
133 169
31 33
1 31
185 385
38 197
108 206
42 99
42 223
76 229
62 185
59 348
223 328
215 266
167 383
68 167
167 287
229 330
59 87
118 305
313 384
78 192
169 234
62 252
169 312
22 287
102 232
381 383
77 94
68 150
131 397
216 290
95 169
59 249
169 239
295 385
40 132
167 293
190 223
61 348
124 348
216 252
38 180
305 336
94 295
362 369
40 183
57 322
156 383
105 287
232 382
47 94
68 259
68 204
131 137
131 146
7 94
30 216
232 272
216 311
287 288
303 383
282 328
38 104
348 390
38 247
115 232
51 85
205 286
57 182
231 369
57 117
258 369
256 363
87 162
108 116
87 145
108 325
33 253
1 4
326 363
273 293
104 224
104 314
196 273
249 280
226 249
249 274
265 273
14 273
275 313
215 298
192 373
85 143
127 205
128 192
165 215
85 199
148 282
98 282
205 208
