43.565695
37556
105
37162
56998
124 330
246 309
262 334
103 256
157 281
71 110
148 394
274 343
87 321
14 357
11 102
195 312
38 39
130 379
189 395
181 259
3 186
348 396
86 282
28 205
205 352
243 258
136 243
185 243
243 276
96 243
332 386
12 386
105 386
290 386
101 345
101 309
70 217
362 388
83 313
70 257
57 70
155 387
72 83
101 231
54 379
101 110
54 142
13 387
83 129
298 387
9 364
196 388
9 76
9 75
65 388
54 209
68 264
242 318
55 381
78 382
114 161
184 242
78 214
78 219
78 290
168 237
168 288
39 300
168 376
55 117
120 395
66 350
120 256
66 287
66 233
66 221
120 128
300 391
295 300
114 378
144 242
114 241
22 91
22 92
55 107
22 208
55 210
22 310
24 260
38 84
84 370
24 241
24 124
84 265
24 325
145 215
103 145
154 298
156 380
174 213
113 322
113 351
111 365
64 352
64 179
64 67
160 360
118 213
32 222
61 111
77 178
164 346
157 354
71 261
16 254
86 261
23 380
21 371
21 356
270 354
21 189
20 259
20 142
20 141
16 289
264 385
11 178
330 346
91 213
304 311
8 111
307 385
312 354
96 218
326 360
220 311
178 188
1 206
40 348
40 303
40 46
198 360
1 339
218 236
218 274
32 321
30 80
229 261
28 346
1 14
32 232
30 336
30 381
345 385
292 392
137 392
266 392
147 314
314 333
262 314
233 280
98 359
104 291
98 377
99 166
100 225
98 338
104 372
104 399
109 272
109 328
277 347
211 253
212 353
223 397
225 284
228 279
238 297
239 315
245 317
252 294
271 302
275 366
201 277
277 369
279 327
285 297
294 358
299 344
315 390
315 393
329 331
331 335
355 373
394 397
165 342
134 245
135 279
140 355
143 247
143 349
146 225
149 158
150 251
150 269
162 211
163 299
125 165
165 398
166 227
166 368
167 361
170 299
171 192
173 302
177 193
191 355
193 203
200 353
31 397
41 171
37 211
36 171
82 176
6 331
62 93
62 375
63 193
33 167
4 109
29 366
73 88
25 296
15 297
17 353
18 82
25 169
25 74
88 116
97 149
95 294
94 143
50 302
89 366
2 81
88 139
85 167
52 149
2 153
2 182
44 245
56 62
82 267
58 150
47 87
47 281
47 175
130 305
305 340
90 305
48 293
19 382
19 374
61 263
79 357
79 204
240 396
240 334
240 363
198 250
133 292
133 152
197 260
181 197
112 306
106 183
136 183
152 316
43 197
3 316
5 48
5 273
42 183
301 306
172 316
26 350
5 195
26 278
26 119
186 383
202 383
194 343
53 122
102 194
132 226
132 148
53 207
49 132
246 383
123 194
202 235
235 339
101 320
249 282
242 320
126 323
27 320
69 300
120 388
70 168
69 341
120 308
84 323
68 114
54 341
83 145
45 230
45 131
45 159
243 255
213 320
98 205
47 205
302 320
159 242
59 78
45 60
69 255
145 249
187 384
59 154
255 387
115 205
126 193
55 151
126 331
151 300
114 400
126 397
88 323
45 121
244 308
34 187
66 337
27 384
69 224
234 388
384 389
248 323
69 199
263 387
268 386
70 138
9 250
26 323
9 286
111 190
319 354
230 297
7 51
51 400
168 286
159 245
108 145
10 113
60 360
32 324
255 314
190 216
127 385
35 389
60 277
60 165
25 151
62 324
294 400
10 167
299 324
7 355
109 400
2 7
293 311
279 337
127 143
10 248
171 180
82 180
180 366
20 367
104 283
244 283
16 263
199 380
234 353
225 367
108 166
138 315
53 280
35 150
149 268
115 180
211 286
224 306
