36.974240
1
91
224
39697
135 291
195 253
17 59
185 323
22 38
25 76
36 239
43 61
129 339
54 119
309 341
108 260
85 292
29 112
125 271
125 263
2 75
146 256
146 318
146 335
22 146
75 86
75 128
75 317
75 211
300 340
84 236
79 145
248 289
248 298
4 109
126 316
27 248
126 161
126 328
96 145
30 270
103 300
4 229
59 145
4 50
145 170
215 248
65 121
121 326
121 135
140 192
28 94
28 122
28 289
192 334
9 28
98 176
66 192
7 199
128 297
258 297
8 149
55 202
55 154
55 275
197 297
141 276
141 202
129 188
198 312
141 231
198 336
132 244
73 132
180 198
131 141
132 216
114 221
74 198
114 346
188 223
20 290
132 341
237 334
20 242
137 171
171 315
171 239
20 106
188 348
169 188
47 148
48 319
37 314
37 325
319 347
37 186
217 271
119 233
58 233
233 339
224 252
324 329
62 319
177 218
176 218
91 252
173 193
252 309
18 323
168 324
18 270
193 209
16 18
292 324
201 217
76 148
107 217
149 193
148 223
61 218
186 262
93 187
123 268
118 246
111 313
110 227
102 184
95 227
279 337
93 120
87 337
78 349
78 320
1 175
338 345
181 184
160 250
160 269
162 205
163 261
163 293
163 301
166 264
175 267
175 282
179 313
158 345
184 303
191 307
247 345
203 205
205 273
207 265
213 295
225 284
232 295
241 307
143 284
127 142
127 174
127 332
133 164
133 255
133 286
284 306
136 313
283 337
139 246
295 350
246 249
268 331
264 322
147 307
150 321
151 194
151 274
151 305
153 321
157 268
45 207
31 93
10 116
23 207
67 214
67 308
67 124
39 321
56 264
15 160
41 73
41 178
14 259
41 180
14 206
10 113
26 78
14 32
10 240
3 227
44 90
62 104
71 210
71 195
230 253
63 311
288 327
63 85
165 183
115 185
112 183
27 42
155 278
245 327
36 63
38 155
144 344
40 99
53 333
42 54
138 182
42 167
43 155
49 294
134 138
212 243
97 344
212 263
304 343
19 115
17 89
89 172
89 90
70 327
108 115
212 220
318 343
208 294
80 343
204 234
204 291
2 138
12 183
5 342
222 333
99 281
100 204
101 235
5 130
101 277
5 84
13 170
13 77
25 68
13 88
199 251
34 251
35 92
35 152
35 260
287 346
251 299
68 69
68 330
276 287
70 287
29 30
30 33
33 145
146 228
51 221
51 79
29 83
6 33
33 171
72 125
192 228
29 127
33 163
83 146
60 125
125 200
44 125
126 190
29 101
29 294
57 266
8 300
37 266
20 300
4 114
126 156
46 125
30 238
236 319
264 266
205 266
11 266
82 237
262 300
57 121
188 310
52 98
21 55
4 272
207 236
236 246
8 297
75 189
280 310
7 159
190 218
190 257
98 345
98 160
192 254
21 252
8 52
28 200
159 171
30 105
64 248
18 302
236 285
81 156
55 226
98 344
81 117
10 237
237 313
6 104
217 219
24 117
8 99
132 196
230 302
60 67
254 295
14 226
24 321
219 227
233 296
93 196
272 333
78 189
189 284
64 307
296 337
105 133
105 268
64 175
151 296
46 184
