40.704448
1109
104
1110
37179
433 436
16 338
75 247
43 426
275 329
184 281
98 394
9 48
105 142
162 414
278 399
111 213
70 195
137 350
131 372
322 332
30 370
28 333
73 395
73 297
72 73
299 391
187 299
212 299
172 449
115 446
115 430
4 115
115 193
115 392
149 328
210 293
121 422
70 422
110 422
57 422
96 317
243 257
52 238
58 216
257 373
271 287
74 271
35 257
58 274
58 286
33 238
58 390
238 344
18 238
140 382
15 271
124 257
148 257
382 434
112 238
162 271
42 374
30 276
59 276
89 412
43 310
89 385
205 276
48 413
49 196
207 247
207 283
139 413
218 310
26 207
327 410
309 413
310 420
24 108
327 377
17 127
65 309
56 174
72 236
121 236
252 346
174 396
23 302
174 186
6 61
262 431
170 174
160 315
78 359
57 252
387 445
177 315
155 359
20 219
20 402
61 124
61 160
61 448
20 324
92 269
236 417
92 152
350 431
229 359
224 431
334 445
346 445
192 445
33 92
302 398
125 433
302 444
125 339
88 252
147 236
139 359
304 315
125 211
176 334
32 133
409 416
242 416
141 357
32 381
105 141
206 416
40 63
141 345
119 141
40 214
40 383
40 419
41 111
41 240
32 136
41 245
41 308
3 441
145 338
289 348
181 373
272 348
284 439
284 372
284 305
75 348
7 221
74 248
11 391
63 421
2 119
12 296
296 298
2 128
347 399
68 134
101 134
260 295
260 279
2 39
140 347
134 228
137 296
347 394
233 260
317 353
143 423
165 279
101 355
90 186
16 90
104 326
103 135
102 427
188 325
188 203
161 380
159 169
156 307
109 159
97 256
349 450
114 144
95 318
95 157
94 363
94 138
94 116
179 280
179 352
46 428
22 81
22 250
244 277
254 411
53 159
51 306
255 326
256 371
258 411
264 427
267 450
400 404
268 411
270 380
306 438
44 428
306 397
277 321
400 415
132 179
135 185
29 99
29 393
336 428
79 380
14 29
208 450
146 400
82 135
331 427
19 95
144 360
84 188
222 307
144 241
64 307
62 256
237 277
150 326
22 67
123 436
69 449
69 226
123 303
337 395
333 337
76 329
76 130
197 366
316 432
213 432
239 442
376 442
153 368
328 442
173 368
288 332
281 288
314 384
313 379
142 378
246 311
253 282
278 311
273 319
274 313
210 312
282 443
301 369
300 356
290 437
292 378
425 440
297 429
440 441
189 232
343 426
343 408
343 344
178 378
180 429
182 202
154 312
184 202
340 407
230 435
193 204
194 313
198 435
204 225
147 435
204 354
168 437
217 312
77 429
55 167
13 175
55 320
129 314
60 218
66 388
66 414
10 13
100 446
100 322
9 113
71 113
8 403
98 282
126 340
80 311
83 195
83 365
85 369
5 83
86 196
86 447
93 202
8 330
87 131
87 235
8 15
87 266
7 122
36 383
122 199
120 362
21 127
120 275
24 300
35 232
34 440
118 273
21 245
122 406
36 163
36 423
38 60
42 100
31 232
18 66
54 300
21 370
113 201
13 434
28 369
50 86
215 299
265 361
207 299
271 351
49 172
299 302
91 172
91 115
293 327
207 293
89 149
65 172
171 422
125 149
73 145
96 276
231 238
58 117
108 382
293 367
1 299
106 252
327 413
49 89
40 158
191 236
17 327
294 382
172 375
215 405
73 296
174 231
293 418
257 386
73 209
27 149
3 106
41 191
220 251
251 367
294 413
227 351
249 315
27 158
37 382
166 418
265 421
149 260
181 271
58 335
200 375
200 284
107 251
37 117
172 259
96 134
263 353
220 358
249 323
166 261
234 252
25 96
120 361
190 358
141 234
117 364
22 108
49 400
45 386
310 389
20 165
223 302
285 315
49 197
249 427
144 249
340 374
355 416
117 291
107 221
55 249
2 341
32 183
1 135
32 60
29 335
401 416
47 323
273 341
342 347
151 209
277 364
179 223
95 151
285 306
342 428
209 424
248 368
45 164
188 259
389 450
11 314
47 380
326 424
94 183
164 411
159 291
256 401
291 307
261 437
