11.312732
37742
39
794
40267
222 247
141 249
83 230
167 235
1 18
27 165
98 248
40 43
33 132
12 204
67 70
70 173
70 219
182 196
182 213
61 182
125 180
162 231
165 187
74 171
123 136
124 187
31 74
72 136
136 168
16 226
101 243
161 214
58 229
204 229
208 229
4 126
76 99
94 218
100 206
19 206
119 181
128 181
129 181
123 206
181 232
3 170
176 216
241 244
75 244
81 137
14 196
14 164
69 103
69 211
65 226
6 173
172 209
55 116
116 227
116 230
6 144
6 210
83 172
77 172
34 35
140 237
51 146
28 51
71 245
71 131
5 71
51 197
21 127
46 159
159 237
159 190
66 159
127 176
127 220
184 195
132 201
42 120
25 145
135 138
89 199
89 211
31 78
45 78
94 221
57 132
18 91
11 22
5 202
148 150
152 155
50 80
199 215
8 215
56 76
56 104
43 108
45 188
118 194
73 190
87 113
108 248
109 113
114 188
115 118
73 137
118 235
160 233
167 242
188 209
225 233
242 249
10 233
20 191
38 242
41 68
154 182
63 183
74 157
14 184
27 195
49 205
32 187
60 125
59 60
2 192
37 236
23 96
23 207
37 198
122 175
24 192
95 177
95 162
95 114
62 186
88 166
88 126
80 186
143 240
178 240
130 186
138 192
134 175
10 88
3 175
70 85
101 179
179 223
153 229
154 206
64 169
64 148
13 222
13 214
77 185
59 185
132 231
112 182
47 212
110 208
33 110
26 189
67 189
11 79
53 79
132 228
12 187
26 133
133 141
7 106
1 106
93 200
93 247
92 201
107 203
156 174
34 156
54 193
29 90
139 157
153 244
121 217
129 217
44 234
104 234
36 151
36 183
70 111
86 139
39 48
16 182
136 163
149 244
6 42
30 187
6 212
32 69
107 120
49 71
48 74
97 105
97 112
69 98
117 238
17 85
9 132
17 105
70 117
30 181
84 250
81 238
205 229
136 218
29 74
68 142
147 224
120 127
25 150
57 150
82 239
224 244
206 246
52 181
161 216
99 147
90 142
15 158
170 239
40 135
149 155
4 9
102 142
35 187
82 92
158 191
51 231
50 102
22 39
12 191
41 91
15 84
202 243
113 246
37 180
63 250
23 228
111 240
15 54
