33.977309
45952
96
11956
47725
292 313
269 304
62 146
380 416
130 159
55 385
122 426
278 415
282 289
287 424
172 353
213 339
30 171
178 206
322 335
27 433
16 433
82 408
106 376
246 284
141 409
18 141
167 283
20 48
194 258
194 341
148 194
49 194
200 330
31 260
86 174
86 94
314 352
86 122
86 129
38 65
245 262
22 142
86 328
352 414
63 352
142 442
76 285
72 142
285 432
285 309
43 285
117 142
70 428
118 262
131 262
65 313
65 219
65 186
185 285
3 422
6 262
3 359
3 298
390 428
3 93
228 368
15 389
39 389
227 389
272 389
151 377
235 377
116 377
73 377
118 158
169 184
6 169
78 169
110 181
23 268
23 107
90 148
90 178
90 137
90 275
90 374
112 280
14 354
242 432
84 107
84 318
14 84
7 128
248 348
7 195
7 368
4 392
153 427
115 311
121 127
4 400
348 404
212 337
231 348
236 311
4 439
40 121
197 311
199 212
200 212
153 442
153 375
128 217
124 367
43 367
165 265
45 116
46 102
45 197
45 256
45 413
5 234
367 420
8 400
8 441
8 83
69 265
198 308
13 89
52 406
61 449
53 449
130 395
102 440
327 411
209 241
234 411
327 436
161 450
332 395
25 161
24 430
24 254
24 244
424 449
241 450
241 434
241 270
102 399
351 395
161 252
102 112
357 366
240 366
234 294
113 324
113 238
265 385
220 308
261 327
234 239
140 367
366 407
109 308
13 264
146 308
310 406
147 406
13 358
245 265
327 364
395 417
204 259
75 166
166 278
223 365
343 365
363 365
17 365
207 388
309 388
33 211
210 257
190 386
190 248
44 293
22 105
211 290
237 290
175 290
108 297
144 332
144 315
80 331
297 426
80 284
213 391
104 144
297 353
30 391
21 320
129 391
138 293
21 373
126 253
62 138
66 80
138 261
47 412
94 164
106 164
164 191
37 97
37 100
37 287
344 384
202 260
172 189
159 173
183 319
157 370
205 405
154 179
181 205
154 288
154 210
135 325
125 251
123 319
230 431
229 448
186 273
198 369
202 286
222 394
135 180
196 350
115 249
114 301
222 335
222 283
74 356
143 307
173 317
177 340
54 218
20 435
68 418
26 60
68 255
68 204
67 251
27 403
329 448
267 276
268 273
61 135
29 119
29 175
55 448
350 415
273 425
29 258
54 132
51 369
315 403
304 435
274 356
301 379
276 381
301 306
35 215
35 231
35 410
15 202
192 350
408 435
95 307
2 26
92 173
9 177
88 189
374 431
243 403
370 443
362 369
81 276
81 249
247 378
19 187
17 431
19 57
19 50
18 205
76 189
247 438
77 171
77 269
77 355
16 356
249 401
28 380
387 437
339 423
216 401
216 444
85 382
56 423
292 437
345 349
134 149
149 282
149 336
316 349
58 162
59 446
232 303
182 446
349 419
232 402
162 208
162 291
176 232
96 446
36 321
36 372
36 305
136 155
136 384
93 398
347 398
10 271
99 312
312 361
289 312
47 376
71 103
262 433
87 98
46 87
206 447
383 447
160 170
12 322
266 295
12 160
65 323
246 263
295 433
3 193
141 279
266 449
212 433
311 433
71 376
120 428
139 352
48 428
90 201
163 167
141 228
133 141
31 111
169 333
160 429
139 377
7 82
101 226
194 228
168 449
11 51
11 187
65 371
194 203
158 263
142 163
64 193
142 346
170 352
193 393
1 7
201 241
44 160
234 300
71 302
156 327
156 161
126 160
113 326
161 296
279 354
120 121
1 113
101 113
193 366
111 150
168 360
32 395
145 265
42 333
262 280
79 225
33 281
338 389
8 141
233 302
114 188
188 243
257 281
319 412
224 302
393 428
348 396
144 397
334 346
242 389
214 326
21 193
396 406
203 348
42 225
342 397
160 247
3 166
41 406
34 233
64 421
13 338
214 221
110 259
152 342
24 34
177 296
250 334
141 344
133 277
32 370
145 149
26 221
54 330
10 152
86 299
41 382
251 421
34 36
217 307
232 250
360 445
28 105
91 277
91 446
162 445
299 349
