5.834322
21997
18
159
141914
28 96
45 49
44 82
118 131
35 64
11 73
58 106
84 126
109 127
26 37
8 93
72 130
12 123
41 115
93 112
112 119
112 122
62 74
20 74
57 112
45 71
10 71
40 124
71 117
119 124
66 124
58 71
106 112
21 51
36 105
98 107
18 34
34 81
4 98
6 98
34 133
9 98
33 56
47 56
32 100
67 135
1 91
1 108
57 135
25 53
4 25
69 76
121 131
91 121
64 121
19 122
19 78
38 50
102 111
102 117
50 118
50 53
40 125
28 125
51 137
2 137
24 109
76 94
42 129
96 104
69 104
8 127
31 113
31 88
26 31
55 80
9 52
52 62
101 112
17 97
97 99
97 128
75 100
75 83
75 126
73 75
7 35
7 67
29 63
14 140
20 140
13 101
116 123
79 116
110 136
13 39
22 82
22 90
22 114
5 29
77 112
68 111
47 68
63 71
84 121
34 77
39 132
42 124
27 130
16 27
46 86
72 103
103 138
61 133
61 138
16 120
3 85
11 89
43 95
83 85
44 89
41 89
85 134
48 95
86 129
15 30
30 54
30 65
98 136
60 87
60 105
60 139
23 59
70 132
46 137
5 55
37 55
36 120
12 32
97 115
21 92
70 95
23 110
30 92
