11.056255
12630
38
487
34594
1 213
175 237
119 135
61 238
52 205
149 243
75 98
39 103
153 249
13 164
25 220
40 206
43 230
219 226
9 219
36 219
134 219
85 158
49 192
165 239
99 208
41 156
76 156
16 67
152 176
113 139
37 236
91 123
74 91
76 91
81 91
91 242
181 209
28 184
8 64
64 221
111 203
131 161
83 166
18 200
46 200
6 200
80 122
172 242
172 181
172 227
113 132
160 187
23 30
55 204
118 191
17 41
112 241
146 194
118 141
182 212
28 212
4 33
102 156
54 185
53 75
56 120
178 201
161 178
42 57
180 233
106 232
8 179
150 232
158 179
163 179
37 232
52 196
196 214
14 196
89 156
77 144
48 77
77 126
77 201
77 95
20 92
92 153
92 171
13 64
33 136
133 136
136 175
113 203
137 151
88 151
2 151
151 240
6 138
29 219
38 249
200 225
62 73
65 234
89 113
114 221
114 149
140 223
121 228
169 228
223 243
97 223
50 228
115 197
44 197
7 197
21 205
21 139
105 159
54 222
148 222
24 222
162 186
31 230
31 237
113 239
10 100
190 220
190 193
32 190
171 195
82 186
82 176
164 195
82 108
86 106
128 195
173 195
12 86
36 82
69 86
1 86
109 120
109 245
91 117
210 225
84 184
56 183
16 217
217 246
34 217
79 143
116 170
116 165
93 240
93 250
94 143
110 143
235 247
5 112
39 247
5 160
5 61
10 116
102 187
55 233
70 183
29 113
67 209
84 234
204 223
68 191
64 156
156 244
68 202
125 127
40 241
65 179
17 43
131 215
127 210
65 77
105 202
26 135
26 98
152 248
19 91
141 180
17 49
30 64
78 132
110 218
193 218
111 231
45 162
152 200
73 101
101 207
130 211
27 29
38 188
22 231
22 70
219 232
216 227
87 199
167 216
15 71
157 229
87 182
25 78
155 213
58 155
48 124
124 168
59 66
35 63
174 189
11 119
11 51
129 174
3 11
104 177
103 174
104 145
57 63
47 63
90 224
90 198
99 104
72 142
72 166
154 238
107 154
96 147
80 147
179 208
84 151
83 244
138 146
219 222
62 89
59 211
194 247
19 53
66 82
60 172
23 90
4 122
188 229
42 130
228 248
60 197
71 125
