2.431192
94569
8
38462
185820
1 79
37 84
16 28
4 82
69 78
44 96
77 100
54 95
66 71
29 88
76 92
27 91
31 34
2 37
2 8
32 83
12 83
2 28
2 33
2 94
21 83
72 83
20 83
55 73
14 99
2 41
8 45
45 74
34 35
7 49
6 9
7 98
7 40
6 58
7 19
6 65
77 92
22 49
38 97
13 23
13 30
13 33
13 60
13 65
69 85
57 66
10 43
54 57
26 72
26 78
20 62
31 52
3 6
3 75
41 85
64 100
64 74
62 71
39 81
39 87
39 68
14 90
11 53
11 30
52 71
22 35
7 90
38 80
80 93
17 60
17 86
56 95
56 93
5 67
67 76
67 68
42 67
19 46
46 82
73 88
48 86
1 48
44 97
24 29
55 75
23 89
18 89
63 99
59 63
24 91
47 50
25 94
25 51
50 98
27 43
61 96
36 61
10 15
15 70
