9.510131
76399
25
18149
89231
60 73
49 74
4 16
25 105
7 18
26 66
41 89
93 111
29 34
29 39
90 97
29 89
55 60
33 55
55 101
47 110
47 96
24 97
65 97
47 78
11 91
75 88
59 75
44 75
43 75
81 112
87 101
24 87
82 87
79 109
15 20
15 84
62 117
67 70
37 91
37 102
37 86
45 70
37 71
2 62
62 111
52 70
105 116
85 116
61 116
18 19
19 77
19 63
57 104
7 57
49 57
25 80
56 94
66 94
79 108
92 94
10 118
80 106
4 108
12 83
13 118
80 88
100 108
3 112
73 83
68 83
3 53
107 118
3 114
9 35
102 119
50 90
50 107
16 76
17 76
42 119
22 58
5 32
38 72
38 74
5 46
5 99
6 31
31 54
31 51
22 48
22 113
28 115
1 97
26 115
1 64
30 115
23 69
36 110
36 114
109 115
62 115
115 116
69 116
14 120
103 120
21 23
29 47
30 47
11 29
98 115
55 81
15 93
27 28
75 95
21 40
41 57
70 98
5 30
8 27
22 95
9 40
30 120
8 31
