11.741068
93528
32
1822
116507
13 32
46 168
38 107
64 160
65 87
70 178
104 157
30 159
121 151
62 151
60 151
24 164
52 164
77 172
52 109
15 180
15 147
15 115
15 87
45 153
61 153
153 162
1 153
25 170
65 161
84 161
10 161
100 161
63 67
41 179
169 179
108 176
98 176
126 177
38 126
42 172
42 86
42 46
68 176
74 82
74 111
74 125
74 155
74 178
5 124
49 134
49 146
11 49
19 174
81 141
9 123
120 165
113 120
29 138
138 142
120 145
120 160
35 138
31 110
83 110
110 131
110 115
47 68
33 56
33 57
12 33
48 145
48 57
25 48
148 155
80 148
73 168
4 137
78 104
78 163
73 121
4 140
4 99
73 93
8 141
141 170
118 136
59 136
96 105
3 96
32 136
96 149
79 114
58 114
21 26
19 114
26 159
26 124
89 122
76 100
76 97
7 39
42 141
18 111
18 112
60 166
6 34
50 85
50 67
50 64
91 129
40 82
2 88
133 180
133 150
17 34
129 139
128 166
20 166
22 40
23 107
23 127
23 144
117 133
88 175
40 158
51 141
1 90
135 154
54 90
49 141
130 157
123 130
167 171
13 167
36 43
36 169
16 126
15 44
94 161
24 27
27 131
5 132
8 15
44 176
95 151
14 103
71 164
102 132
94 116
53 109
152 161
16 73
101 156
30 49
69 156
164 179
75 153
63 173
37 77
14 102
74 152
119 141
164 174
28 153
78 151
101 176
37 75
9 92
66 103
71 138
51 72
81 154
136 143
4 66
114 143
106 173
53 89
92 129
7 72
34 95
96 106
26 55
55 88
