31.294154
30862
76
3095
34881
13 51
105 209
17 190
71 183
181 197
132 239
126 281
260 281
221 281
41 261
204 219
41 183
41 120
25 219
219 297
100 234
18 89
242 259
89 240
137 165
56 288
34 288
191 288
129 268
129 293
129 197
129 249
167 270
44 252
61 263
44 73
46 134
66 243
29 280
29 134
149 280
151 180
47 280
208 227
96 243
55 227
134 296
207 227
280 300
180 248
155 243
134 274
15 180
71 213
83 213
213 287
69 97
53 177
60 276
142 164
177 269
226 276
238 275
164 233
117 177
164 237
276 285
97 166
97 130
110 164
114 276
159 222
144 156
104 120
98 104
165 246
153 254
184 246
153 222
50 148
63 270
63 140
50 132
68 77
50 146
108 174
212 217
61 77
115 262
93 241
93 190
108 179
93 105
108 209
115 238
195 282
194 217
113 211
115 196
58 141
77 85
48 63
23 211
22 141
13 211
42 259
42 244
42 138
5 195
11 195
157 217
38 229
38 233
38 292
149 203
94 193
82 287
78 147
19 122
79 215
79 202
19 173
78 185
80 251
19 199
106 216
103 218
24 111
75 239
75 81
74 247
26 111
80 187
86 176
86 189
87 118
111 273
14 218
49 175
4 80
106 278
99 218
12 220
91 101
1 72
91 225
9 86
7 236
74 95
59 106
57 250
57 116
143 223
143 266
234 236
74 182
35 75
33 91
32 143
57 109
64 220
175 294
192 236
118 230
72 277
72 265
45 78
118 253
70 220
30 79
54 175
206 289
67 289
123 289
133 296
133 256
11 150
76 123
6 279
107 188
6 102
198 200
36 286
170 188
156 200
169 201
27 121
27 214
27 268
20 200
258 286
145 257
84 201
90 145
17 255
40 255
10 256
113 171
16 161
60 161
161 228
2 232
2 162
92 162
136 152
98 136
3 291
136 181
51 291
261 291
160 272
160 264
88 295
52 88
219 281
8 157
5 8
21 125
125 210
20 158
158 207
137 219
43 219
137 227
39 89
213 242
283 290
177 242
65 97
41 144
10 281
100 231
227 299
128 263
100 267
281 284
134 290
65 211
65 217
38 242
137 205
129 231
42 186
31 41
163 224
235 242
82 89
77 137
74 224
78 224
65 106
119 177
201 283
167 246
65 124
82 288
44 104
100 154
224 232
163 263
39 153
63 245
135 288
180 298
193 245
271 299
112 243
43 86
75 275
118 275
76 213
139 276
6 119
128 168
28 127
37 180
37 243
127 267
161 245
275 298
50 172
97 178
111 172
80 172
28 220
28 175
108 139
168 172
93 131
62 115
88 104
135 141
31 79
188 271
131 218
160 203
10 145
19 112
91 178
62 143
57 284
72 154
171 286
125 275
