3.460865
71911
15
2347
73912
15 65
15 115
53 70
20 91
43 107
76 107
17 106
34 117
50 104
80 112
2 78
36 60
25 54
25 42
25 53
16 116
62 93
18 38
30 45
45 106
45 91
13 58
4 58
72 83
23 71
80 84
48 58
44 93
44 95
4 44
35 44
8 97
84 94
39 90
25 104
13 57
33 57
52 77
77 95
10 27
10 26
90 94
15 61
16 101
27 101
73 108
102 118
40 118
21 118
56 108
1 12
9 25
15 116
11 54
11 39
9 82
6 110
15 62
63 120
63 117
60 63
33 89
21 89
70 97
6 107
37 86
22 67
23 72
51 74
7 68
7 92
7 99
19 74
74 96
17 22
8 87
67 107
85 111
15 72
28 73
28 32
71 112
2 71
34 107
81 105
78 105
64 69
79 110
5 81
5 30
64 107
41 120
41 119
55 79
37 38
24 113
100 103
47 75
29 55
12 49
26 49
98 114
18 98
61 86
87 111
1 31
20 108
14 59
15 75
3 66
3 47
35 88
46 88
88 109
7 31
6 113
36 74
14 50
85 103
