5.238459
62499
18
680
76448
85 147
81 94
21 63
23 57
9 148
30 97
16 140
33 67
36 117
93 127
1 99
19 48
4 56
22 128
29 69
1 45
98 126
78 88
78 99
75 80
75 90
75 115
47 96
17 102
9 102
89 102
90 106
32 111
37 41
41 50
41 155
41 159
32 39
67 75
23 119
55 61
55 124
117 119
7 156
61 156
64 156
151 156
14 156
36 78
111 119
2 15
2 33
2 92
26 108
97 156
48 119
15 27
30 119
120 143
38 83
114 124
83 135
83 91
143 150
58 143
20 84
5 8
56 78
7 49
3 20
3 17
57 84
2 45
27 51
54 146
87 146
87 138
78 126
40 108
64 105
105 116
54 111
41 93
31 138
11 31
70 132
62 73
116 158
62 63
123 158
4 141
62 107
62 130
141 145
18 141
60 158
21 132
10 143
43 154
70 100
42 100
109 141
130 134
115 134
42 113
10 49
113 159
8 59
76 139
52 139
76 158
6 79
6 120
34 109
103 160
25 140
35 121
25 40
47 101
81 101
53 133
79 86
86 110
104 112
28 147
28 37
71 85
71 72
11 144
5 74
65 74
16 144
31 59
98 136
136 160
19 131
26 153
137 153
68 157
94 129
73 129
68 148
29 114
66 103
66 121
69 95
24 44
24 118
13 46
95 128
82 95
46 142
122 125
125 154
12 35
12 149
75 83
77 152
77 88
22 112
43 96
102 133
46 131
24 25
