7.134499
23407
22
2345
78811
80 122
9 33
64 126
28 98
141 146
11 75
74 85
39 77
83 118
35 135
132 140
101 150
90 109
51 121
144 159
21 130
19 124
13 52
31 92
96 127
107 111
18 56
62 107
23 56
6 107
3 103
88 106
24 37
25 55
18 25
25 63
25 125
10 58
142 155
70 91
40 142
91 118
63 91
8 142
29 142
105 148
73 76
73 119
149 153
28 153
145 153
12 49
49 150
49 126
49 100
22 25
58 138
44 154
42 99
43 137
67 155
67 108
67 147
67 90
22 105
94 153
109 154
56 68
20 84
31 48
44 103
23 46
46 92
5 65
29 65
48 54
127 156
42 77
16 105
54 156
35 142
91 138
141 151
47 57
57 125
105 140
2 80
2 148
83 137
32 128
32 123
66 71
32 62
32 43
71 97
71 145
3 71
2 13
94 151
89 93
38 159
38 135
104 160
81 132
75 81
116 136
115 160
1 160
27 81
34 136
33 136
26 160
5 81
106 107
10 72
84 114
86 114
102 143
24 102
2 74
47 50
39 50
59 134
115 134
73 88
64 82
82 146
1 120
87 120
7 133
7 122
19 129
99 129
15 151
11 134
21 61
51 105
52 61
20 68
15 136
41 158
93 101
4 45
60 139
17 55
17 131
9 60
45 85
17 157
95 113
60 78
95 130
30 45
95 152
36 110
112 117
12 112
53 69
53 121
79 116
14 79
16 110
37 72
124 158
