8.385189
140328
23
21950
145480
34 129
12 36
44 121
16 127
76 130
85 95
36 37
9 79
3 135
26 60
12 83
32 83
28 83
39 64
39 97
83 111
39 89
48 61
16 101
79 101
2 90
37 101
73 101
2 74
100 105
10 125
46 92
18 27
44 92
92 133
92 94
27 121
6 92
27 42
27 62
3 39
22 59
82 120
47 137
83 136
5 59
2 140
10 59
75 139
25 57
23 109
98 109
97 109
94 139
138 139
81 139
38 59
101 105
7 11
7 26
7 40
77 133
77 110
77 84
50 77
49 119
14 28
14 135
2 5
122 134
34 103
103 119
68 127
52 68
82 104
104 118
104 131
63 99
63 75
1 65
35 108
41 89
41 86
15 41
8 108
70 115
106 115
107 115
77 122
9 49
39 59
27 125
92 102
7 22
48 59
51 101
25 136
45 69
61 96
55 96
54 96
33 66
33 85
24 95
4 91
24 71
4 30
69 126
69 137
33 80
24 31
29 112
58 124
13 112
58 123
20 58
88 112
71 132
128 132
108 140
17 67
53 72
17 129
114 116
21 45
21 50
40 93
93 128
100 120
110 113
1 113
76 113
57 78
19 78
18 43
43 56
102 115
60 72
39 87
51 117
47 114
58 65
4 87
112 117
