14.210281
63650
45
2481
82785
10 123
48 205
30 51
88 150
116 117
173 202
162 218
169 174
129 232
82 231
25 139
22 212
23 105
4 164
71 142
5 230
72 203
108 184
64 185
38 244
91 118
91 228
47 91
18 91
73 134
73 89
54 171
91 245
59 217
92 125
95 141
36 95
133 176
12 234
167 239
130 239
138 239
97 99
97 114
3 239
97 122
27 208
54 152
9 123
86 91
4 71
51 197
216 223
17 191
17 119
151 223
17 48
138 197
197 198
112 223
44 83
44 148
107 142
107 225
107 148
62 107
18 32
27 32
69 233
7 146
7 164
79 224
49 224
182 230
179 182
109 182
35 181
37 161
39 214
214 240
37 40
77 232
93 214
125 132
77 237
132 160
30 37
77 151
132 173
136 177
136 187
136 193
211 226
42 220
182 245
57 217
57 246
131 168
131 162
53 67
50 101
241 242
106 152
121 235
115 149
218 235
94 149
94 235
165 247
146 165
84 99
53 239
104 208
127 199
85 127
13 124
13 207
152 203
102 107
67 190
86 132
72 77
174 210
33 210
205 210
38 222
23 222
202 222
109 204
135 204
152 221
12 15
177 180
112 180
5 67
37 102
15 97
34 250
41 143
29 159
29 193
43 135
43 200
43 234
169 206
156 184
156 226
49 206
87 206
80 156
209 211
17 221
67 126
105 136
35 104
143 222
108 171
65 236
57 183
150 170
170 212
33 128
6 128
19 98
75 243
74 172
144 243
16 145
16 82
63 243
98 194
98 201
14 16
172 238
45 172
149 209
133 215
110 215
101 139
1 228
1 70
3 154
46 154
95 250
158 188
25 188
88 140
117 140
97 157
183 242
52 73
181 195
10 195
20 189
20 42
113 246
62 113
213 239
60 159
60 100
190 214
116 166
185 248
11 248
111 219
6 248
8 241
103 231
103 120
8 81
69 153
8 50
137 249
21 153
26 103
166 178
147 229
96 249
24 166
55 147
163 219
76 155
76 175
58 153
79 147
2 192
28 192
134 192
64 66
22 41
92 95
73 236
66 73
126 196
65 186
78 106
56 196
233 244
157 220
32 176
13 56
68 95
52 127
61 78
56 76
61 219
31 67
32 90
165 227
16 68
172 227
31 243
90 98
113 249
