24.315482
52725
70
24346
60601
187 191
12 42
129 277
244 340
7 122
88 137
78 83
173 299
46 170
70 318
1 33
155 230
27 263
151 174
220 328
36 228
185 286
21 286
66 286
148 286
147 212
116 235
219 248
133 326
219 229
219 238
87 183
29 139
16 220
16 45
15 191
15 181
139 287
5 15
139 158
44 214
75 246
232 283
232 350
39 344
26 143
127 148
175 217
160 291
263 316
257 322
316 350
111 322
24 316
29 316
247 322
258 322
193 322
81 316
125 190
146 259
22 260
22 343
36 259
7 186
244 288
22 73
21 97
196 288
143 186
91 97
203 341
161 186
71 97
93 341
288 309
55 169
95 259
238 249
187 249
6 249
174 249
73 194
123 176
88 282
164 180
312 314
38 76
3 271
3 125
3 119
76 299
2 329
201 282
2 89
180 192
55 76
180 233
2 62
65 347
2 20
188 347
314 318
134 269
267 347
134 280
314 340
10 115
281 282
134 329
134 334
10 124
10 165
160 282
11 32
11 62
11 83
11 131
213 307
40 120
37 338
50 346
50 296
50 163
47 50
19 207
204 246
204 223
176 209
209 307
59 219
245 323
70 195
90 195
129 195
117 292
64 101
144 170
144 162
5 80
80 155
13 251
52 112
52 337
25 251
77 230
77 122
118 308
68 104
145 273
138 202
68 301
85 339
145 342
138 215
98 294
138 315
72 113
198 272
130 145
98 252
98 205
272 279
48 72
320 339
206 243
242 243
53 243
199 272
56 72
306 339
58 68
31 302
31 265
81 262
278 330
214 262
30 212
30 120
3 59
147 328
234 260
234 268
54 189
54 121
39 82
82 270
79 103
60 103
8 292
8 42
153 254
254 277
6 290
182 290
178 327
257 327
78 241
12 241
109 116
149 221
109 269
154 250
109 313
239 303
105 250
132 296
255 275
114 224
133 310
189 221
140 255
141 201
4 264
137 285
136 311
136 265
136 157
141 324
9 310
256 305
132 319
132 317
1 295
302 310
128 184
141 336
289 305
18 57
261 285
168 183
210 349
74 200
211 274
167 177
167 179
218 266
224 258
221 308
46 303
84 197
79 255
173 250
222 285
84 121
84 92
168 304
168 323
96 184
102 274
60 167
99 349
185 303
184 333
57 331
57 142
226 266
94 295
33 264
231 264
200 253
35 240
35 321
227 286
126 345
322 328
41 228
97 328
15 297
126 298
106 151
190 235
147 288
3 228
228 347
147 172
123 286
107 235
15 17
235 237
297 344
41 69
16 293
293 345
87 169
107 326
166 316
106 328
208 219
17 232
325 332
118 175
194 326
169 171
22 325
14 335
76 335
108 286
139 236
67 341
37 69
217 224
275 348
86 338
86 333
311 348
110 331
9 110
63 169
63 172
100 227
63 159
169 291
235 276
152 326
43 213
49 232
126 135
16 216
34 159
237 341
75 108
44 284
22 156
156 300
180 208
52 67
51 235
10 76
207 298
26 64
150 326
251 332
14 225
28 314
61 326
126 305
50 152
171 264
35 171
200 300
216 278
138 245
117 243
225 339
272 276
72 276
23 135
274 284
28 349
23 98
145 150
61 68
51 266
