6.957784
7043
26
11097
64544
19 102
116 149
61 181
62 166
84 148
86 158
75 112
36 180
100 128
47 128
1 57
77 165
5 128
25 144
59 108
39 117
100 162
19 167
163 165
168 170
30 89
27 171
48 115
41 197
126 134
52 175
3 120
102 123
123 193
3 34
3 148
1 49
35 106
18 97
106 194
97 98
106 125
29 97
9 128
87 119
6 119
119 145
65 119
54 121
6 176
101 179
158 179
40 179
129 172
74 172
146 172
79 108
8 70
72 121
54 195
30 162
67 199
117 182
37 161
111 161
22 93
22 199
22 150
14 103
63 118
118 149
16 173
69 73
36 69
69 90
44 200
20 188
104 160
10 53
95 139
94 189
94 190
53 128
132 145
47 132
41 50
45 50
99 152
39 77
60 86
60 160
24 33
24 113
24 115
24 186
33 58
5 104
124 174
96 124
136 146
111 136
80 162
4 76
75 76
34 76
76 88
80 121
23 123
56 97
21 168
21 84
11 64
11 126
2 141
2 40
81 130
130 187
80 131
180 191
85 192
172 200
121 192
63 184
151 184
142 164
81 114
96 114
55 184
95 121
57 123
153 189
55 153
106 128
99 169
106 154
72 182
56 157
8 9
44 162
98 127
16 127
131 140
69 188
154 191
28 162
167 170
3 59
183 196
12 38
23 173
147 169
48 171
31 70
31 185
112 130
144 198
196 198
121 134
12 28
52 164
46 179
118 139
15 135
135 181
42 43
78 143
7 156
116 177
7 137
42 122
92 177
82 143
109 135
61 177
110 151
25 110
3 53
152 183
13 32
66 193
66 91
58 89
68 138
38 159
27 178
62 178
71 140
26 83
83 88
105 166
51 105
14 17
17 175
17 133
142 176
67 85
103 197
7 46
107 155
42 195
32 159
71 138
67 143
107 162
