2.926674
24671
9
125
108781
40 51
11 76
13 41
17 90
29 35
38 44
70 85
77 87
67 83
28 86
37 73
53 86
89 99
12 68
50 57
89 95
82 95
75 95
70 95
31 91
61 91
35 91
46 91
6 93
15 93
46 93
24 42
29 42
42 76
23 93
1 64
6 64
40 64
25 31
42 83
58 93
73 91
82 98
5 64
49 87
11 49
58 98
16 51
36 50
5 10
66 88
2 4
2 100
2 47
20 84
34 55
72 97
78 90
48 78
52 92
27 44
26 27
30 62
23 27
62 67
52 69
7 92
13 80
80 85
17 80
42 84
7 21
34 64
14 21
43 63
43 66
43 56
2 28
3 18
14 91
18 95
38 96
79 96
19 94
8 33
1 33
8 19
2 37
36 53
22 45
45 68
12 60
54 81
41 81
32 74
3 60
57 71
9 55
59 65
9 39
39 59
20 88
65 72
74 99
