4.611717
80211
14
29876
202285
25 38
29 36
69 84
57 62
9 55
55 95
22 96
69 85
4 17
4 85
18 85
10 17
3 46
27 56
5 82
71 83
71 78
42 71
73 100
31 41
59 66
38 66
68 70
53 70
35 70
13 41
33 39
27 39
39 52
39 45
26 29
23 26
11 89
9 11
16 84
16 22
16 52
16 67
62 65
19 98
8 98
87 98
48 86
81 86
63 94
14 88
50 67
73 80
50 93
30 80
39 88
24 46
37 59
24 92
25 64
54 75
36 64
37 90
2 37
6 64
8 24
75 77
28 51
28 47
21 43
17 72
1 85
17 97
49 61
17 43
7 85
32 85
17 34
51 74
55 60
79 83
68 79
55 71
34 99
58 72
55 100
32 91
7 20
15 40
56 76
55 66
49 66
5 99
74 76
40 47
20 60
13 21
12 44
15 44
3 14
86 97
61 65
63 96
12 75
