9.484887
53939
26
1852
182054
65 77
3 31
27 67
17 22
13 63
87 102
33 66
79 89
3 89
89 90
89 103
1 30
5 95
5 81
19 115
107 115
77 115
6 115
40 81
40 68
37 40
21 40
8 101
59 101
63 89
48 67
48 100
48 106
28 73
13 111
62 111
43 111
12 105
27 69
25 54
4 14
31 69
2 23
54 87
2 14
54 72
35 54
69 74
6 23
23 92
7 14
14 91
55 103
55 114
16 55
7 55
46 56
41 46
46 59
38 46
14 66
5 33
75 80
53 108
34 95
86 99
85 99
56 99
22 34
28 102
65 88
36 49
10 88
75 88
47 49
49 73
88 105
49 105
61 110
24 50
94 120
83 94
9 110
50 52
50 96
18 110
11 94
25 116
15 116
104 113
17 104
10 26
26 60
108 112
78 117
8 58
98 118
82 84
68 84
20 76
60 98
58 70
58 64
57 78
39 112
44 76
42 98
51 112
84 93
29 32
32 45
30 32
12 119
40 97
71 97
46 119
109 111
1 69
53 71
76 109
5 94
5 50
80 110
78 99
