46.492963
1
99
1136
69037
232 258
128 251
66 165
211 319
7 144
198 253
14 49
14 285
203 346
11 265
11 130
11 340
11 55
46 203
47 203
154 203
231 339
167 231
60 120
62 127
62 129
161 331
252 268
62 305
50 135
231 282
161 311
135 223
27 120
135 285
44 62
102 161
120 281
268 335
107 268
281 350
6 271
79 256
24 25
25 112
79 246
25 254
79 179
206 234
6 272
176 345
201 303
76 176
75 248
6 217
31 79
196 303
150 303
71 95
71 159
71 162
248 305
53 234
84 88
245 248
176 334
3 249
3 318
3 186
234 269
122 244
88 297
88 119
3 123
176 250
131 234
6 58
88 226
277 293
68 73
181 292
178 316
178 312
178 297
4 228
160 292
46 292
277 318
99 133
12 99
246 277
73 137
213 228
106 301
260 327
244 327
83 337
106 347
225 308
225 258
83 250
83 216
106 211
28 49
28 51
28 93
202 225
184 327
72 86
207 242
98 128
144 242
98 304
72 232
98 314
72 138
344 348
87 348
9 299
9 238
253 348
9 229
193 269
171 324
171 340
193 336
143 193
146 171
126 279
264 283
125 192
255 332
247 286
121 302
240 320
239 274
224 271
221 243
219 296
218 262
134 197
134 342
275 343
100 190
2 221
319 343
309 315
100 208
278 320
100 270
101 313
125 183
274 321
274 294
264 325
110 332
113 140
113 338
117 326
209 276
156 313
148 235
148 307
149 343
182 230
152 237
182 185
180 189
175 287
182 310
157 317
175 205
174 329
174 263
172 257
163 233
169 296
164 257
145 218
214 296
212 215
166 326
209 266
136 315
204 224
200 332
198 279
215 291
195 315
194 247
147 173
188 209
147 288
187 224
148 151
57 89
38 199
38 273
40 82
41 90
43 191
43 222
43 284
45 264
48 54
48 170
52 134
56 320
37 180
57 115
57 306
61 70
63 237
64 121
65 257
66 147
67 279
70 168
70 236
77 237
78 233
19 165
1 313
5 35
5 153
5 349
8 42
8 210
8 289
10 233
13 113
15 317
19 81
19 118
48 298
20 218
21 215
22 125
23 317
29 124
29 132
29 323
30 174
32 175
33 221
34 247
36 38
91 180
90 251
90 241
85 326
97 121
82 114
82 261
158 229
18 87
18 117
14 111
25 203
135 268
203 330
135 350
120 267
116 267
3 116
71 161
71 116
231 248
14 148
14 134
8 14
94 161
11 59
62 142
268 333
11 290
108 267
142 267
103 248
94 341
104 120
231 280
90 116
108 155
116 290
142 292
122 259
92 108
88 227
343 350
279 350
39 155
105 176
43 122
234 280
69 267
79 109
82 122
141 303
122 332
6 105
74 108
259 330
9 94
158 303
92 220
177 327
177 328
72 177
94 315
111 139
59 178
295 341
228 300
103 322
96 99
19 330
142 247
69 73
103 233
174 177
103 218
121 333
175 330
113 333
39 80
228 290
99 158
74 242
220 317
180 220
80 105
57 74
17 74
26 328
215 295
182 300
16 322
29 227
96 257
104 264
17 125
26 320
141 221
16 209
5 17
17 237
16 100
16 48
105 313
26 70
38 69
26 274
109 296
