4.678963
71763
17
3185
99126
9 88
37 52
32 69
108 114
40 117
15 131
2 110
43 139
59 110
5 118
55 132
95 136
12 100
12 131
12 84
12 49
60 62
60 98
37 109
34 133
20 30
28 123
70 97
6 31
53 66
70 83
83 92
55 83
20 89
1 89
57 129
26 125
14 87
63 86
86 133
86 117
31 47
35 93
38 126
38 88
32 38
76 84
72 128
72 120
72 82
23 72
89 102
50 60
11 74
11 25
86 113
35 38
5 115
48 54
72 113
27 94
4 99
34 42
36 137
46 124
39 124
44 96
43 137
8 126
8 79
119 137
114 124
8 39
96 135
5 130
42 97
13 41
10 67
17 59
16 107
16 41
16 24
65 104
104 109
76 136
5 95
19 83
6 115
66 77
45 77
5 108
89 122
22 107
22 128
16 102
2 123
5 78
19 80
23 101
33 101
65 69
26 122
40 106
78 132
25 101
61 134
89 134
91 105
81 121
64 94
52 64
15 29
51 60
17 30
3 111
3 49
10 105
58 85
82 85
4 106
27 50
53 99
67 139
14 127
47 127
54 134
71 103
7 71
9 71
68 75
13 91
18 56
18 140
18 90
21 121
33 116
21 57
73 116
112 138
87 112
29 129
51 96
28 75
18 81
