53.556644
21559
75
21527
35385
228 301
241 264
80 396
80 406
239 322
237 264
84 130
85 107
85 174
85 275
85 386
232 375
88 335
231 282
76 264
228 267
223 309
96 183
96 446
223 243
219 327
100 201
100 212
100 358
101 127
103 312
218 339
57 268
303 365
43 88
44 75
44 296
297 342
288 365
50 69
50 153
50 174
50 240
54 56
264 414
56 96
217 367
262 272
60 191
61 219
62 127
63 163
250 394
65 437
66 80
68 342
248 360
248 292
73 116
191 257
136 282
137 178
137 180
193 420
193 368
143 390
143 402
143 424
144 184
144 407
145 157
145 251
145 344
195 219
148 185
189 268
186 403
185 341
185 287
163 170
163 421
182 350
167 385
167 449
174 318
176 433
121 208
106 429
109 138
109 250
217 330
214 250
113 127
114 139
115 282
116 142
116 169
116 399
209 429
121 174
440 449
121 298
121 316
122 130
124 437
127 268
128 228
129 258
129 266
129 286
130 291
197 272
196 339
29 307
20 239
21 40
21 212
21 227
21 387
332 400
331 445
27 272
28 88
19 44
29 314
29 410
324 365
33 219
313 408
313 361
313 318
312 413
10 293
417 449
391 437
375 412
4 299
7 192
7 245
7 371
351 433
10 223
41 375
11 130
12 32
12 373
12 379
342 362
339 436
339 418
17 433
312 339
39 210
311 425
227 280
236 372
190 279
200 250
29 404
310 345
226 290
177 215
110 129
29 370
93 224
137 384
159 283
155 433
144 450
127 294
111 235
156 248
38 427
67 447
153 397
59 162
220 426
392 435
44 354
326 357
265 349
277 378
112 174
55 92
55 374
143 295
16 100
52 312
336 429
82 434
5 31
143 300
74 147
147 376
285 323
314 323
90 250
90 163
83 92
36 342
36 305
36 282
265 377
39 442
378 442
149 442
108 171
171 421
171 305
171 280
138 202
22 419
239 422
130 415
137 415
223 415
114 441
24 441
49 441
289 441
415 438
315 411
29 444
116 444
134 225
388 399
343 388
34 347
349 359
359 389
65 269
185 269
215 295
342 430
248 430
166 392
255 382
52 377
119 369
119 423
6 276
132 380
47 380
102 380
108 119
250 276
276 435
97 119
53 119
185 276
86 276
53 380
59 397
21 319
159 359
96 366
242 422
340 357
134 295
194 319
350 395
311 395
328 395
369 395
294 354
338 352
112 283
268 308
272 308
242 359
105 340
79 123
55 381
35 174
95 320
299 320
222 326
136 222
94 281
16 419
8 9
8 418
76 304
14 304
186 198
198 328
198 279
25 198
35 194
264 333
333 433
26 155
86 348
129 348
3 193
3 145
38 105
166 295
221 365
12 221
234 425
207 234
34 370
205 249
205 427
320 404
12 432
23 432
246 412
152 246
193 246
246 327
145 353
239 353
182 273
37 273
23 273
273 274
268 398
118 398
4 355
150 277
248 256
256 291
18 302
80 89
89 206
89 339
18 400
18 220
71 72
179 334
293 334
11 158
158 172
87 152
22 26
363 375
191 363
229 238
117 238
356 438
261 356
262 263
237 346
75 337
141 337
61 263
151 346
364 385
99 132
99 160
337 409
187 225
110 165
116 199
191 199
145 175
175 229
150 213
336 426
147 166
244 247
58 449
58 217
187 213
2 236
2 332
281 442
347 364
123 204
310 334
22 434
204 338
31 216
315 384
165 450
81 173
129 173
216 300
211 431
118 431
244 355
94 336
13 140
13 142
274 284
91 133
126 284
88 329
133 289
70 259
70 152
260 439
217 260
48 416
32 48
202 447
24 252
21 252
238 290
253 393
253 439
7 271
98 268
98 306
188 383
188 331
181 352
181 224
429 448
325 448
51 154
51 345
111 401
156 401
137 278
228 278
48 79
317 445
233 317
64 235
64 161
15 306
15 104
428 443
325 443
125 382
78 125
30 42
42 139
146 403
120 146
46 67
46 77
1 164
1 343
45 168
45 54
82 270
270 321
131 405
203 405
135 254
210 254
55 147
72 381
203 230
230 312
255 434
93 188
247 366
295 329
83 271
