56.805519
1259
71
1702
33191
61 241
176 215
170 252
53 85
54 178
54 274
56 112
170 175
168 239
164 304
58 222
164 253
61 227
50 307
61 248
163 295
62 89
162 269
64 178
65 284
66 84
66 125
67 272
158 349
156 184
69 178
43 47
188 278
187 345
185 337
182 211
181 278
179 319
41 172
41 195
41 201
42 93
42 171
42 263
70 348
43 84
43 99
44 144
45 164
46 236
48 51
48 100
48 224
49 291
50 275
50 288
95 120
87 167
87 207
118 179
87 342
88 348
90 110
90 196
117 171
90 321
114 255
112 117
94 212
86 284
110 247
98 112
100 319
101 182
109 270
109 254
109 234
107 218
104 198
104 249
104 294
135 170
71 247
154 225
146 338
145 212
144 235
144 206
139 222
137 179
136 170
78 240
79 182
79 343
345 349
132 295
130 184
81 84
124 247
121 212
83 92
83 169
83 264
119 295
84 116
85 140
20 269
233 323
230 291
7 30
292 349
228 284
17 225
18 22
226 328
226 293
226 283
236 281
22 165
22 272
225 228
306 338
5 315
323 327
24 41
24 125
222 313
24 183
11 275
268 325
250 325
9 331
10 21
10 32
10 324
238 317
282 323
11 190
7 216
38 325
11 279
12 108
12 123
12 248
238 316
238 242
236 308
284 322
7 76
208 347
2 185
204 264
203 212
2 41
3 90
338 340
35 55
208 258
200 208
35 189
31 185
342 347
29 55
35 314
332 334
24 217
24 261
199 278
36 225
220 332
218 311
218 253
218 237
215 329
215 315
214 332
231 303
113 147
291 330
226 309
43 155
11 245
97 106
302 336
89 285
10 285
102 153
42 285
25 153
136 285
153 177
159 266
84 300
1 228
43 243
280 334
185 280
280 340
48 280
22 280
24 27
204 341
28 341
33 60
33 126
144 341
33 266
33 295
12 344
236 287
192 223
105 151
83 151
121 223
223 277
151 331
151 240
223 274
84 96
96 170
62 63
63 143
77 143
77 85
73 179
57 325
42 57
193 332
35 193
111 202
111 238
178 205
205 301
205 236
202 267
229 267
244 256
95 103
267 283
34 289
34 286
34 187
87 256
103 134
41 111
103 113
10 256
72 219
8 104
247 259
153 303
72 153
251 336
155 219
147 285
186 285
291 310
126 310
153 330
128 186
112 262
262 349
35 129
129 141
213 229
109 213
161 218
61 161
61 335
286 335
80 195
80 173
16 102
15 301
16 127
15 210
29 75
115 244
75 246
115 339
159 297
1 309
13 312
312 350
232 296
14 133
174 323
174 182
164 174
295 299
83 299
27 251
142 333
120 333
23 221
13 23
19 269
19 215
52 168
52 231
40 50
40 109
11 74
74 212
7 191
106 243
149 209
114 152
152 157
180 273
37 152
255 305
5 180
68 305
131 180
166 305
149 197
26 277
26 346
90 271
222 271
150 278
24 150
9 138
138 298
4 276
177 276
6 141
6 59
78 91
91 122
184 265
265 348
82 131
257 341
39 287
37 290
184 290
148 160
73 148
39 149
259 318
197 326
326 348
232 257
23 186
82 245
194 318
160 320
174 260
194 260
191 285
8 320
133 344
