84.329759
1216
99
5332
23093
138 334
155 198
155 170
154 493
153 337
152 163
148 467
147 467
146 357
140 253
140 144
138 414
155 291
138 150
135 234
134 366
133 371
131 396
129 421
128 383
128 382
125 132
121 315
120 436
169 173
197 485
192 483
182 458
181 424
179 295
178 394
178 374
175 492
171 412
171 266
171 260
120 407
168 229
168 221
167 386
167 189
164 287
163 476
163 328
163 260
158 481
157 315
156 335
89 251
96 156
94 282
94 216
93 337
91 134
90 401
90 325
90 292
90 151
89 445
89 431
96 174
89 177
89 131
86 481
86 333
82 462
82 185
81 451
80 354
79 265
78 459
77 379
111 320
120 345
118 134
115 499
115 430
115 379
115 256
113 392
113 305
112 391
112 210
112 124
198 417
111 258
111 237
107 155
105 337
104 276
102 337
101 169
100 341
97 333
96 263
322 371
372 378
371 490
361 427
354 440
352 446
351 405
350 464
349 424
331 333
329 354
325 487
372 421
321 458
321 336
319 477
316 420
309 493
309 325
308 320
306 339
302 417
299 456
299 442
427 437
485 496
484 497
484 486
483 498
470 477
458 474
453 483
451 468
434 477
428 471
427 494
299 389
425 481
416 432
413 492
409 433
405 448
405 419
403 493
390 477
387 467
376 428
372 463
217 338
246 315
242 421
240 481
234 340
234 262
231 321
228 278
224 352
222 295
217 379
217 355
249 459
214 492
214 447
214 243
214 215
209 436
208 428
206 493
203 417
202 226
202 217
199 333
278 342
298 350
295 492
294 300
287 381
287 299
287 294
286 451
284 372
283 358
281 492
280 433
140 317
278 308
276 475
276 402
275 417
273 341
272 374
271 295
270 287
268 451
267 422
53 278
41 358
41 377
43 248
43 269
43 478
45 416
48 259
50 459
51 274
51 313
51 314
51 350
13 433
56 416
57 471
8 465
59 67
61 361
62 94
8 239
7 167
6 264
67 309
67 408
20 113
28 232
27 396
26 90
28 324
28 347
24 321
30 57
30 388
22 69
30 395
31 352
33 323
77 145
35 374
37 357
38 130
38 344
38 353
17 500
17 458
15 325
41 184
14 325
14 86
73 428
6 127
77 106
69 159
69 194
3 472
71 96
72 82
3 161
67 491
3 149
3 12
2 183
74 396
75 459
1 411
1 193
77 360
309 326
235 393
65 126
254 482
172 293
250 406
18 484
95 375
85 287
114 285
341 423
135 444
86 304
198 449
449 483
378 449
362 375
32 163
1 44
39 318
141 354
141 257
251 310
99 310
29 60
88 89
30 469
116 469
111 343
343 354
214 343
140 343
64 162
64 421
64 410
64 165
423 444
166 421
6 166
124 190
190 341
22 460
364 460
365 428
365 371
23 326
85 304
19 341
6 19
19 321
295 489
325 489
23 370
118 191
234 289
289 350
245 321
140 245
339 398
9 283
9 279
9 322
61 303
303 394
255 303
4 9
5 9
137 398
218 303
40 398
315 398
8 398
89 415
112 415
116 460
372 438
168 438
257 460
41 330
42 198
114 449
18 88
393 460
26 195
195 454
335 488
454 488
70 467
380 385
380 483
180 484
180 374
261 371
219 261
167 495
86 495
209 399
63 399
65 399
443 445
172 443
399 420
119 443
297 443
213 233
213 426
47 96
47 169
55 66
48 55
55 188
55 422
42 126
169 439
82 439
303 482
142 357
142 205
236 254
205 236
16 353
16 136
98 137
98 234
281 290
139 290
98 346
247 357
28 247
38 301
301 315
191 293
5 123
123 171
123 138
36 134
11 36
367 466
327 427
128 332
225 332
201 466
161 332
288 416
46 230
271 466
230 300
3 288
230 435
94 327
276 288
79 450
150 418
136 450
211 418
241 367
241 477
10 379
143 485
143 477
113 348
8 348
122 485
66 122
292 473
10 200
44 186
186 318
68 219
68 441
458 461
296 435
196 296
306 369
311 369
54 384
119 384
405 461
252 299
252 337
1 87
56 87
309 356
128 356
76 312
76 86
227 249
227 347
164 223
33 223
363 500
363 397
58 103
58 105
16 250
200 473
373 424
253 373
187 480
11 187
404 455
404 434
81 160
39 160
160 183
29 362
364 479
110 479
69 368
43 368
2 109
49 451
49 433
108 109
25 352
25 424
95 327
21 52
21 492
244 429
6 244
207 309
204 207
73 92
83 92
212 429
117 212
132 238
198 238
220 238
84 323
34 84
176 400
176 226
8 277
233 277
32 307
359 457
19 452
70 307
359 452
