36.639412
65821
42
132
80631
70 180
57 119
60 169
60 196
61 102
63 181
66 132
67 102
69 193
70 130
70 173
56 60
71 137
74 104
74 193
75 147
75 192
78 124
80 154
81 121
82 158
82 179
44 195
35 182
37 82
38 133
40 102
40 113
40 128
40 171
42 51
42 52
42 65
82 197
46 108
47 184
48 183
48 193
49 176
50 181
54 83
54 166
54 190
55 172
142 176
120 124
121 158
124 162
125 183
126 147
131 199
132 141
137 153
137 188
138 199
118 132
142 195
143 176
145 146
148 154
149 184
151 182
153 178
159 199
160 168
183 194
103 129
86 172
87 129
89 97
90 147
91 97
97 175
98 115
99 195
101 124
102 127
1 154
104 145
105 195
107 150
107 174
108 117
108 167
109 193
112 172
114 133
114 185
20 154
27 164
6 121
27 68
27 64
25 133
24 107
23 187
23 170
23 122
9 27
1 31
19 184
18 181
11 34
11 111
16 172
11 191
12 145
13 95
13 106
13 155
31 33
30 137
5 14
30 177
30 198
29 30
28 167
31 79
2 165
15 52
21 112
54 135
62 154
28 100
100 160
94 100
95 100
17 182
17 150
17 84
17 39
17 70
22 67
22 145
96 178
124 157
60 157
157 180
16 96
96 102
23 157
96 136
26 184
11 26
7 183
7 70
7 195
41 137
41 108
57 123
59 154
59 156
59 185
59 115
58 116
5 123
56 58
123 168
30 186
133 186
93 135
72 83
72 78
8 62
85 93
15 77
21 77
36 193
36 132
53 84
53 200
42 152
27 152
88 159
88 129
23 88
76 172
76 121
110 181
31 110
163 199
147 163
45 82
45 97
139 192
139 140
149 161
40 161
85 165
32 134
134 181
10 98
10 92
4 32
4 43
144 189
39 189
3 37
3 73
