8.996148
52144
17
745
75942
20 66
49 94
86 127
20 103
81 123
80 160
80 128
79 80
20 71
76 145
83 148
20 22
56 69
70 86
56 125
15 160
16 148
58 142
56 132
30 90
103 109
112 145
31 125
136 139
40 75
20 65
2 145
86 147
17 38
107 122
6 8
148 150
45 156
108 140
114 121
32 95
113 148
77 135
39 113
147 150
18 145
52 80
40 52
1 116
116 136
116 131
116 123
72 80
72 86
73 139
40 73
60 67
33 88
33 47
45 116
65 116
20 36
19 33
129 156
74 100
6 129
82 96
82 148
29 82
78 82
19 36
105 159
29 34
34 61
34 157
37 111
37 145
87 148
56 87
31 130
15 124
108 124
89 151
26 37
34 57
57 89
18 122
4 95
110 151
19 37
140 141
85 88
85 155
115 155
8 13
13 106
13 118
110 133
25 96
25 144
104 107
3 104
33 74
13 50
143 153
21 143
3 21
5 97
5 81
4 116
134 152
97 152
38 130
100 135
111 154
99 154
11 73
33 84
60 141
41 51
41 67
62 92
49 146
99 146
44 64
44 126
7 106
7 91
68 86
68 117
42 138
42 149
43 109
43 149
30 42
9 43
14 120
17 120
84 159
23 34
23 53
63 158
53 114
46 94
46 142
12 145
12 126
48 54
10 24
48 55
54 93
77 102
27 119
61 93
101 102
22 35
35 137
28 59
58 59
73 98
63 115
92 158
11 27
24 98
