120.493986
10004
128
163
42399
154 250
164 374
164 288
163 315
314 426
315 344
161 427
161 221
159 196
157 167
156 438
154 253
165 322
154 244
316 391
319 388
152 370
325 347
331 410
150 351
149 397
148 318
147 316
145 316
311 448
180 393
180 310
180 211
179 406
178 307
178 262
178 209
177 373
177 198
176 450
308 351
144 431
174 271
173 251
314 383
170 399
170 365
170 344
170 246
169 371
168 432
167 210
165 435
360 413
126 437
125 425
347 433
123 271
352 375
354 439
355 377
359 398
117 142
114 273
112 449
127 251
108 422
108 370
107 294
368 406
103 298
102 357
101 148
100 193
99 312
99 106
95 251
137 305
144 224
144 208
144 158
143 332
142 350
142 335
142 323
140 338
139 164
138 340
138 203
181 439
344 377
346 388
133 189
132 382
131 403
131 224
131 182
130 167
129 379
129 232
128 367
240 388
265 351
264 367
261 296
259 297
258 424
258 376
249 347
248 331
243 348
297 418
241 375
266 375
239 422
238 388
237 397
233 449
231 425
228 296
226 432
225 421
224 305
223 382
222 243
281 413
295 359
294 441
294 333
293 361
290 414
290 315
289 357
287 427
285 305
282 401
282 283
220 258
280 364
278 361
278 338
296 392
274 360
273 350
273 343
272 406
271 327
270 282
268 378
191 357
196 436
195 358
195 309
194 304
194 275
194 203
193 301
193 286
193 203
192 401
192 384
196 447
190 321
190 235
190 213
189 445
189 224
189 221
188 225
187 206
186 449
184 332
183 347
206 288
298 407
298 411
298 412
300 413
215 444
215 350
212 273
209 351
302 338
207 294
206 341
115 258
206 279
205 215
204 405
204 277
303 432
306 367
199 282
197 383
197 292
197 284
30 415
38 79
38 59
37 441
36 46
394 439
34 404
34 291
34 263
34 51
33 297
33 243
32 297
31 197
39 108
30 54
29 387
29 364
29 234
28 192
27 363
27 209
27 87
27 35
26 314
25 372
25 319
45 73
52 215
51 367
386 422
51 243
51 109
50 338
49 359
48 188
47 176
95 154
46 214
46 110
25 200
44 177
43 380
43 376
43 280
43 119
42 178
41 389
41 255
41 217
40 316
40 297
40 196
6 377
13 408
13 401
13 334
13 252
12 30
11 397
10 362
10 339
10 185
9 204
8 131
7 448
14 64
5 146
5 111
5 91
4 327
4 311
4 216
4 116
4 85
3 378
412 416
425 440
1 5
19 165
25 58
24 438
24 227
23 416
23 336
23 328
23 278
406 430
22 93
21 423
21 332
20 176
46 440
18 441
18 420
18 419
17 148
16 77
15 430
15 313
15 260
15 113
14 443
14 269
14 149
76 155
79 449
79 190
79 165
78 129
77 353
77 288
77 121
76 349
76 319
76 245
80 126
75 99
74 430
74 414
74 395
74 345
73 317
377 446
73 160
73 102
72 400
91 148
95 126
94 390
94 229
94 171
93 267
93 257
369 438
92 194
91 331
375 412
55 97
90 315
89 361
88 192
86 314
85 195
84 371
83 331
82 108
81 427
53 188
72 376
385 425
64 157
65 98
65 134
62 448
65 236
61 126
66 138
60 305
59 180
59 94
59 65
67 318
68 361
383 441
72 342
72 329
71 138
55 227
55 256
56 96
56 251
57 422
378 417
69 164
382 423
378 440
38 247
204 356
4 356
175 438
356 371
129 356
108 175
38 175
175 439
413 429
252 429
122 166
122 275
296 429
122 381
122 325
120 172
120 430
95 120
230 427
230 332
218 409
294 442
339 442
153 344
153 224
242 278
40 242
14 330
195 330
135 204
135 177
162 376
162 401
320 383
288 320
141 319
141 412
118 350
67 276
276 412
104 276
218 247
105 202
347 402
105 274
29 337
105 421
10 402
337 357
99 402
30 63
41 337
63 188
63 422
434 440
203 434
22 201
35 201
201 371
73 254
176 254
136 167
136 144
120 409
2 397
2 359
70 96
70 396
209 299
51 299
382 428
428 432
172 324
124 324
151 195
151 381
219 326
219 429
326 366
118 366
