105.637080
19637
113
495
36191
158 291
166 205
165 285
164 398
164 347
164 235
164 183
163 285
162 354
161 172
160 334
159 191
166 355
154 175
153 337
150 205
149 319
148 223
148 156
146 216
145 308
145 304
144 220
173 227
179 332
179 310
179 183
178 339
178 266
178 201
176 271
174 334
173 395
173 370
143 335
172 236
172 182
171 370
170 274
170 262
170 255
169 335
168 293
168 221
167 257
111 226
118 395
116 154
115 365
115 183
115 134
114 382
113 243
113 210
113 196
113 175
119 175
110 252
107 245
105 282
104 344
104 318
104 106
102 370
100 380
100 289
100 108
131 256
142 211
141 154
139 197
139 177
137 212
135 203
133 179
132 397
132 258
132 186
180 188
130 172
127 268
126 339
1 28
124 205
123 266
120 304
119 287
119 276
119 190
268 357
291 384
288 395
286 376
284 368
284 320
280 348
275 284
272 334
271 359
271 272
294 334
266 363
260 386
259 335
254 354
252 399
252 366
252 345
251 268
248 371
247 331
337 352
395 396
383 393
376 378
373 382
353 362
351 382
342 370
341 362
340 367
339 381
246 339
322 345
320 345
303 354
301 369
301 307
300 394
300 319
299 367
297 393
295 367
201 208
215 369
215 331
213 362
211 273
211 233
207 231
206 268
203 204
202 270
201 261
216 283
200 315
200 242
200 209
198 282
195 367
193 203
191 389
189 331
188 253
181 220
229 340
245 372
245 333
241 337
240 280
238 330
237 238
234 364
231 323
231 306
229 377
126 243
229 313
229 244
228 238
227 298
226 374
226 267
225 227
220 336
219 260
217 335
31 340
38 43
37 94
37 74
36 220
35 282
34 319
34 284
34 212
34 203
33 319
32 37
39 202
31 155
31 128
31 87
30 309
30 217
30 97
30 56
29 291
27 400
27 321
45 297
52 191
50 145
49 387
49 277
49 206
49 90
48 168
47 324
46 347
46 75
27 239
45 260
44 361
44 343
44 336
44 263
43 152
42 371
41 329
41 218
40 57
5 41
14 43
13 391
12 147
12 122
12 15
11 364
10 201
9 271
8 24
6 371
5 302
14 148
4 238
4 172
4 12
3 379
3 336
3 224
3 95
2 364
1 359
1 51
20 371
27 184
25 282
24 325
24 264
24 25
22 338
22 187
22 125
22 25
21 43
98 285
20 231
20 170
19 393
18 269
18 178
18 138
18 55
17 256
16 139
14 216
65 148
85 103
62 311
83 324
82 167
81 227
63 324
80 388
64 93
80 355
80 184
64 249
80 157
78 115
64 356
84 212
77 212
76 266
75 79
74 230
73 230
53 200
72 256
71 230
66 301
67 154
68 132
70 284
69 75
68 168
86 167
91 391
92 280
89 345
96 202
59 216
57 394
62 265
98 211
61 188
61 245
87 289
85 312
57 121
85 232
61 354
62 68
54 230
62 101
85 184
53 391
99 188
175 290
88 183
185 317
129 173
82 129
331 349
100 328
328 364
291 349
25 328
167 349
202 328
178 349
222 392
222 250
112 222
151 177
250 375
20 151
281 375
206 375
58 382
58 364
109 375
58 301
58 319
161 375
34 117
23 26
68 390
256 278
145 278
14 346
23 290
260 385
280 385
271 385
314 362
314 392
88 328
26 385
281 358
120 358
199 358
217 358
214 376
214 285
1 214
64 305
57 305
192 252
192 337
327 376
194 327
205 350
350 391
75 350
7 60
7 194
7 302
191 279
37 279
202 292
292 362
139 292
41 360
226 360
296 345
104 296
230 326
61 140
324 326
18 326
316 336
206 316
4 140
117 317
136 185
58 346
136 390
