69.366715
15181
84
21327
32546
126 248
142 145
139 152
136 220
134 214
133 267
131 392
131 326
130 256
126 281
144 336
126 216
124 219
121 382
118 167
117 343
116 226
113 167
111 306
164 358
185 283
179 317
178 197
176 311
172 366
171 271
169 306
167 272
108 383
162 345
160 323
157 213
154 256
149 212
146 370
145 331
145 159
78 122
88 152
87 214
84 271
81 317
80 371
80 256
78 360
78 170
92 357
77 311
76 309
75 349
68 240
68 234
68 90
66 181
65 76
100 388
108 148
107 400
106 326
105 234
104 165
104 161
104 150
102 163
187 297
100 291
99 371
97 358
96 192
94 319
94 296
94 210
93 100
273 353
291 297
289 324
286 378
284 357
283 286
280 349
276 363
276 346
276 345
301 306
271 336
267 327
265 363
257 389
257 347
257 287
257 263
252 354
337 370
357 396
350 366
346 393
346 386
346 376
345 375
342 343
341 361
246 323
331 332
326 384
326 359
324 352
323 344
311 326
310 330
305 366
206 348
213 282
212 277
212 229
209 273
208 399
208 321
208 294
206 362
214 288
206 261
205 363
203 297
202 352
199 230
195 224
193 273
191 256
227 318
245 277
243 354
242 400
242 368
239 382
235 243
231 317
227 325
2 107
226 356
224 392
220 341
220 340
219 251
219 222
218 343
215 286
18 219
35 343
59 63
49 345
33 329
33 300
33 132
57 167
11 293
11 379
12 60
32 355
13 242
32 222
52 324
17 76
48 334
19 174
32 180
19 207
19 295
20 224
54 243
21 108
22 192
23 258
23 382
24 334
25 371
32 112
31 168
27 104
3 268
11 91
61 370
38 253
38 299
39 349
41 227
4 183
4 70
60 250
3 244
3 115
3 71
2 247
2 140
1 334
41 382
38 106
10 226
9 60
47 168
46 244
45 391
45 312
6 28
4 374
45 258
44 76
4 335
249 256
166 222
72 390
86 364
397 398
37 186
95 394
210 302
127 303
167 233
169 236
173 271
4 320
184 213
206 279
79 394
184 194
152 264
158 264
224 259
264 387
264 342
259 349
33 259
186 264
259 276
137 259
129 213
129 350
67 221
155 311
155 324
155 353
38 270
8 78
67 98
67 228
8 134
40 141
8 366
8 382
50 192
34 67
103 270
50 126
114 311
322 387
101 322
279 308
189 270
189 307
58 276
69 192
69 227
155 194
16 98
16 100
56 76
56 108
36 363
36 371
72 270
152 338
295 338
74 132
74 181
59 74
63 141
74 266
141 151
19 141
14 358
14 53
8 364
307 308
82 232
43 390
43 230
55 73
43 196
73 385
73 272
43 222
2 278
278 326
110 278
217 337
82 137
208 262
104 262
89 108
89 175
30 138
45 138
89 252
138 357
138 243
5 89
343 395
100 395
51 358
51 256
38 147
125 147
228 254
42 269
42 206
254 333
42 275
128 153
53 153
153 182
200 369
44 372
28 372
85 145
85 242
214 367
267 367
173 365
320 365
83 317
290 323
62 371
273 285
123 135
29 135
190 306
190 227
62 334
226 285
3 83
42 397
79 233
114 127
86 255
71 255
211 381
211 267
105 225
185 225
120 225
260 332
119 260
237 361
237 398
201 369
201 241
238 287
238 330
6 238
183 314
314 339
292 310
292 328
73 302
37 200
109 168
109 128
95 217
177 370
152 177
64 161
7 316
64 304
102 316
316 373
143 315
163 315
103 315
126 198
198 286
26 168
26 60
204 380
204 385
156 351
274 298
178 351
245 298
202 351
298 381
15 68
11 15
188 313
46 188
212 223
4 223
7 377
123 377
64 236
58 290
