109.566988
20183
124
2385
23718
174 296
191 444
187 341
184 315
184 211
183 187
180 258
179 310
178 456
178 302
178 199
178 181
177 247
177 222
193 252
173 493
172 356
170 203
168 177
166 416
164 328
163 404
162 493
161 455
161 190
160 434
158 433
212 442
224 267
223 414
223 275
220 443
220 413
220 347
220 272
218 482
218 456
218 331
214 461
213 440
158 258
212 288
209 404
208 415
207 446
204 487
204 459
203 384
203 212
202 433
201 475
197 223
195 377
117 370
130 407
130 326
130 243
129 430
128 203
127 177
126 446
126 274
124 247
123 436
121 286
118 264
131 159
116 348
116 342
115 235
113 244
112 286
111 283
111 116
109 111
106 429
106 314
106 216
104 146
145 175
157 447
157 262
155 496
154 231
149 496
148 481
148 393
147 148
146 354
146 259
145 248
145 205
225 244
1 204
143 176
138 412
138 192
138 165
137 403
137 369
136 225
134 444
133 258
131 410
131 276
342 375
368 441
367 499
360 440
357 459
352 478
351 500
350 472
350 401
350 383
349 498
349 451
348 457
348 428
368 483
342 355
338 356
336 450
336 354
335 499
333 438
330 448
329 416
327 478
323 493
309 368
305 454
401 444
491 499
452 475
440 462
438 445
434 466
434 465
427 441
421 475
420 477
408 473
408 437
406 408
305 306
398 444
395 456
395 422
394 480
392 430
388 436
380 405
379 416
378 449
378 417
374 380
373 499
237 477
249 400
247 495
247 488
246 460
246 340
245 348
244 439
244 345
242 324
241 356
240 386
238 299
249 432
235 419
235 307
234 377
234 297
232 395
231 431
231 266
230 286
228 336
226 251
225 359
225 312
274 299
304 477
296 412
296 394
294 395
292 473
292 313
291 430
289 368
286 479
284 342
282 377
280 427
143 201
273 370
271 308
270 436
267 425
265 378
263 408
261 308
260 370
251 492
251 346
250 427
249 497
35 212
80 148
66 142
66 121
81 206
33 394
28 40
65 91
64 468
81 411
81 426
27 351
26 377
64 217
26 295
64 200
28 45
36 45
62 97
61 349
36 57
23 475
36 74
36 396
59 438
56 380
56 378
55 373
55 258
20 268
20 153
54 252
66 318
67 201
67 319
67 471
29 267
31 114
68 437
69 76
28 423
70 137
71 221
71 272
71 362
71 453
67 107
72 111
21 143
73 91
76 242
76 269
66 257
76 354
77 252
31 188
28 75
31 364
32 307
78 337
78 353
78 361
79 404
10 308
46 464
4 233
5 32
6 305
46 279
96 184
8 477
9 394
96 434
95 218
94 446
47 234
20 58
48 364
48 371
48 467
48 330
96 436
97 246
98 235
99 161
100 336
101 156
101 293
3 219
3 167
101 458
102 184
103 153
3 89
46 363
46 344
16 138
51 264
87 478
50 233
39 299
18 32
52 417
38 187
85 106
88 433
84 214
90 187
17 146
41 143
42 208
93 376
93 227
93 108
43 296
12 157
37 292
15 435
14 233
15 150
91 290
15 303
41 277
173 486
201 278
116 139
215 456
272 320
378 382
169 457
110 171
171 448
171 386
171 385
78 83
83 498
83 231
83 233
83 446
298 354
96 366
24 45
476 477
336 476
357 391
377 391
93 476
391 489
391 491
156 463
189 317
286 463
350 463
295 317
317 470
252 321
210 321
64 321
19 254
45 254
332 387
217 358
141 494
141 430
141 341
141 311
224 381
135 408
135 239
210 381
68 381
179 381
66 135
81 135
208 316
11 171
358 409
86 322
253 332
152 433
48 152
53 204
53 416
34 351
34 404
296 397
212 397
164 198
198 399
150 256
256 363
169 382
278 358
316 486
86 253
139 358
299 343
464 490
277 490
249 343
22 490
343 394
215 298
60 494
60 496
129 151
151 264
83 320
11 321
189 469
209 469
105 239
7 105
186 225
186 368
148 186
177 281
281 427
281 380
63 389
63 314
63 304
44 424
44 181
44 147
30 106
30 231
132 197
132 438
186 387
267 365
145 365
161 365
82 214
82 244
214 236
236 474
161 285
91 285
144 234
144 208
103 418
257 418
287 418
62 122
122 272
122 485
110 301
301 328
119 301
25 349
25 137
227 402
229 402
255 334
101 390
390 496
120 351
120 327
31 372
356 372
13 196
13 52
131 339
32 339
140 264
140 308
49 322
49 440
130 194
182 223
194 246
3 182
91 182
92 251
92 187
258 300
157 300
15 185
138 484
2 46
125 474
125 325
305 484
2 370
185 235
255 343
366 476
24 334
