32.779109
30347
40
994
74353
56 81
136 148
49 169
136 145
51 68
51 114
51 134
51 155
55 63
48 128
57 95
58 79
60 182
61 117
64 164
67 170
68 95
36 166
30 188
152 185
32 147
33 108
34 175
146 191
144 191
36 45
135 164
38 117
39 80
143 190
43 108
143 157
142 165
138 164
91 191
83 182
84 152
111 122
86 156
87 138
108 133
105 158
105 151
83 128
103 122
93 122
94 152
95 174
95 196
96 164
97 189
128 167
68 191
70 79
71 110
71 141
129 152
72 170
73 105
73 116
1 62
125 170
122 169
117 121
116 156
80 197
81 178
112 156
8 71
3 12
8 44
20 80
19 165
18 81
162 179
17 98
162 186
162 189
191 199
8 55
162 171
8 187
3 187
180 188
168 182
14 143
165 194
13 189
11 139
11 83
3 42
2 144
24 71
184 189
27 36
28 108
29 128
7 136
159 160
22 180
30 59
22 102
22 26
8 41
30 150
100 172
37 132
3 21
5 92
65 78
75 126
75 80
75 105
75 117
47 75
6 108
6 36
6 152
52 137
34 52
52 87
52 69
163 198
153 163
163 173
181 191
164 181
61 183
35 162
35 131
62 82
82 90
47 82
54 63
54 153
54 185
54 192
107 183
16 83
16 68
124 143
122 124
25 154
154 162
37 52
15 170
4 199
4 66
6 132
25 176
176 177
159 176
104 200
104 197
8 9
9 22
9 81
30 140
140 165
9 107
79 119
119 156
74 189
74 79
53 99
99 126
21 109
101 147
1 101
50 101
14 115
18 115
186 195
100 195
88 184
88 120
161 198
76 161
136 193
156 193
93 106
85 106
23 28
5 23
23 31
17 130
68 130
123 130
78 109
46 65
46 149
10 127
89 98
10 160
40 89
49 118
77 118
92 113
15 113
