25.408749
50791
32
419
72431
25 31
31 60
69 103
71 139
29 39
28 59
27 59
72 128
74 146
77 79
79 86
79 136
69 93
80 142
82 144
82 145
23 138
23 126
84 89
23 106
22 124
21 128
89 157
36 39
43 119
43 112
43 91
49 124
40 94
57 129
39 75
39 61
38 142
37 133
2 7
35 89
58 94
60 97
63 89
65 144
66 129
69 85
32 144
31 137
31 122
9 90
100 117
11 97
11 83
11 51
11 23
10 159
10 116
113 145
10 99
90 154
124 130
3 57
131 145
7 115
7 114
6 109
6 70
6 13
4 129
12 62
92 107
18 128
17 111
17 95
142 151
17 37
16 59
16 21
14 79
98 145
15 90
12 48
12 107
104 134
6 52
41 64
41 152
41 157
41 149
47 120
59 155
124 155
131 155
46 135
46 100
46 64
90 150
134 156
54 156
36 46
7 150
25 156
85 150
5 127
127 139
99 127
96 127
88 94
88 108
43 45
45 67
12 45
149 156
76 144
39 76
8 50
33 76
26 145
26 129
24 108
3 24
141 145
10 110
89 110
23 121
69 121
5 148
31 87
44 142
44 94
17 87
79 148
8 150
34 50
2 105
105 160
14 20
20 42
140 160
55 140
13 30
30 78
34 45
68 143
68 117
68 74
52 141
42 147
19 53
19 71
56 147
102 146
101 102
125 153
67 125
47 123
1 123
81 133
81 118
73 158
132 155
123 132
120 158
