28.295416
39693
33
801
68598
45 141
69 118
68 86
66 81
64 133
64 110
60 64
59 152
58 95
56 125
55 131
49 132
47 77
47 67
69 149
44 120
41 128
41 122
37 151
37 122
37 52
36 81
34 130
34 117
34 95
34 48
31 131
28 131
94 152
158 160
140 141
134 141
129 131
128 138
128 129
118 127
114 120
113 156
103 130
102 120
101 123
99 123
1 23
94 115
93 123
91 113
90 120
86 136
86 124
82 160
81 155
76 103
74 125
72 125
71 103
70 113
10 122
19 80
19 61
17 131
17 112
17 105
17 18
15 148
15 38
25 122
14 123
12 152
11 22
15 35
9 64
7 160
7 154
6 34
5 132
4 36
3 84
3 39
3 29
1 62
1 13
21 118
22 26
20 85
22 98
20 107
24 128
144 148
57 134
11 109
43 139
2 149
2 121
2 100
2 73
15 89
89 132
89 146
153 2
153 160
42 108
50 54
150 157
33 150
22 150
121 150
63 114
63 97
63 110
32 63
64 111
37 111
40 145
106 145
144 145
65 146
65 83
4 65
142 154
79 142
58 142
32 145
34 104
104 122
119 135
97 119
51 120
40 137
88 137
152 159
131 159
126 133
96 126
87 96
19 143
122 143
108 111
116 141
20 116
42 139
19 53
3 53
75 81
75 125
50 109
16 46
16 115
51 54
30 123
30 37
86 92
20 92
27 113
27 118
8 99
8 78
57 87
86 147
1 147
