84.225663
8380
94
1016
31566
139 359
153 368
150 326
148 257
147 435
146 400
144 360
144 249
144 241
142 378
141 357
141 345
154 312
137 350
137 296
135 185
134 228
132 179
131 372
129 314
126 340
125 433
125 339
174 186
188 203
187 299
184 281
184 202
182 202
180 429
179 352
179 280
178 378
177 315
174 396
124 257
173 368
170 174
168 437
162 414
161 380
160 315
159 291
159 169
156 307
155 359
87 266
97 256
95 318
95 157
94 363
94 138
94 116
93 202
92 269
92 152
89 412
89 385
98 282
87 235
87 131
86 447
86 196
85 369
84 188
83 365
83 195
82 135
80 311
113 201
122 406
122 199
119 141
118 273
115 446
115 430
115 392
115 348
115 193
114 144
188 325
112 238
111 213
109 159
105 142
105 141
104 326
103 135
102 427
101 134
98 394
290 437
304 315
302 444
302 398
301 369
300 356
299 391
299 302
297 429
296 298
292 378
291 307
306 397
289 348
284 439
284 372
284 305
282 443
278 399
278 311
277 321
275 329
274 313
340 407
440 441
433 436
425 440
409 416
400 415
400 404
387 445
376 442
350 431
349 450
346 445
273 319
336 428
334 445
331 427
328 442
327 410
327 377
322 332
314 384
313 379
306 438
207 283
237 277
233 260
230 435
229 359
224 431
222 307
217 312
212 299
210 312
208 450
207 299
238 344
207 247
206 416
205 276
204 354
204 225
198 435
194 313
193 204
192 445
189 232
256 371
272 348
270 380
268 411
267 450
264 427
262 431
260 295
260 279
258 411
257 373
125 211
255 326
254 411
253 282
249 427
249 315
246 311
244 277
243 257
242 416
239 442
40 214
61 124
41 308
61 160
61 448
62 256
41 245
41 240
64 307
41 111
40 419
40 383
8 330
2 128
40 63
79 380
8 403
35 257
35 232
34 440
33 238
33 92
32 381
50 86
56 174
55 320
55 249
55 167
58 216
58 274
54 300
58 286
53 159
52 238
51 306
68 134
4 115
46 428
58 390
5 83
6 61
44 428
43 426
7 122
59 276
8 15
20 402
26 207
10 13
24 300
23 302
22 250
22 81
12 296
13 175
22 67
13 434
32 133
20 324
20 219
75 247
19 95
75 348
18 238
16 338
14 29
77 429
78 359
28 333
32 136
31 232
2 119
9 48
30 370
30 276
29 393
29 99
70 195
28 369
2 39
71 113
9 113
249 323
200 284
215 299
55 107
89 405
27 190
41 191
171 340
172 449
72 73
73 83
73 395
73 297
73 296
73 209
176 334
7 221
65 309
261 437
25 37
140 382
382 434
294 431
294 348
57 422
15 271
74 271
271 287
70 422
110 422
162 271
121 422
202 293
89 149
207 293
149 260
149 328
125 149
210 293
293 327
293 367
209 251
58 117
117 291
37 220
3 441
204 351
86 351
3 106
191 227
281 288
288 332
215 405
100 322
42 100
87 158
40 158
17 127
17 327
42 374
340 374
171 227
21 370
21 127
1 299
1 135
24 108
108 429
22 108
220 251
309 413
139 413
96 440
96 276
96 317
96 134
327 413
48 413
323 375
200 375
49 89
49 400
58 335
29 335
335 431
91 369
91 115
181 373
181 311
333 337
88 337
252 346
57 252
43 310
218 310
147 236
236 417
310 420
72 236
166 418
145 338
61 145
317 353
263 353
16 90
90 186
151 442
69 226
69 449
95 151
197 366
63 421
13 234
141 234
123 436
123 303
273 341
282 341
2 341
25 341
107 221
140 347
143 423
347 399
143 263
316 432
213 432
36 163
36 383
265 361
164 411
389 437
389 450
47 380
47 314
257 386
8 386
256 401
401 416
120 275
120 362
76 329
76 130
183 313
94 183
32 183
231 238
231 435
343 344
343 408
343 426
92 165
20 165
32 60
38 60
20 259
188 259
66 414
66 388
312 364
277 364
122 342
342 428
248 368
74 248
326 424
368 424
285 306
285 315
92 223
179 223
190 358
27 149
166 261
293 418
101 355
355 416
11 276
11 314
65 172
265 421
120 361
176 197
45 358
45 164
