46.797112
54820
52
9
85592
104 118
11 150
72 91
69 152
12 85
32 134
65 134
15 134
93 173
108 173
35 173
71 173
160 196
50 160
105 160
14 160
48 150
48 170
48 176
6 52
6 137
29 92
138 140
22 120
18 49
19 37
25 138
17 120
49 193
49 155
76 151
124 153
97 101
109 126
37 132
113 124
37 177
124 184
47 151
64 196
138 143
58 64
92 162
57 126
92 131
92 122
151 193
101 135
101 163
7 33
103 124
7 102
7 146
7 179
64 121
55 126
9 126
85 138
120 192
64 109
82 120
12 49
116 184
114 116
94 116
46 118
46 90
34 46
141 149
72 141
44 141
20 98
25 98
8 154
42 98
8 119
8 91
70 95
95 107
95 158
106 112
106 171
104 106
129 182
182 183
117 182
67 75
75 145
75 192
59 81
115 127
99 127
60 186
61 159
83 186
80 198
80 167
78 84
96 136
73 80
142 164
130 157
27 45
136 181
24 45
23 188
16 136
13 78
10 190
10 185
10 43
59 62
142 197
142 199
147 186
5 45
157 178
157 194
174 188
175 188
2 36
31 53
59 79
53 100
53 63
51 127
36 40
36 161
125 159
41 159
39 78
38 86
38 168
38 169
37 134
101 151
87 173
120 128
4 144
64 156
68 117
182 200
133 187
133 179
133 158
133 144
128 186
128 142
80 200
36 87
87 127
188 200
156 159
59 156
66 152
28 56
66 74
54 69
28 122
28 71
26 54
14 54
11 66
136 166
78 166
157 166
95 172
151 195
68 138
124 165
3 102
116 195
128 189
87 180
180 200
6 21
68 75
48 139
1 134
101 191
92 139
49 123
37 123
53 68
45 165
30 111
7 88
88 126
21 46
8 191
3 6
148 156
148 166
110 189
10 21
1 38
77 110
77 89
30 195
