53.325324
28540
73
187
30011
132 264
115 391
116 306
118 172
119 142
119 263
119 427
121 148
121 180
121 348
121 449
122 127
122 406
124 398
129 396
131 275
112 368
133 143
135 401
137 258
139 157
139 297
139 423
144 361
147 314
147 362
150 440
152 442
156 361
158 341
159 439
74 160
54 99
57 182
58 167
58 410
59 210
67 395
68 436
69 442
70 205
70 299
70 353
73 284
74 81
74 106
162 258
79 361
80 185
92 416
98 391
99 414
100 104
100 375
100 409
101 124
102 380
103 179
111 313
111 428
112 175
305 391
268 316
274 433
279 323
279 377
280 322
280 326
280 330
282 338
284 373
284 429
289 431
292 413
293 338
300 344
265 315
306 412
313 421
319 341
320 366
344 430
346 440
380 392
380 420
386 439
387 414
389 414
396 441
415 436
424 431
216 272
163 235
163 400
163 438
172 207
172 401
178 313
181 316
182 278
194 347
197 382
198 360
208 382
210 439
214 433
1 232
216 328
216 431
217 442
219 308
223 304
223 343
223 399
230 279
233 391
237 356
237 370
243 284
245 440
260 344
21 320
46 382
47 442
6 177
6 394
6 419
8 436
9 219
10 316
11 109
43 442
42 124
15 122
16 35
20 338
22 47
3 403
23 84
23 324
23 432
3 320
39 245
2 301
38 341
29 395
1 371
32 237
1 363
196 238
60 112
285 396
113 254
140 250
62 280
48 420
125 381
283 422
396 408
277 396
320 411
337 414
359 367
271 395
219 404
61 223
25 333
220 258
344 349
58 256
145 429
145 358
145 336
69 145
145 307
344 444
17 212
33 431
155 237
155 267
155 303
194 195
155 341
195 204
195 265
195 339
177 195
182 374
355 380
77 149
19 77
28 40
77 113
40 447
24 77
66 164
34 112
34 120
23 34
34 122
56 221
172 184
121 184
191 224
50 134
50 315
70 295
295 439
295 313
244 413
117 244
367 408
155 417
139 206
206 442
152 296
296 342
93 365
165 365
63 89
58 448
248 288
317 396
317 348
7 200
40 285
183 275
183 291
236 341
183 373
180 236
249 358
109 236
234 249
381 437
12 359
12 216
200 249
273 284
6 273
108 239
108 139
33 140
25 91
93 372
91 277
147 170
170 391
138 385
96 138
120 138
147 176
176 216
8 393
119 393
258 287
119 287
306 383
76 355
114 221
48 374
13 256
85 440
85 216
22 86
86 253
13 145
74 351
119 351
87 298
1 26
26 292
26 407
26 151
246 383
66 309
50 60
187 253
98 187
1 364
279 364
238 448
166 182
166 306
130 425
130 267
49 384
72 407
56 72
34 76
51 361
7 114
5 16
5 382
5 318
5 312
295 333
112 186
186 436
174 186
36 74
36 173
199 283
133 199
199 418
269 447
269 400
82 168
83 244
261 357
164 357
296 309
135 294
247 294
90 397
196 397
4 78
88 185
88 107
27 78
290 352
75 345
228 345
2 290
14 80
14 92
14 225
78 388
264 290
88 228
339 345
97 174
390 436
97 354
335 390
198 402
202 279
402 416
234 378
202 252
65 378
17 310
310 327
241 417
191 241
89 244
190 242
220 286
242 443
63 450
1 376
376 388
18 240
192 437
143 222
4 222
171 334
171 203
212 450
254 437
87 189
126 382
126 431
192 372
349 443
365 422
30 442
30 395
379 445
325 379
286 311
311 337
229 280
163 229
213 219
213 338
271 426
302 318
95 302
404 444
236 248
44 75
44 132
190 224
18 45
45 321
82 83
325 329
329 403
161 329
255 332
123 332
276 332
52 251
146 405
35 405
218 369
266 434
369 435
189 199
188 445
54 188
61 426
257 446
257 258
281 385
218 281
41 347
154 226
124 331
41 231
110 316
173 226
141 270
270 303
100 259
259 433
64 282
37 64
64 215
136 169
71 169
209 262
59 262
49 125
31 336
31 179
193 252
193 211
350 360
201 350
227 340
168 340
19 128
55 128
105 433
58 105
136 153
153 255
53 149
53 276
62 266
94 433
94 203
251 411
288 331
40 240
51 183
110 183
