28.064865
547
36
80
62608
114 171
100 105
100 158
52 65
100 164
50 153
48 56
47 155
47 131
46 85
42 71
108 114
109 149
114 115
114 169
98 141
36 79
35 80
116 143
116 144
33 57
33 49
32 79
31 122
31 112
31 44
30 110
117 142
118 176
68 117
79 129
82 151
82 158
83 158
75 164
85 95
72 149
71 87
70 174
70 71
85 147
88 157
68 134
35 111
67 176
66 140
65 127
65 125
91 157
94 131
60 82
96 154
1 56
58 140
56 74
55 116
54 131
141 152
19 132
19 126
19 92
18 110
136 166
16 100
138 147
138 174
139 174
140 160
27 176
10 55
145 155
8 35
150 155
153 168
153 178
155 165
155 170
2 157
2 38
119 174
22 110
130 174
19 162
21 37
128 148
124 140
124 125
21 33
26 68
20 149
19 167
8 107
51 97
30 61
14 67
104 158
104 179
77 113
62 77
81 175
73 128
73 135
73 136
45 110
35 45
34 150
85 121
43 121
121 153
13 34
34 90
76 155
19 76
84 114
33 84
89 148
4 89
89 169
41 90
137 140
23 137
56 137
41 179
41 93
59 104
39 159
76 107
10 133
133 180
149 172
65 172
116 172
86 177
79 101
96 177
7 45
51 61
6 149
4 6
7 121
9 141
9 158
15 132
15 109
59 63
146 157
146 176
5 102
62 102
37 102
173 175
29 173
12 78
24 69
69 75
31 103
103 174
71 106
68 106
40 53
53 97
25 154
25 142
28 38
17 28
120 161
141 161
3 11
3 120
58 156
64 156
123 163
163 167
12 45
14 73
159 172
34 81
78 99
99 101
