95.503885
2682
112
399
23713
149 366
163 331
162 433
161 358
159 410
158 350
157 395
155 241
153 462
153 189
152 272
150 158
163 340
149 184
148 251
148 196
146 466
146 413
146 404
144 393
142 218
142 171
140 348
135 405
178 445
191 382
191 314
190 409
190 310
189 298
188 435
187 315
185 381
179 440
179 370
179 267
134 305
177 405
177 351
175 339
168 238
166 469
166 453
165 447
165 326
164 262
163 474
163 372
90 343
101 477
101 438
97 324
97 254
97 123
96 153
95 165
93 392
93 266
92 134
91 307
102 428
90 138
88 240
87 168
87 121
86 158
85 451
85 391
85 107
84 236
84 154
83 393
118 241
133 284
133 147
133 144
130 421
129 494
126 475
125 132
124 389
124 226
124 128
122 211
192 219
115 479
115 311
115 223
115 209
114 421
113 410
112 191
111 149
110 445
106 460
313 355
339 464
339 387
335 427
334 456
328 428
327 410
323 463
317 423
317 413
315 484
315 338
341 360
304 379
303 385
302 475
301 419
301 306
298 460
297 429
295 379
294 303
289 425
279 495
386 463
481 500
461 498
457 475
446 460
445 472
444 461
426 494
425 434
408 428
405 450
388 421
278 340
381 401
380 482
380 400
379 492
374 425
358 402
355 496
351 499
351 490
345 405
222 318
240 290
239 500
234 381
233 495
228 453
227 456
225 374
224 315
223 495
222 493
222 433
241 276
219 478
218 393
217 360
216 381
214 428
211 467
202 297
200 437
195 211
194 459
194 312
257 357
277 435
272 403
272 292
270 500
265 291
265 283
264 380
261 393
258 489
258 361
258 260
2 187
255 460
253 441
253 417
251 415
251 275
250 348
249 425
246 262
243 494
242 296
38 84
41 98
66 442
66 485
41 93
68 194
40 84
69 194
39 469
70 127
39 439
39 235
38 364
70 160
38 286
42 253
37 240
36 134
35 396
70 322
71 91
35 362
73 198
73 207
73 320
35 197
73 471
34 97
33 38
61 365
59 271
59 282
58 90
57 383
55 91
53 410
59 382
59 470
53 360
52 301
60 190
51 463
61 298
61 325
72 345
61 367
50 410
50 262
47 350
47 344
47 139
46 336
46 321
46 100
45 132
82 87
44 263
43 158
15 461
20 142
80 274
18 288
18 204
6 488
16 491
16 452
16 436
16 271
79 358
80 287
7 152
78 431
13 257
11 348
10 25
8 206
8 232
8 320
8 419
25 397
1 340
3 18
4 317
5 383
30 101
29 460
28 132
6 67
26 352
26 172
26 65
21 435
78 141
25 319
6 486
25 298
78 181
24 66
23 142
22 453
97 137
298 394
63 251
183 290
67 245
18 145
49 116
116 295
116 143
87 273
191 448
359 448
134 448
176 497
32 131
190 407
193 317
15 443
443 500
90 443
209 443
31 35
31 78
31 463
31 363
431 483
24 483
146 342
197 342
120 327
120 151
194 384
153 384
394 448
170 193
213 299
2 299
151 299
54 425
54 149
54 70
332 443
54 354
142 377
240 377
99 255
99 395
259 265
160 259
285 378
173 495
173 401
285 437
173 244
173 224
14 285
293 411
411 436
194 285
137 411
72 76
27 76
208 427
108 167
56 414
399 414
208 220
167 359
136 208
167 430
76 335
375 411
332 412
414 473
105 253
105 257
47 346
38 346
179 346
265 346
145 245
170 412
94 482
94 340
381 432
297 432
346 363
179 455
272 455
93 119
201 211
201 331
201 456
7 119
62 80
62 97
62 115
49 62
119 390
119 337
39 201
103 378
103 252
16 199
199 380
309 465
109 146
333 465
89 308
230 465
89 268
93 308
268 316
330 465
60 109
186 308
210 221
210 354
262 300
300 435
6 300
97 398
17 410
31 229
116 183
375 418
219 420
124 420
26 369
280 421
258 349
301 349
369 453
105 229
63 105
156 230
156 303
273 458
74 98
74 333
176 458
269 383
175 269
174 238
174 203
174 263
12 337
12 219
19 383
19 59
405 480
251 480
182 355
46 182
48 118
48 226
356 500
56 356
368 428
73 368
351 406
165 406
248 383
28 248
77 328
77 247
77 434
81 133
91 422
85 422
75 487
75 236
123 476
329 476
296 476
180 257
180 348
101 117
117 132
241 424
424 494
64 225
64 416
231 445
231 495
81 497
84 104
104 475
430 468
353 468
240 371
222 371
9 162
9 215
220 454
449 454
281 340
281 358
157 212
212 237
309 376
355 376
91 373
324 373
169 205
169 407
131 256
205 256
347 418
280 347
