75.636128
7556
81
1209
36470
104 236
112 115
110 190
110 144
108 279
108 215
108 145
108 134
104 250
112 260
101 222
100 199
99 265
98 147
96 98
93 245
93 146
120 249
132 152
132 141
131 145
129 224
123 196
122 204
122 198
121 252
93 128
120 186
118 252
116 300
116 277
116 138
114 281
112 268
70 184
76 238
76 143
76 130
75 197
75 181
75 87
74 97
72 125
76 297
69 150
69 119
69 113
68 133
67 259
67 176
67 122
132 286
77 149
77 233
78 226
79 266
80 172
80 250
81 142
1 226
84 196
86 184
88 126
88 168
89 98
91 239
93 118
186 290
198 267
197 274
196 253
195 265
195 223
194 218
191 287
186 292
198 294
186 228
183 246
182 235
180 287
178 215
178 211
178 209
235 270
284 296
276 285
254 265
252 289
240 257
239 256
237 288
237 265
177 288
226 274
224 253
221 275
218 246
214 275
205 235
200 284
138 273
145 151
143 275
143 235
142 261
142 253
142 208
140 251
139 218
148 243
137 285
136 258
136 255
136 247
135 230
133 212
133 179
82 172
155 198
156 287
157 283
158 196
159 199
159 284
160 266
161 223
163 257
164 204
165 172
169 224
170 243
171 288
174 281
28 237
32 118
32 106
31 66
30 201
30 148
30 107
30 105
29 281
32 166
28 210
28 188
28 167
27 288
25 295
25 162
25 120
25 41
37 202
43 283
42 178
39 257
38 298
38 267
38 263
38 62
37 203
24 232
36 253
36 125
35 97
33 273
33 109
33 83
32 219
7 50
11 199
10 252
10 144
9 239
8 20
7 282
7 220
7 97
12 17
6 129
6 44
5 222
5 191
4 199
3 283
2 125
18 184
24 154
23 223
22 204
21 266
20 251
20 192
20 175
19 77
66 213
16 44
15 103
15 24
14 265
13 251
12 185
12 85
65 103
50 233
49 230
51 222
63 271
63 242
63 117
64 193
64 216
64 241
52 104
48 251
47 285
53 275
61 145
60 97
45 230
67 71
55 204
66 120
57 243
66 90
65 264
65 231
44 234
46 224
58 110
59 225
59 269
102 253
120 293
40 278
120 127
30 34
34 184
34 133
34 199
266 299
29 299
122 299
88 291
226 291
12 291
132 291
73 291
95 281
95 97
94 143
92 118
92 237
40 293
34 278
33 272
173 184
98 173
116 207
59 207
104 173
65 207
218 272
63 272
26 207
102 173
280 285
24 280
223 280
26 217
73 280
102 217
124 251
124 178
111 286
111 257
110 248
77 248
248 287
229 268
88 229
102 124
20 262
239 262
44 227
136 227
54 69
54 125
108 153
153 283
56 230
56 284
206 249
189 206
187 243
172 244
187 222
64 244
94 127
