52.675376
30332
78
24201
34914
288 387
41 285
41 338
92 257
91 315
91 192
90 312
247 446
85 449
85 216
244 435
84 405
84 307
45 276
84 237
287 443
248 376
287 290
248 430
232 257
34 139
34 141
231 413
35 221
36 117
104 384
104 300
104 294
103 273
250 287
102 205
100 428
39 448
233 290
233 428
297 411
239 421
41 138
62 340
72 159
71 327
71 312
70 91
68 355
68 178
276 359
66 221
65 325
51 429
54 84
55 371
56 364
61 380
60 68
270 278
273 274
273 410
78 149
47 310
47 331
47 400
48 56
252 446
48 367
48 403
48 404
254 409
34 112
78 137
77 406
257 302
257 450
258 278
74 97
51 398
51 422
369 378
10 26
11 244
159 416
158 415
157 267
371 424
371 384
180 204
14 159
9 298
187 234
151 210
187 328
188 325
194 246
18 47
18 409
231 352
5 244
171 319
168 385
1 299
2 77
168 282
427 446
415 447
415 425
168 218
194 381
6 117
167 324
394 423
165 212
175 378
162 413
161 278
160 293
224 319
117 179
26 395
212 401
213 298
330 336
324 344
320 324
221 424
357 413
29 114
312 388
226 319
230 325
231 251
106 187
306 409
33 378
210 265
142 371
197 413
138 184
136 194
21 298
135 160
132 159
130 428
1 80
127 231
201 418
340 426
210 241
340 408
251 356
212 316
30 147
108 371
183 248
113 420
1 129
58 268
143 407
111 346
59 187
231 386
12 309
146 309
309 427
23 220
104 379
69 428
409 442
121 394
47 109
94 248
85 94
263 292
215 243
188 266
85 182
1 182
243 284
284 444
101 284
176 284
78 439
365 366
195 227
17 227
73 227
67 187
31 52
52 131
52 390
52 317
52 239
52 229
34 169
212 389
309 375
238 378
169 181
22 82
349 354
349 372
301 349
170 349
343 446
128 198
126 318
220 280
44 199
141 280
199 317
189 199
280 322
110 159
51 88
81 248
168 261
113 261
25 261
261 346
88 253
46 117
46 241
351 373
260 351
114 351
257 264
264 422
89 419
176 333
57 324
57 221
283 333
57 283
281 445
276 347
255 413
255 319
370 374
43 234
43 231
323 371
63 189
67 358
77 360
63 170
17 295
295 392
180 361
361 447
173 391
173 403
361 436
194 414
160 217
175 208
208 298
78 208
269 345
305 420
40 305
23 59
173 356
52 198
58 442
147 148
148 203
42 128
123 313
31 200
200 387
200 373
96 200
74 313
93 378
93 415
40 79
365 439
82 93
42 309
262 371
41 262
109 111
202 342
297 362
156 362
8 26
8 91
84 332
332 409
227 337
22 225
86 184
79 206
227 326
386 399
154 210
154 168
44 383
383 438
337 389
86 99
333 375
351 358
53 236
53 277
29 53
206 238
222 314
314 330
249 296
116 249
49 341
49 279
377 411
3 377
19 49
235 249
131 377
134 397
37 103
37 219
115 296
115 276
286 417
122 303
163 353
163 341
303 421
105 432
105 292
134 225
311 364
166 311
50 273
34 50
179 242
132 242
268 289
211 423
174 380
271 393
89 174
87 211
214 289
24 174
7 211
16 242
144 393
304 393
242 302
81 366
211 392
121 379
99 286
343 345
191 194
191 195
69 263
266 269
32 213
32 440
76 448
76 336
360 397
63 225
51 223
223 312
95 329
168 329
196 437
409 437
441 446
287 441
12 321
321 433
108 148
186 275
144 275
8 30
98 281
98 368
102 396
172 396
396 418
13 267
13 318
13 335
185 374
146 185
15 417
75 193
107 444
107 119
48 145
240 244
15 150
145 278
118 152
118 450
370 407
19 272
26 272
68 207
207 248
382 414
140 348
97 140
125 308
125 440
39 125
61 412
190 412
77 177
64 177
7 402
155 402
4 340
4 160
120 124
124 201
124 196
209 291
143 291
27 363
27 95
20 64
20 228
152 350
259 350
339 433
334 339
164 237
164 434
153 157
38 153
202 326
110 133
28 347
83 116
83 304
382 393
148 245
215 313
245 256
28 174
419 431
431 445
126 256
217 323
133 240
193 238
