21.327151
30642
26
109
114789
34 54
70 131
67 109
63 138
62 90
55 103
54 132
53 54
51 95
50 121
39 80
73 140
33 138
32 84
30 121
29 95
28 59
25 100
23 90
20 84
17 94
91 135
131 136
128 136
123 131
121 134
115 117
110 132
107 140
101 127
94 137
2 59
91 111
90 122
90 93
89 127
88 138
84 126
81 117
80 118
76 95
1 117
14 74
9 94
11 42
12 72
12 79
12 113
13 68
14 87
6 140
5 133
5 40
5 35
14 104
4 110
13 66
13 65
4 83
4 46
4 44
92 121
11 16
9 16
16 103
16 125
71 131
60 107
38 54
38 57
14 69
48 69
69 114
69 100
42 75
10 75
38 82
78 91
78 96
52 97
52 114
54 130
12 130
119 138
94 119
14 27
4 27
55 124
46 124
71 86
59 108
108 117
38 86
3 61
56 61
8 60
15 120
15 18
80 106
91 112
22 102
22 57
21 138
21 29
112 133
49 85
32 85
8 38
36 67
36 43
5 58
58 90
7 23
7 129
7 109
41 49
41 139
41 65
13 98
98 138
64 116
105 116
45 116
24 72
24 45
58 82
31 37
25 37
19 95
19 127
77 96
77 80
18 26
26 59
99 127
56 99
92 106
47 50
47 117
