26.798593
37001
31
21
101037
36 100
50 73
50 68
48 73
45 114
45 102
45 62
44 71
43 46
42 70
41 76
40 79
38 42
51 68
34 94
33 47
31 109
31 101
31 97
30 95
30 78
30 64
28 33
26 79
25 119
72 103
106 118
106 112
105 117
99 104
94 115
93 94
91 103
85 113
84 104
80 106
76 83
36 66
68 90
66 98
65 85
63 73
62 104
62 79
60 104
59 119
58 68
53 103
52 119
9 92
15 54
14 82
15 88
15 100
14 57
14 47
16 66
12 93
12 42
10 44
17 79
8 73
7 76
19 44
5 39
20 92
5 32
21 33
5 29
3 77
3 61
2 45
1 85
24 33
23 89
50 89
49 89
56 62
6 76
53 120
50 120
1 11
55 117
55 108
11 33
11 94
46 55
11 30
13 110
105 110
85 96
96 119
31 37
4 67
67 111
18 103
18 42
15 22
5 35
21 22
3 18
22 76
35 66
35 106
74 112
74 92
15 69
44 69
43 75
75 107
75 81
3 86
62 86
81 87
4 87
6 55
27 56
27 116
37 116
