111.017312
15263
129
1750
24312
176 414
190 307
188 457
188 454
188 438
187 444
186 483
185 359
183 276
181 472
181 247
180 425
179 397
177 310
190 492
176 401
176 194
175 482
173 237
172 410
170 306
169 412
168 255
166 229
164 294
162 217
161 195
202 279
223 330
222 381
221 340
219 475
219 338
215 471
215 402
214 440
211 460
209 244
203 230
202 404
159 398
201 483
199 387
198 479
198 458
198 452
197 423
196 352
196 233
195 405
193 219
192 394
190 497
107 429
122 482
121 361
121 205
118 442
118 352
118 313
117 407
116 183
114 188
113 446
112 440
108 183
123 185
107 121
106 406
106 248
106 213
105 118
104 247
103 488
103 242
100 383
100 373
100 353
100 174
134 230
159 265
159 249
157 422
153 381
149 426
144 446
142 467
141 450
140 425
139 315
135 306
1 319
224 397
131 348
131 257
131 250
130 490
130 292
130 146
129 162
128 460
125 255
124 238
124 236
124 154
346 368
382 445
378 422
376 386
375 381
374 470
374 413
371 440
357 473
354 488
353 483
353 460
350 437
350 364
384 460
344 368
343 444
340 430
337 365
337 363
335 450
334 464
332 467
332 459
325 368
323 390
322 444
426 500
482 499
468 485
466 483
464 495
462 488
462 475
461 481
459 491
459 478
456 481
438 481
428 493
320 398
421 443
419 481
412 480
410 423
403 464
399 493
394 411
393 425
390 424
387 427
387 409
386 489
240 291
272 337
266 360
263 451
263 351
262 394
261 493
259 294
255 348
251 269
244 441
244 308
243 382
275 446
239 450
239 374
237 347
235 336
235 328
232 276
231 235
230 326
229 448
229 367
228 247
225 389
294 489
319 468
318 488
317 435
316 397
312 350
311 386
309 310
306 465
306 441
305 443
298 467
295 389
134 412
291 484
291 342
290 389
289 317
287 473
284 447
284 293
283 443
282 493
282 446
281 426
277 390
51 331
62 440
62 215
62 195
61 82
98 146
55 230
54 266
53 284
52 310
51 420
51 417
63 202
51 299
51 148
50 244
48 377
48 138
47 64
46 48
45 84
44 398
44 137
44 79
67 420
81 115
77 444
77 443
77 389
74 215
73 436
73 366
73 355
72 486
71 423
69 82
43 398
67 184
67 99
66 379
66 356
65 266
65 237
64 434
64 369
64 162
63 273
11 464
25 43
23 185
22 93
21 237
19 486
19 136
19 76
17 241
14 66
13 293
12 412
26 330
10 52
9 263
7 496
7 370
7 282
7 41
6 382
5 159
4 132
3 241
2 459
34 162
43 178
43 86
40 317
37 380
37 324
37 226
37 134
36 432
36 301
36 207
35 450
57 473
33 485
33 441
33 220
33 200
32 91
31 111
31 38
30 67
29 196
27 195
83 330
93 98
92 449
92 345
92 329
91 420
91 189
90 303
90 274
82 232
91 152
84 163
90 172
84 474
88 319
85 95
85 317
85 262
85 235
85 191
93 433
95 156
95 281
81 158
95 302
95 362
94 155
96 97
97 234
97 258
208 438
270 353
234 252
56 198
85 120
101 441
89 426
119 126
151 271
66 271
396 464
97 396
337 396
356 396
145 254
56 120
453 479
448 453
93 391
36 147
171 330
147 340
206 394
206 386
206 374
147 294
147 162
143 171
19 391
64 391
105 206
106 171
126 391
89 297
261 300
280 300
300 321
300 407
75 241
92 256
48 227
75 190
227 459
131 256
75 237
256 381
90 227
247 264
264 450
24 207
24 151
155 494
320 494
333 494
213 494
64 212
176 212
282 327
39 133
133 160
315 498
237 498
77 327
13 133
160 327
60 498
36 110
110 387
127 312
127 286
127 191
134 455
420 455
268 398
62 268
10 78
78 245
206 208
73 408
185 408
124 314
145 278
255 416
82 416
101 278
42 196
42 425
204 222
204 441
31 260
34 260
266 339
319 339
81 339
349 395
163 395
167 388
388 438
349 388
210 382
273 400
84 210
182 400
318 400
68 417
68 269
70 267
68 150
80 267
216 463
143 216
202 246
216 487
121 246
253 422
253 397
253 310
246 368
267 429
8 251
8 59
171 252
16 270
321 469
350 469
256 297
334 358
358 392
296 299
296 343
255 477
58 477
16 254
219 415
284 415
218 241
218 499
117 431
4 431
15 431
346 439
49 439
183 304
304 473
102 482
102 291
263 418
418 467
20 49
20 372
87 390
87 488
94 288
58 476
28 288
109 476
288 385
87 423
81 341
80 285
285 422
18 487
18 359
165 227
165 314
