48.245634
17495
59
13115
36001
77 157
67 113
70 195
195 226
195 200
194 226
73 399
193 340
76 120
76 136
76 307
76 317
64 391
77 191
190 389
79 346
80 230
84 210
85 131
175 181
89 365
175 179
172 396
46 51
254 388
39 348
40 77
238 398
42 282
42 347
42 385
236 326
236 293
232 375
230 378
94 167
46 123
48 172
53 264
57 283
58 236
59 228
59 337
212 391
210 288
63 173
126 167
113 367
115 399
156 232
117 292
118 154
118 270
119 280
121 346
122 158
122 273
122 361
112 300
146 313
129 271
129 340
132 342
136 252
134 186
134 267
134 294
136 239
136 169
163 213
95 259
96 399
172 249
171 232
168 210
167 183
100 398
101 257
101 319
166 399
103 388
1 111
163 198
106 272
107 129
108 109
163 193
108 308
111 184
111 248
112 199
112 275
7 270
334 348
23 313
25 88
25 99
26 113
27 196
28 132
338 351
8 122
289 369
341 342
283 372
283 354
30 399
346 363
348 379
351 355
5 388
13 230
17 147
327 342
316 389
19 33
19 387
311 384
305 388
331 346
14 128
259 301
12 195
11 159
11 75
332 383
302 377
297 342
290 394
333 348
374 399
37 101
4 321
34 182
34 251
261 280
270 345
374 398
264 353
264 314
262 351
101 216
137 330
346 359
197 256
222 346
32 217
202 295
62 111
47 104
9 268
185 351
160 280
113 269
112 299
180 359
45 281
25 208
34 116
218 266
46 247
312 376
61 87
58 87
336 393
219 237
219 321
219 260
285 391
154 285
24 285
240 285
138 285
114 167
90 114
114 286
172 364
141 235
145 155
56 155
155 211
155 395
41 87
86 87
31 125
125 207
42 400
81 243
43 59
48 320
166 320
85 231
214 231
108 253
19 253
230 253
187 349
43 145
188 349
43 237
90 229
43 342
46 253
14 229
165 229
231 289
52 229
92 231
55 313
55 280
31 320
55 304
55 115
55 108
180 299
140 209
209 384
209 313
209 303
3 400
209 216
83 280
83 199
114 386
66 398
128 255
16 255
66 223
155 386
280 309
167 309
41 243
197 349
37 371
214 371
162 172
162 175
285 295
86 349
62 114
61 135
131 135
15 136
15 283
352 389
303 352
274 348
274 391
9 141
78 356
287 341
205 287
322 344
2 322
102 240
81 102
178 192
204 344
204 369
110 156
110 265
227 256
227 235
215 221
221 323
108 224
224 306
42 139
139 382
208 373
32 320
206 155
206 236
20 324
20 391
136 241
143 241
39 250
250 383
250 254
116 373
87 269
331 339
120 339
76 368
35 284
3 178
74 113
74 291
153 304
173 174
174 184
174 244
22 25
22 296
137 153
382 390
286 390
390 394
65 186
21 63
21 366
176 388
176 195
263 358
28 263
42 150
117 150
34 150
175 203
203 232
17 325
265 325
6 89
6 49
147 220
220 225
278 291
196 278
38 279
59 279
79 149
71 149
91 239
91 106
151 161
143 161
381 397
272 397
258 328
283 328
129 380
56 380
82 170
234 392
70 234
5 29
29 69
170 223
127 306
189 354
4 10
10 365
35 222
219 281
142 399
122 142
87 266
68 69
68 335
201 282
134 315
329 332
329 360
264 276
163 298
77 298
259 315
72 370
93 318
92 318
201 323
130 259
130 343
50 350
50 71
242 377
158 242
150 185
87 312
44 350
44 97
65 160
247 393
47 189
177 218
36 177
124 335
18 124
246 277
277 302
54 351
54 210
60 336
60 362
152 357
152 311
105 245
105 310
45 144
144 164
82 133
133 148
138 233
233 245
98 364
243 356
98 276
368 370
