44.577066
20354
62
132
31632
166 168
158 280
159 197
159 271
86 145
229 288
42 151
43 183
228 260
229 314
227 285
167 210
45 346
168 184
222 341
168 282
81 221
48 333
152 226
29 346
30 214
31 66
32 118
33 59
150 217
34 234
151 254
221 249
91 290
91 233
234 305
152 350
154 294
38 260
156 260
60 285
198 234
175 240
193 229
75 159
58 322
175 300
59 176
59 268
200 341
177 285
62 221
71 115
181 294
69 117
68 267
68 214
66 303
52 258
50 247
219 350
218 284
80 337
214 292
52 64
213 325
52 107
151 270
170 322
172 262
210 236
173 325
175 187
175 224
76 260
115 171
108 234
142 247
262 321
140 163
136 229
272 294
14 280
28 215
13 191
13 141
273 278
134 246
273 279
273 306
113 276
13 343
115 238
284 322
291 325
7 152
117 312
312 345
118 296
120 312
129 286
328 340
330 346
4 175
3 350
334 341
126 129
106 276
94 118
26 350
149 246
147 163
100 163
101 183
102 106
246 319
246 344
145 274
22 340
251 262
20 280
255 340
145 161
251 297
106 194
106 125
105 337
298 337
106 316
283 332
5 28
221 311
168 301
15 119
37 209
41 336
82 202
192 346
66 289
18 325
111 273
111 346
111 350
73 146
146 285
331 346
54 72
131 152
16 132
132 220
25 132
154 212
95 327
239 308
162 308
174 195
8 145
206 262
53 333
53 180
53 190
1 12
39 47
39 129
39 159
12 335
12 215
12 189
160 324
205 291
188 299
257 267
144 257
257 296
229 310
151 310
63 112
112 327
112 127
112 136
104 148
16 148
148 264
10 294
10 66
24 248
36 302
36 240
84 329
84 262
17 198
27 36
17 263
24 330
48 84
24 295
17 332
59 165
165 341
143 204
195 204
255 347
175 347
66 182
182 234
35 322
35 297
35 277
35 47
269 312
152 269
109 280
109 118
206 275
309 331
46 121
46 217
59 99
229 242
115 242
97 153
97 202
99 294
99 322
242 247
131 211
72 146
53 298
123 192
5 308
33 266
247 266
18 123
158 223
223 337
231 339
66 122
122 189
209 289
124 196
124 129
183 237
237 340
53 309
8 57
77 155
155 163
9 21
9 159
44 260
44 337
93 275
25 74
74 299
74 250
130 243
130 196
216 273
179 216
241 249
11 241
6 69
6 67
93 201
99 231
135 185
185 274
40 256
244 256
1 208
208 315
128 210
128 243
205 311
133 169
133 151
324 336
138 300
70 214
42 293
96 245
49 138
92 232
92 113
52 70
157 281
157 302
89 163
55 282
63 245
207 304
55 318
13 89
261 323
293 342
261 335
160 339
188 211
137 178
257 301
15 132
225 317
315 317
112 316
23 203
23 164
201 347
39 54
199 316
183 186
91 186
218 259
65 259
73 103
103 253
85 265
197 265
57 148
246 338
210 338
326 348
83 326
41 320
61 320
2 287
77 287
248 287
87 135
87 307
51 344
51 139
37 90
90 114
78 98
21 78
110 252
102 252
150 252
88 349
56 140
56 235
295 349
97 283
116 212
19 88
19 203
79 244
230 313
79 83
210 230
174 199
116 137
82 304
308 326
