21.249377
181
23
16
130605
37 78
11 35
11 40
11 45
11 70
49 73
12 97
13 78
14 33
47 92
46 72
2 9
36 80
36 72
20 72
21 47
24 36
35 96
33 93
33 61
30 93
30 36
9 62
2 49
1 12
82 99
75 78
73 100
73 87
68 91
57 69
10 12
68 72
9 58
9 12
83 88
55 83
22 83
7 23
7 17
7 57
18 95
31 95
70 95
29 32
29 54
76 96
3 76
48 76
43 94
94 98
69 94
77 90
5 51
42 65
41 51
44 65
71 86
50 71
51 64
53 66
34 71
8 77
26 53
63 77
65 74
28 53
67 84
55 67
12 89
67 99
84 89
38 67
6 47
52 73
52 72
33 85
76 89
16 39
39 91
89 94
6 95
78 79
47 79
11 81
56 81
25 83
9 59
29 60
60 71
53 85
25 51
77 81
59 65
27 56
4 89
27 29
15 19
4 19
