81.048700
13881
98
1744
23126
154 352
167 187
166 470
166 258
165 228
163 447
162 377
159 189
156 389
1 123
155 342
168 259
153 432
152 272
151 452
151 262
151 231
150 377
146 440
144 290
143 381
143 175
181 436
196 200
194 474
191 334
191 245
190 435
189 292
189 229
186 287
183 263
181 459
143 147
180 265
178 416
178 278
178 181
177 378
174 260
172 444
171 468
169 443
169 247
91 272
112 400
112 354
110 385
106 472
105 263
104 410
104 296
100 156
97 134
95 191
113 181
90 104
89 432
88 346
87 427
83 435
82 401
80 125
79 132
78 112
77 353
126 378
139 352
137 377
135 392
134 407
134 404
134 390
132 347
132 343
131 166
128 456
196 419
125 197
123 174
122 356
121 398
119 259
115 418
115 366
115 237
115 213
308 427
348 477
342 446
341 456
340 419
330 474
321 342
316 417
314 481
312 459
312 431
349 356
307 381
306 357
305 441
305 414
305 336
303 412
301 405
301 395
297 456
294 440
398 430
467 485
454 477
442 443
440 462
428 483
425 474
420 481
418 440
409 419
402 474
291 498
393 417
390 490
370 500
370 468
365 469
357 401
352 423
350 434
350 352
223 272
244 303
240 427
236 303
235 429
235 365
234 378
234 291
233 378
230 287
225 370
244 391
222 444
221 287
218 318
216 444
211 235
210 353
204 277
203 353
199 254
198 356
265 275
291 457
290 499
289 367
286 321
284 447
277 403
273 481
271 279
265 491
265 327
156 203
263 437
259 264
256 483
255 495
255 433
255 373
255 332
252 432
249 401
61 108
42 435
34 267
56 364
17 25
32 426
18 312
32 396
8 166
41 277
7 50
41 163
32 106
59 477
56 345
61 124
61 413
65 417
31 265
40 290
6 218
5 279
67 269
68 156
69 224
30 384
4 481
14 447
13 492
13 350
13 242
45 376
45 475
46 291
47 125
45 217
13 145
12 135
34 182
33 398
49 467
60 312
50 283
50 486
52 55
52 474
53 443
15 88
16 116
16 160
16 383
55 304
55 368
56 187
2 343
69 313
4 16
29 305
19 266
37 432
70 385
71 301
20 460
36 51
25 218
27 391
27 118
19 360
27 64
73 174
74 135
75 178
19 461
4 87
69 246
4 432
72 334
370 379
136 265
201 401
107 272
135 421
435 438
173 317
188 453
140 467
44 337
99 133
418 482
192 397
117 174
288 494
254 494
76 329
29 494
76 310
76 489
464 494
76 415
76 382
38 494
353 494
268 279
88 268
150 268
84 111
132 339
350 471
215 471
10 449
39 419
57 218
57 134
94 324
81 305
81 417
28 81
19 81
335 356
23 176
176 469
176 476
176 338
176 285
250 305
250 382
58 191
96 433
96 443
58 312
58 325
17 96
43 135
43 277
43 61
238 303
88 238
458 482
329 374
279 371
108 371
208 255
138 388
290 388
328 415
129 493
235 493
63 493
199 493
301 328
120 328
194 328
303 497
103 286
103 320
165 315
274 467
274 487
274 289
101 274
216 274
212 315
315 384
183 315
232 235
208 445
142 408
201 339
220 466
305 466
335 361
112 455
339 421
142 445
268 299
189 372
372 487
219 325
219 322
193 417
32 193
278 309
42 309
375 438
299 375
76 140
27 270
293 323
157 282
282 288
293 490
270 456
55 293
293 418
293 484
30 282
10 270
257 317
361 497
189 331
181 331
353 399
265 399
48 322
48 344
22 48
93 173
93 472
3 356
3 313
36 359
129 359
449 453
148 444
148 427
50 148
239 351
239 338
143 281
281 301
394 401
166 394
243 450
243 363
243 298
220 243
351 465
269 465
261 310
205 261
138 261
85 275
85 202
85 114
184 443
184 287
448 474
61 479
295 480
69 406
342 406
67 241
241 324
66 94
125 386
156 386
4 35
35 234
107 270
344 439
333 439
358 411
229 358
335 337
164 463
47 164
161 298
161 483
379 479
398 424
424 483
84 133
206 251
2 227
311 488
11 54
20 387
24 422
214 380
185 202
185 302
170 259
51 54
227 248
228 311
92 387
86 478
86 434
33 206
18 179
102 179
374 480
247 276
276 460
66 455
102 130
99 130
130 350
26 319
336 473
109 473
28 319
408 496
385 496
151 369
174 369
192 295
191 451
364 451
34 158
158 290
45 158
209 253
209 350
1 280
200 280
21 397
21 62
326 362
258 362
226 234
226 300
56 98
98 477
9 476
9 195
272 355
104 355
141 149
149 450
136 422
117 315
127 448
39 207
127 380
170 207
