16.819138
21516
22
83
76646
85 157
21 35
106 128
47 58
47 91
47 151
9 128
97 144
93 147
48 126
55 65
56 99
107 123
84 130
56 139
84 94
56 149
79 102
13 74
13 82
13 145
77 119
63 65
118 124
30 77
27 84
31 128
33 84
35 76
35 105
128 134
127 160
127 140
36 127
23 124
38 97
114 126
5 126
112 124
39 147
6 83
6 155
110 112
107 158
6 117
73 107
7 84
72 77
13 135
146 156
107 150
90 129
20 108
15 65
50 59
6 66
87 147
65 116
116 148
18 89
18 157
49 133
1 49
2 42
2 89
2 97
2 124
91 100
100 122
42 100
56 70
22 77
45 111
46 67
31 32
32 147
32 64
12 59
32 148
4 40
28 109
25 54
137 154
102 137
65 137
106 121
41 121
61 68
103 122
103 147
56 101
35 101
6 44
44 47
80 130
74 80
51 135
69 75
35 69
19 60
19 41
104 147
24 104
51 53
15 131
16 22
26 125
26 86
10 13
10 64
136 141
97 136
48 136
3 127
3 126
20 153
129 153
27 57
57 143
72 150
16 137
73 92
8 96
8 142
52 138
52 143
46 71
71 92
86 98
98 160
62 109
28 100
40 131
29 49
29 100
1 132
21 132
4 78
78 115
66 156
17 95
17 146
34 110
34 113
11 81
25 81
37 159
37 133
14 152
68 152
88 120
87 90
88 111
70 120
12 108
35 43
43 142
50 54
18 61
