42.443536
33744
55
797
38389
66 217
55 187
57 65
58 140
58 286
58 293
59 208
59 271
62 250
65 87
65 223
66 190
55 180
67 210
183 220
69 99
70 161
71 156
181 300
181 289
181 221
74 181
179 260
47 226
39 202
41 44
222 258
44 121
44 282
45 80
45 167
45 249
46 92
47 205
175 243
47 265
219 285
49 166
49 185
49 189
210 283
51 66
199 210
197 269
55 146
126 258
112 250
114 229
116 207
116 240
117 239
119 160
119 206
119 267
120 295
122 156
104 116
131 181
156 210
156 196
139 198
139 257
139 272
153 266
153 264
152 165
148 171
89 95
175 205
174 201
81 95
172 220
83 110
84 269
87 149
87 211
87 246
171 239
1 41
171 238
92 269
169 266
163 222
95 136
96 114
97 134
99 225
99 287
100 153
22 39
232 290
32 90
13 216
32 54
30 181
30 161
2 161
3 232
284 285
233 260
13 221
13 297
26 97
4 217
29 162
6 32
21 97
240 275
20 89
15 64
15 127
5 285
15 281
16 59
18 258
243 276
6 21
16 251
39 86
259 269
232 263
232 268
250 255
36 43
36 109
280 292
36 128
37 60
224 231
8 181
38 243
37 227
161 173
28 132
25 220
32 145
194 274
150 288
59 72
95 103
98 291
137 258
65 191
114 191
10 157
34 203
34 124
82 99
186 274
13 155
97 155
111 212
32 212
19 115
132 186
145 191
191 194
248 273
28 248
19 98
17 147
83 93
209 280
91 125
37 178
32 138
138 210
178 285
91 218
74 178
76 91
14 115
119 147
35 93
14 40
58 138
14 111
124 209
47 147
14 288
93 168
153 277
116 277
55 277
245 258
139 245
24 106
209 228
262 287
105 235
75 279
12 75
27 75
213 235
78 262
78 235
4 75
46 235
224 262
218 262
73 154
73 152
73 113
65 107
130 242
10 291
36 215
156 215
130 186
137 204
107 228
234 286
234 269
32 108
102 108
76 133
133 260
88 184
184 219
241 260
49 241
63 102
63 117
34 72
191 204
48 171
80 244
97 244
123 252
123 166
25 277
213 294
61 294
158 188
188 270
129 251
129 270
176 269
66 176
12 247
7 247
39 101
144 151
118 200
200 231
193 275
85 253
87 101
170 296
131 253
110 193
157 277
23 258
15 23
103 242
164 261
29 261
158 261
61 236
230 236
68 220
44 68
1 214
135 214
147 150
56 161
56 232
250 254
15 254
79 106
73 79
256 299
17 256
77 192
77 263
88 159
159 177
159 201
50 197
33 50
141 169
141 278
52 279
52 165
42 52
35 195
143 195
53 120
53 163
9 298
295 298
37 142
94 142
82 182
11 94
11 31
182 237
170 237
48 151
