13.945107
60709
17
11213
127280
38 92
51 69
50 53
49 60
42 60
14 52
14 55
14 93
41 81
41 58
16 41
56 62
37 86
17 95
37 41
30 91
29 70
28 59
26 56
24 91
23 94
22 76
70 99
2 87
1 50
3 94
4 87
89 92
82 92
78 91
76 100
76 93
6 35
7 70
56 71
69 73
64 72
64 67
64 66
62 98
60 90
10 69
11 76
57 94
47 66
94 96
18 84
25 45
34 64
27 45
68 98
68 82
27 34
5 69
5 87
13 83
13 56
64 85
85 87
63 75
29 63
21 92
21 91
12 83
12 60
70 77
11 77
16 65
65 76
41 46
46 50
14 97
92 97
31 86
19 69
19 70
50 80
3 80
20 79
59 79
79 95
18 31
54 61
40 54
39 44
40 44
44 84
60 88
43 88
15 74
35 74
17 33
6 33
32 33
8 48
8 28
8 43
9 36
9 61
