48.880378
15230
58
38109
38407
96 248
79 173
80 94
83 86
86 236
86 259
87 230
88 203
90 92
92 117
93 252
94 223
95 279
76 277
101 235
101 287
103 150
103 191
103 197
109 150
113 144
113 220
113 250
120 202
121 279
64 193
45 282
48 279
51 176
51 261
51 274
53 193
54 86
55 94
58 128
61 140
62 159
63 245
122 151
67 253
68 233
70 92
71 193
71 293
72 105
72 199
73 246
75 115
75 157
75 263
211 243
182 229
185 282
186 273
187 256
196 200
200 224
201 246
202 226
204 272
204 299
205 273
209 282
180 237
218 289
227 248
233 263
233 291
237 238
239 294
240 241
240 285
253 255
271 289
282 300
149 182
127 223
128 167
128 198
128 275
130 204
135 230
136 226
137 277
139 182
140 204
140 234
147 288
1 40
151 161
159 289
160 279
162 179
165 245
167 211
170 256
171 251
171 297
177 279
178 230
30 46
22 49
24 33
25 78
25 85
25 231
26 41
26 52
27 74
27 128
28 239
18 26
30 118
30 254
30 262
31 277
32 72
33 132
33 138
34 248
35 296
6 286
1 7
1 82
1 242
3 66
4 49
5 42
5 172
5 283
5 295
45 189
8 256
9 151
10 252
11 91
11 100
11 107
13 257
14 216
17 226
45 248
45 114
44 79
38 101
43 75
39 211
45 182
36 240
79 284
246 264
59 168
107 156
155 295
45 146
72 126
20 276
171 267
215 252
163 171
99 102
204 292
281 292
193 278
33 169
6 169
169 283
153 169
51 112
152 273
48 152
211 225
111 289
111 171
19 225
126 163
37 252
37 144
215 267
102 276
151 188
5 188
1 188
174 178
79 174
242 298
189 298
15 101
15 273
192 252
49 192
20 169
112 156
203 207
166 207
207 265
207 289
23 237
23 230
148 240
103 148
94 247
247 253
128 212
79 212
212 246
99 212
75 89
89 230
113 184
184 237
171 213
208 213
60 121
60 62
143 253
105 143
49 190
11 190
232 256
140 232
26 232
23 47
142 260
21 116
195 244
14 21
109 244
244 299
21 214
125 129
129 273
147 181
88 181
98 280
176 280
133 206
133 288
86 158
33 158
29 226
29 30
175 278
155 260
217 256
25 217
164 266
257 258
258 275
164 216
98 219
56 219
183 194
26 194
112 175
110 279
110 245
59 249
106 249
108 119
108 179
108 296
97 290
249 269
35 290
104 124
74 104
77 92
77 200
146 232
221 259
16 221
131 154
3 154
134 154
45 154
171 228
228 239
51 84
84 277
65 293
65 69
162 222
222 268
41 57
57 81
12 226
12 206
183 270
2 270
141 145
114 145
168 290
50 90
50 245
123 166
123 269
116 210
200 210
