5.059922
52648
8
1163
113087
34 72
11 16
11 14
65 92
66 92
29 35
71 88
8 80
8 11
7 49
57 72
7 21
29 72
43 90
43 79
43 60
4 95
87 92
43 67
26 39
7 53
61 100
11 50
89 99
72 85
40 91
11 12
33 36
72 73
10 90
22 39
7 58
37 81
45 100
17 20
6 51
76 94
78 94
95 98
64 98
67 75
43 82
46 64
7 46
48 92
53 75
23 76
2 78
5 84
23 54
42 55
55 72
11 55
18 85
38 71
31 38
1 17
58 62
35 96
4 96
1 33
31 32
32 42
88 93
6 93
44 50
44 69
22 69
68 73
54 73
51 61
18 20
30 91
83 89
15 83
70 83
3 83
13 68
26 48
25 70
25 66
30 74
41 99
2 84
13 74
12 37
15 56
19 59
28 47
5 28
52 63
62 63
27 97
43 77
9 27
9 77
19 24
24 86
59 82
