17.039546
32329
23
866
48343
13 117
34 41
118 151
77 91
39 151
40 158
13 175
41 113
41 179
32 42
13 109
44 133
75 149
11 173
75 116
11 81
11 73
82 151
96 151
95 133
25 28
25 84
28 51
28 140
28 180
106 151
42 132
19 51
18 99
18 90
18 76
79 119
17 158
31 84
53 84
1 129
1 155
1 157
56 164
2 125
2 145
3 84
164 176
162 164
5 41
10 158
51 141
70 133
74 114
8 42
75 104
10 88
67 84
36 69
12 115
26 150
65 161
2 54
133 143
83 139
85 133
38 86
1 86
15 86
49 86
89 131
18 127
78 83
72 127
68 136
82 136
61 136
50 87
50 96
50 130
50 128
54 143
50 67
85 29
84 163
36 136
89 153
70 112
68 112
86 115
60 158
28 108
76 80
52 80
113 144
51 144
75 156
155 156
2 146
14 42
16 86
24 69
18 24
60 72
104 154
14 22
2 122
42 122
41 63
13 21
21 94
57 114
65 136
148 151
148 152
153 154
20 32
7 28
7 62
159 164
130 159
11 159
78 86
105 171
33 52
38 134
98 134
21 161
13 169
119 169
12 27
27 137
111 168
139 160
102 160
16 171
9 123
13 123
29 58
29 151
29 91
47 55
13 47
66 124
30 66
56 66
46 66
94 97
23 97
4 30
4 71
50 92
126 165
121 126
45 147
100 124
100 121
6 11
6 43
166 177
15 177
55 64
64 107
103 138
51 138
120 165
35 120
20 147
45 93
150 177
135 174
135 164
92 168
57 93
110 131
59 178
48 110
53 101
101 170
167 172
111 172
37 142
26 37
163 178
