12.852483
27430
23
1076
72795
19 102
106 194
7 137
22 93
42 43
42 122
106 125
61 181
62 166
65 119
7 156
18 97
74 172
97 98
87 119
86 158
84 148
82 143
78 143
15 135
6 119
29 97
24 186
24 115
146 172
135 181
129 172
24 113
119 145
24 33
116 149
109 135
35 106
22 199
22 150
172 200
36 180
77 165
75 112
30 89
56 97
163 165
106 154
14 103
1 57
7 196
19 167
25 144
99 152
20 188
126 134
27 171
72 135
39 117
104 160
100 162
1 49
95 139
47 128
106 128
100 128
39 77
30 162
5 104
5 162
53 119
52 175
10 53
106 192
6 176
117 182
119 182
79 108
147 198
49 147
85 192
196 198
168 170
85 182
22 44
8 70
24 71
60 86
60 160
144 198
7 46
46 172
40 179
101 179
158 179
111 161
37 161
54 121
95 140
48 97
48 115
139 161
132 145
132 172
102 123
123 193
3 34
3 148
3 120
111 136
136 146
33 58
44 200
12 38
56 157
67 143
67 199
99 169
80 162
58 89
16 127
98 127
22 173
163 169
21 84
21 168
28 162
23 123
23 58
12 28
81 130
130 187
180 191
22 118
63 118
118 149
131 140
167 170
152 183
75 76
76 88
34 76
4 76
154 191
153 189
76 188
81 114
96 114
69 90
69 73
36 69
55 153
45 50
41 50
42 195
142 164
38 159
112 130
94 190
94 189
59 108
59 97
2 141
2 40
124 174
96 124
11 64
11 126
25 110
110 151
80 121
151 184
54 195
103 130
79 134
55 184
9 128
72 182
52 164
142 176
171 183
66 91
66 90
13 32
31 70
31 185
27 178
62 178
105 166
51 105
42 197
41 197
83 194
26 83
8 9
68 138
17 133
14 17
116 177
92 177
107 155
32 198
71 138
107 162
