19.255637
16084
26
141
80508
18 105
71 78
66 102
65 96
61 71
1 14
49 92
47 125
14 92
45 154
45 132
45 76
16 81
17 75
17 127
70 131
18 112
18 118
44 146
19 97
44 68
41 56
21 96
39 150
39 59
23 121
39 40
38 66
28 41
1 43
99 127
97 130
3 127
97 116
96 126
96 101
95 145
117 129
126 139
92 108
90 97
6 44
7 88
8 121
88 119
81 123
79 113
74 126
72 115
71 157
1 120
89 110
18 29
1 144
92 152
35 132
71 138
69 160
117 136
136 143
50 73
87 136
29 136
48 107
107 137
37 107
32 107
13 96
5 107
112 159
126 159
2 127
88 114
54 114
47 63
63 70
12 63
69 114
114 135
97 114
35 152
45 148
18 148
115 148
10 148
24 127
24 41
2 87
144 160
97 149
89 148
13 73
100 138
50 100
33 155
126 155
80 140
80 97
44 94
94 121
44 153
153 157
25 86
86 135
52 86
86 145
1 91
91 124
11 103
11 27
4 110
4 46
4 77
34 137
34 109
9 39
9 81
64 97
72 82
82 122
111 131
62 111
37 156
92 156
31 81
27 31
66 133
88 133
104 125
20 104
128 140
104 147
42 128
103 128
26 67
67 90
26 36
22 36
107 142
63 142
51 60
20 51
57 122
57 58
75 134
84 134
83 141
15 88
15 55
53 85
53 95
53 113
32 158
98 158
60 93
30 93
106 129
106 151
64 141
