44.396205
16118
58
719
37616
97 171
76 202
80 233
82 327
83 85
85 136
85 198
85 309
86 247
90 245
90 255
94 230
95 274
76 116
98 291
100 233
108 278
110 285
112 289
118 171
124 215
126 155
128 260
130 176
133 215
61 233
47 289
48 148
52 332
53 87
53 131
53 347
55 62
59 104
59 191
59 196
59 277
137 220
61 265
62 116
62 257
62 312
64 254
66 76
67 300
68 234
68 325
73 220
75 220
254 314
226 237
234 271
235 238
235 339
236 249
236 340
238 297
238 301
244 258
251 304
252 335
253 318
220 293
256 291
260 287
264 322
266 270
266 283
282 332
283 306
284 300
305 318
307 327
327 341
179 300
138 245
144 304
149 225
150 225
156 319
156 336
158 171
163 216
167 318
171 185
176 259
1 70
180 266
182 234
187 241
198 258
199 236
209 274
215 290
216 291
216 339
216 344
220 245
7 258
12 86
11 32
10 215
2 22
33 156
34 285
35 229
41 332
8 245
12 194
6 242
2 84
6 18
38 108
5 241
4 94
3 260
2 231
30 225
21 108
44 304
1 9
23 298
28 274
43 115
15 254
15 179
1 97
13 14
12 262
29 143
29 151
29 249
29 292
29 96
143 217
173 176
29 74
93 157
37 278
65 69
171 213
275 291
72 326
24 276
31 295
12 56
159 313
58 131
170 233
36 247
81 216
42 215
46 253
71 121
26 205
228 260
132 228
228 236
78 228
103 172
172 250
172 266
129 172
166 346
173 228
111 288
144 160
142 294
1 286
6 286
197 286
40 286
59 174
183 210
185 193
183 212
148 193
193 214
45 183
154 193
296 346
176 302
239 302
54 203
107 239
54 322
107 208
107 155
184 225
184 336
54 298
96 190
127 212
127 342
115 181
181 250
132 200
258 330
120 200
168 330
53 330
238 338
10 200
220 338
13 200
285 330
183 296
25 147
145 255
145 166
95 175
137 175
183 205
56 172
111 308
74 105
294 308
193 326
142 350
48 350
135 350
303 327
139 303
26 170
69 184
263 324
17 324
264 324
324 335
105 213
36 58
121 313
22 331
285 331
123 243
55 123
232 345
210 345
323 345
234 343
119 345
304 343
332 343
25 275
216 299
135 299
51 177
146 349
240 311
240 289
102 289
102 245
109 348
23 348
188 348
216 334
327 334
20 333
60 76
2 60
42 333
17 316
268 316
147 316
57 243
63 65
63 133
60 71
206 248
248 265
140 164
16 241
162 221
16 156
221 288
157 218
11 140
129 218
88 218
89 169
89 311
50 89
140 232
37 51
57 217
93 146
192 254
62 192
300 310
108 310
20 211
160 315
125 201
122 201
46 81
31 343
94 153
85 153
276 348
190 315
171 227
227 320
27 186
224 328
226 280
43 328
104 219
134 219
154 186
280 321
114 317
237 281
114 197
222 323
106 222
50 77
77 152
52 99
99 204
94 223
195 223
109 329
267 329
229 261
14 261
106 246
246 273
174 211
92 117
117 195
79 103
79 91
35 165
165 178
6 272
207 272
39 161
39 40
126 337
113 337
207 279
101 279
19 32
19 269
122 141
141 274
49 189
172 281
189 350
