5.379892
93701
8
460
101930
94 97
31 62
22 44
19 49
18 73
39 62
42 44
44 84
48 68
56 70
6 54
6 41
6 38
6 33
3 48
3 28
3 77
4 7
3 52
2 89
67 80
44 72
30 90
3 55
62 85
59 82
1 44
50 96
12 45
12 100
55 85
3 58
58 98
26 68
26 49
25 26
26 61
46 88
42 88
88 95
80 88
26 100
64 88
35 83
50 59
20 45
32 46
32 62
17 81
17 66
17 27
3 40
16 40
20 69
17 64
23 60
23 66
8 69
21 65
60 65
16 91
71 91
82 83
14 34
14 35
8 96
51 81
34 43
5 43
73 79
24 71
24 89
6 93
21 36
36 53
2 93
67 79
51 90
10 76
10 33
9 56
9 52
13 29
13 94
44 47
4 47
7 86
86 99
41 63
63 75
74 99
11 74
15 57
57 70
13 30
37 87
78 97
78 92
1 37
