70.414534
28852
85
1776
37739
196 274
208 280
207 286
207 271
62 99
62 156
207 213
62 302
63 85
64 165
65 237
205 368
67 171
202 294
147 381
60 153
195 389
193 382
148 185
71 280
72 229
74 239
193 333
192 376
78 285
80 192
192 299
148 370
189 193
146 280
47 376
48 207
49 67
49 318
49 344
50 364
51 389
52 63
52 210
52 253
52 348
144 388
53 240
180 230
224 388
55 125
125 400
221 338
57 195
220 381
218 237
212 301
209 252
59 75
208 381
59 313
59 363
159 202
165 372
96 103
165 338
150 195
101 173
102 129
102 227
102 241
103 105
103 140
151 186
161 371
106 165
107 169
166 338
158 341
151 203
118 240
110 162
117 300
111 371
112 356
154 321
153 342
153 308
153 189
151 328
116 285
88 334
179 241
123 288
83 276
83 298
83 332
84 315
85 325
85 397
123 275
175 250
175 231
88 130
123 197
50 292
175 226
175 198
91 377
122 356
173 348
120 252
149 239
93 246
93 255
169 310
93 304
169 199
167 362
23 336
269 274
132 154
132 138
22 175
22 237
346 354
346 383
131 169
346 391
353 388
23 164
23 261
270 351
6 288
257 351
24 372
25 285
26 230
257 306
257 259
256 338
6 252
5 310
128 319
15 255
321 377
11 371
134 296
315 387
310 346
324 356
329 381
134 366
133 392
134 373
283 377
15 121
359 394
15 337
16 173
17 202
345 394
281 394
278 315
135 201
271 341
19 300
135 293
20 392
3 365
37 125
38 50
39 168
127 223
39 327
39 352
40 73
40 396
41 127
42 167
4 98
4 157
141 392
143 148
44 132
3 361
364 392
45 93
3 254
2 173
230 301
229 258
135 384
36 167
4 379
29 79
244 280
4 189
29 170
29 250
30 251
244 274
31 211
31 222
31 340
31 364
32 40
32 334
33 88
240 351
240 307
237 375
237 245
235 341
233 257
248 254
40 386
81 239
127 178
305 351
49 238
50 194
378 394
181 219
188 217
338 360
193 393
68 189
177 287
263 317
77 317
212 317
232 399
28 360
228 320
294 358
156 326
1 136
203 273
335 347
113 163
46 163
46 335
282 381
123 282
309 322
309 364
194 317
1 28
137 237
8 200
8 15
225 251
43 349
201 225
70 137
43 260
43 51
137 229
23 109
100 225
8 371
109 198
109 239
85 92
92 274
92 377
88 214
132 214
320 378
92 113
56 247
39 247
127 247
165 247
192 249
249 352
148 265
175 265
265 316
151 265
110 303
303 367
145 303
338 369
52 369
264 359
83 264
385 388
126 228
126 256
126 322
183 386
136 279
279 341
12 230
12 102
155 202
155 252
13 160
58 339
58 105
58 104
5 95
119 310
119 315
119 330
94 95
95 290
160 310
104 119
95 316
142 315
142 173
81 234
65 242
162 242
137 305
86 289
70 86
247 399
311 358
188 232
311 326
7 134
62 268
167 357
13 61
61 176
93 268
207 357
69 277
34 215
35 69
14 323
323 343
238 303
139 314
229 314
195 272
3 272
66 267
90 267
108 184
103 184
18 103
18 125
18 135
181 234
124 351
124 343
21 349
21 291
124 287
21 90
124 266
30 284
277 284
262 295
10 262
171 262
54 236
59 115
29 115
47 54
114 300
23 114
114 248
312 390
312 367
139 350
243 350
355 380
216 380
152 331
14 331
174 270
174 297
174 368
182 190
182 200
182 319
108 191
76 191
356 398
280 398
87 187
35 187
128 172
89 172
205 206
206 374
27 252
27 285
9 245
9 204
82 97
216 395
295 395
97 393
68 177
82 385
34 273
7 43
