22.059010
39353
25
8189
95087
42 117
74 90
72 109
67 105
64 119
63 70
62 139
60 106
55 139
54 108
52 121
48 116
45 94
77 96
39 109
37 109
36 132
32 116
28 45
27 99
26 113
26 87
26 76
24 117
23 63
98 128
132 135
130 132
121 128
117 129
115 127
115 126
114 119
107 135
106 140
106 112
104 115
100 132
2 5
96 138
94 132
93 108
92 139
90 122
87 102
86 90
85 119
84 121
82 96
80 96
13 73
16 45
13 111
10 63
9 108
8 123
8 64
8 44
8 34
7 102
7 66
7 40
18 112
12 67
13 30
19 29
4 7
5 67
19 88
19 81
1 116
108 133
90 120
63 118
41 95
7 11
3 50
17 122
29 65
15 58
15 125
15 25
20 75
20 66
20 49
14 132
53 104
71 75
71 119
6 13
6 8
20 118
77 131
36 131
51 131
21 131
15 17
53 120
11 47
61 134
96 134
103 134
58 134
38 95
3 134
20 136
48 50
50 91
50 123
35 115
35 108
111 124
67 124
33 137
107 137
38 136
97 117
97 119
33 46
46 106
61 68
68 89
22 132
22 69
31 45
31 139
14 65
56 83
18 78
78 79
59 109
59 96
19 43
43 121
57 125
57 101
99 110
98 110
47 56
