37.889295
33707
49
17985
37009
32 207
93 134
95 215
95 294
105 143
105 245
36 314
117 121
118 198
118 350
120 204
120 336
121 142
121 189
123 130
33 118
90 279
31 233
30 42
123 146
29 137
123 263
131 276
131 307
131 340
133 228
134 167
134 318
135 281
24 207
23 227
136 176
78 134
49 234
49 190
49 293
47 282
49 299
46 265
57 314
58 239
59 331
64 300
70 83
72 315
73 159
77 137
78 133
25 257
42 121
78 192
79 342
41 230
81 215
81 249
81 339
82 84
83 275
83 345
84 110
84 320
86 246
87 105
11 78
247 315
246 315
246 312
246 281
243 281
242 281
241 253
234 279
7 41
233 344
232 343
229 296
227 291
227 273
224 314
219 281
3 187
315 334
300 341
294 338
2 138
294 311
284 331
3 122
3 185
21 233
279 304
4 281
258 270
257 278
5 337
6 25
257 261
176 330
149 258
152 258
153 207
153 302
157 292
158 296
17 78
163 300
164 325
147 239
145 325
176 297
144 314
179 268
181 246
141 331
195 198
137 316
210 315
214 290
137 167
216 233
111 134
105 162
98 294
202 279
55 314
15 300
168 252
143 269
102 289
1 113
34 62
183 238
322 325
254 321
42 107
107 257
107 175
81 107
26 39
92 272
112 173
80 284
161 308
53 325
19 246
29 208
134 197
310 341
4 310
280 309
5 286
188 286
271 286
286 300
242 274
2 274
107 269
19 148
52 78
52 84
39 262
82 218
212 218
99 176
99 190
91 118
91 227
148 208
211 328
298 328
202 274
67 211
67 333
166 237
188 237
197 332
8 174
103 250
174 348
41 250
74 250
183 322
98 221
111 186
162 186
49 226
226 227
151 219
151 333
53 160
43 48
43 156
40 195
40 101
132 324
132 317
132 170
129 312
129 282
129 238
6 132
159 172
155 172
172 214
172 179
132 156
85 97
55 221
107 289
116 335
116 315
14 239
60 240
169 185
169 176
66 335
18 66
200 296
200 295
16 244
16 84
264 331
18 264
96 191
96 307
17 222
223 331
131 223
48 65
65 268
173 321
83 89
150 241
112 150
34 80
160 280
239 266
36 266
115 207
115 257
177 191
75 113
94 177
75 134
75 288
37 232
37 309
177 213
9 255
37 346
255 265
3 109
109 233
174 332
129 252
76 178
281 283
123 283
120 154
35 157
35 127
35 290
13 253
13 302
240 254
184 306
102 184
124 171
21 124
56 217
88 176
88 296
78 329
114 329
38 138
38 260
26 225
225 317
68 348
68 251
165 170
165 258
69 119
119 228
54 71
56 180
274 308
1 250
76 262
61 326
61 101
161 255
175 287
100 301
128 319
203 342
22 140
63 313
44 203
8 20
20 120
139 323
139 231
267 315
27 267
108 277
42 277
71 256
51 256
97 236
182 236
45 326
45 220
126 305
100 305
180 287
125 205
108 125
155 248
248 303
10 27
10 50
74 235
193 235
106 343
106 194
196 206
196 330
12 46
12 349
28 247
103 327
28 259
79 327
28 285
272 327
104 199
231 347
285 347
174 199
92 201
209 301
20 209
89 104
85 222
54 255
14 22
201 313
128 154
