34.562907
54924
40
81
65032
71 127
59 157
59 160
61 162
62 148
62 168
64 106
69 105
70 73
59 123
72 167
73 108
77 180
79 93
79 94
79 120
79 176
80 167
49 107
40 171
40 173
40 178
41 81
43 106
46 117
47 149
48 53
81 105
49 139
52 90
52 153
55 171
57 122
58 152
59 60
59 109
136 143
119 178
122 140
124 125
125 131
127 151
127 173
133 170
135 164
117 150
142 152
143 160
144 165
149 166
152 155
153 174
161 163
161 175
97 170
84 178
85 122
87 108
93 101
93 169
94 123
95 115
96 160
2 160
99 108
101 167
102 127
102 154
105 177
108 158
115 162
27 149
8 26
8 67
33 108
33 106
14 129
32 52
31 146
29 146
14 57
28 115
8 56
9 93
13 102
10 110
12 144
10 117
21 178
22 93
23 171
24 65
7 171
4 170
18 77
40 146
3 146
16 49
5 24
5 54
17 73
5 159
36 52
1 125
6 48
14 132
39 48
40 113
35 62
37 38
40 147
62 145
25 98
11 134
134 136
102 172
93 172
128 130
92 138
14 92
92 127
63 86
3 74
74 144
86 145
44 67
44 125
44 144
63 147
5 15
15 170
15 153
77 82
82 99
59 82
111 122
111 115
35 141
141 153
8 76
76 117
20 42
20 65
98 103
83 103
38 103
79 103
113 156
68 156
30 34
78 105
34 41
34 164
48 78
25 112
112 128
137 152
108 137
121 161
88 121
66 79
49 66
19 77
19 116
118 135
118 126
114 118
14 51
51 104
73 89
27 89
160 179
161 179
91 104
75 91
100 110
50 100
45 102
39 45
