42.460503
222
48
125
68204
40 72
51 116
50 83
49 153
47 83
46 103
45 178
45 176
92 163
45 140
45 126
44 173
95 119
42 106
40 132
95 145
92 155
39 75
39 68
38 58
37 114
36 83
34 39
33 177
32 159
32 88
32 68
31 168
30 137
29 40
98 173
102 127
90 114
79 104
77 106
79 116
80 137
84 173
89 105
72 117
69 153
89 117
65 92
64 146
63 179
63 71
63 67
89 138
100 102
90 137
61 154
61 115
60 177
59 95
58 174
58 151
58 127
56 64
90 168
91 129
54 110
54 76
53 102
92 127
116 167
27 178
14 81
14 63
13 64
12 20
112 168
114 136
9 25
8 126
8 111
8 101
115 175
8 48
116 143
7 104
106 172
118 168
129 150
129 160
5 131
5 124
5 108
5 107
4 102
3 61
135 153
142 177
144 178
146 153
146 177
1 104
14 171
27 99
27 55
26 39
25 165
25 41
24 152
24 96
103 122
24 35
23 64
22 114
21 32
20 130
20 79
20 70
15 90
104 113
16 19
16 66
16 68
16 147
17 137
18 23
18 57
14 85
103 156
18 133
18 161
35 52
102 166
61 162
6 90
2 10
2 127
2 123
11 158
107 158
10 158
120 158
45 170
146 170
40 94
94 106
93 94
8 82
24 82
14 82
82 119
146 164
129 164
28 95
25 28
52 158
43 87
87 148
18 128
103 128
89 128
93 109
97 109
121 173
54 121
74 141
120 141
141 169
5 134
83 134
68 125
79 125
15 149
86 149
78 139
139 175
73 169
73 148
162 170
54 157
7 157
6 180
2 180
62 170
62 125
