87.687674
16789
99
11362
38991
125 155
132 312
130 387
130 295
130 276
130 159
127 206
126 248
125 400
125 329
125 320
132 371
124 329
124 303
124 270
123 348
120 345
120 268
120 241
120 211
119 166
117 322
146 252
157 182
156 159
153 168
150 244
149 399
149 219
149 205
148 152
147 166
146 367
1 64
143 325
138 265
138 263
138 225
138 186
136 170
133 318
133 301
133 262
94 306
100 337
100 222
99 386
99 362
99 131
98 284
97 108
96 258
96 255
95 299
101 146
93 277
92 184
91 173
90 141
90 107
89 342
88 380
88 349
88 317
87 128
109 286
116 199
113 169
113 114
112 231
111 278
110 300
110 279
110 167
110 115
109 360
157 196
109 193
108 247
107 342
106 306
105 246
103 332
103 314
103 197
103 137
244 307
277 305
275 292
272 339
271 355
260 368
251 399
250 368
248 379
246 333
246 332
277 383
244 276
244 261
241 340
235 352
233 286
231 338
231 282
230 249
228 299
224 246
313 340
392 398
360 397
360 388
351 390
351 385
347 362
344 392
342 353
340 356
319 342
223 292
306 309
304 334
292 329
288 348
287 292
286 358
286 316
285 325
278 394
165 290
182 271
181 302
180 278
178 339
173 377
173 328
173 300
170 194
168 347
166 211
183 399
165 236
165 209
162 335
162 241
161 302
160 219
159 176
157 366
157 324
194 395
219 346
216 340
208 365
205 231
202 381
202 376
202 357
202 315
200 219
199 213
117 229
193 341
193 221
190 273
190 237
188 368
185 354
185 264
185 206
184 193
42 195
29 168
31 192
31 214
31 323
31 357
32 302
33 96
35 299
35 301
36 190
37 348
38 124
39 274
86 132
39 391
28 326
42 215
42 378
44 61
44 205
46 98
47 49
47 127
48 69
51 73
55 248
57 104
57 163
57 172
58 87
14 34
2 98
3 107
3 175
3 249
3 281
4 47
6 170
7 34
8 27
8 291
10 142
10 280
10 327
11 271
12 100
39 357
14 220
14 330
15 334
16 308
16 372
16 393
17 205
18 399
19 325
20 39
21 90
22 334
28 51
28 234
69 256
64 293
83 87
82 208
64 350
67 151
67 230
67 364
68 162
69 191
60 339
70 159
71 162
80 280
74 205
75 188
76 360
80 117
77 271
78 199
62 90
61 152
84 152
226 329
58 375
43 52
30 332
259 357
389 396
121 300
16 269
269 337
139 269
239 283
300 336
185 254
96 254
245 254
170 254
201 392
159 201
149 232
107 232
56 254
5 130
5 87
5 302
235 240
239 240
218 244
8 118
118 348
88 118
104 298
266 343
10 298
28 298
26 240
24 343
125 218
132 218
145 343
47 118
63 393
63 392
72 226
118 310
5 56
187 283
129 139
25 189
73 189
174 217
109 122
122 241
108 361
42 361
207 248
100 207
177 179
179 395
259 336
30 218
121 389
22 66
66 248
24 134
134 396
41 168
41 117
208 210
190 369
277 369
50 263
210 339
210 271
57 369
50 75
50 245
135 208
48 135
92 373
144 373
72 187
53 227
331 370
227 297
227 294
14 212
212 299
204 370
154 370
166 212
310 369
158 334
158 297
108 164
164 382
321 384
196 384
332 384
7 384
59 65
59 180
9 298
9 343
40 334
40 351
257 351
198 257
13 108
8 13
231 243
64 243
23 69
23 278
23 325
171 348
45 294
45 116
203 391
203 289
146 242
133 242
289 359
267 359
52 359
85 331
85 165
296 374
306 311
138 311
157 363
98 363
79 352
54 79
238 382
238 253
102 165
81 152
102 368
81 113
296 375
140 154
113 140
171 174
