60.385050
15582
71
109
41964
74 289
147 242
70 76
70 114
70 118
70 159
71 72
72 125
72 160
146 221
72 296
73 83
69 237
146 155
144 214
143 236
143 228
76 289
142 283
77 169
140 241
140 169
133 272
133 152
62 195
158 244
154 260
152 300
58 169
59 66
59 122
59 128
59 164
152 288
61 182
62 165
131 234
62 245
152 230
63 283
64 177
64 217
64 243
150 266
148 216
68 205
68 293
147 287
97 261
94 289
95 223
96 105
96 117
112 269
96 226
112 204
97 163
112 192
112 166
111 257
113 222
98 221
111 238
111 174
100 131
101 197
108 147
101 262
103 187
103 273
103 207
103 254
87 243
130 291
82 191
83 122
83 141
83 189
130 253
130 224
127 247
120 274
87 190
87 218
58 143
88 266
89 110
89 264
90 101
90 186
91 182
92 133
119 183
116 237
115 214
115 124
18 127
13 292
233 265
231 289
220 223
219 245
216 279
214 248
213 284
213 241
213 233
17 60
13 270
212 284
19 299
20 127
21 111
202 239
200 233
199 260
194 201
24 36
24 47
9 172
2 266
3 143
4 191
5 146
6 89
7 111
8 51
8 79
259 295
8 250
254 299
55 133
10 233
251 298
249 274
11 252
11 275
11 286
12 23
12 239
241 278
13 156
169 235
172 227
171 237
39 251
40 194
41 239
170 254
169 271
44 260
45 172
46 113
48 149
193 223
48 153
48 167
168 215
167 292
158 290
50 267
50 274
52 283
53 284
54 113
158 269
26 241
191 206
29 131
185 284
28 216
173 251
27 64
183 210
182 225
32 215
33 180
191 243
180 256
24 67
175 289
175 180
35 254
37 215
109 298
22 122
240 273
86 89
121 294
121 260
121 237
93 213
94 255
1 255
281 294
186 281
43 281
251 276
1 276
75 182
24 75
75 134
70 75
216 285
263 285
121 135
9 80
80 254
80 214
80 147
93 129
97 184
145 184
121 240
109 184
151 251
48 151
14 102
14 17
14 174
111 209
131 209
8 209
14 228
15 266
13 15
243 246
246 264
62 246
172 203
107 127
112 178
143 178
137 180
133 137
22 80
11 42
42 108
30 152
11 30
129 184
68 297
154 297
176 211
97 176
81 139
60 139
77 85
65 85
85 98
146 161
161 215
188 194
97 188
138 279
138 183
136 138
130 196
11 196
56 239
56 283
56 158
23 106
106 229
211 280
280 282
179 183
179 223
72 198
130 198
126 277
126 267
126 136
96 123
123 169
123 274
13 84
84 113
31 232
232 268
194 232
157 219
157 208
162 238
132 162
34 57
104 268
258 295
31 34
25 49
16 258
49 259
134 258
78 104
38 135
86 99
99 121
38 181
107 181
