40.889298
15115
46
232
37151
62 135
52 77
53 135
54 245
55 142
57 64
57 167
59 82
60 235
61 147
51 235
141 180
63 177
65 175
106 136
66 139
67 106
69 200
70 123
71 144
185 226
38 100
39 121
39 234
186 244
107 144
42 57
106 182
44 100
45 88
72 84
45 184
46 218
183 249
48 141
49 186
183 233
183 223
182 218
51 134
89 116
105 160
168 195
164 218
84 130
84 142
84 187
85 101
86 186
143 195
105 242
158 225
157 229
102 246
93 245
154 200
95 142
146 173
101 220
101 153
77 205
73 119
178 216
175 234
175 220
173 191
172 218
76 179
76 196
76 248
151 154
77 216
77 231
78 147
141 189
170 178
81 199
169 183
82 139
82 149
7 105
207 225
134 163
22 243
114 141
209 228
6 131
232 237
210 226
6 217
6 235
116 123
19 125
18 225
18 179
36 192
37 45
228 241
126 199
125 190
16 175
16 148
9 155
119 165
11 125
119 249
215 226
14 234
11 205
13 228
3 102
129 226
192 235
33 175
31 173
30 195
29 234
109 178
27 175
133 235
26 100
237 250
34 142
110 120
35 116
110 208
135 197
4 125
1 134
5 157
112 200
199 211
6 124
28 102
188 223
56 122
110 198
17 48
12 23
144 159
108 186
76 145
164 201
25 30
58 118
74 174
58 80
161 214
195 227
125 227
115 121
115 122
115 127
115 141
102 221
221 235
213 230
9 230
56 80
104 135
104 202
117 206
10 224
25 92
97 162
97 212
74 92
22 128
68 128
27 128
43 128
181 245
108 145
214 227
84 176
171 176
150 245
134 150
132 138
63 138
66 138
21 238
21 177
21 40
8 135
8 200
147 247
105 247
103 144
103 119
105 194
194 218
24 101
24 157
24 215
24 236
23 161
159 201
83 198
2 134
2 114
2 77
36 111
111 151
17 83
20 157
20 228
157 222
186 222
116 137
137 141
24 212
15 70
15 155
87 234
87 147
152 225
152 173
43 91
142 239
239 245
175 219
219 237
166 171
99 166
90 183
45 90
75 245
75 98
84 96
82 96
100 113
106 113
6 203
199 203
140 238
94 140
32 57
32 142
41 50
50 237
79 156
156 240
148 193
47 193
204 240
102 204
118 224
181 206
