7.669344
88389
14
1390
89503
44 96
43 137
37 52
36 137
18 140
18 90
18 56
60 62
119 137
60 98
71 103
9 88
9 71
96 135
7 71
50 60
108 114
37 109
40 117
95 136
43 139
65 137
2 96
2 110
57 129
59 110
70 97
71 104
34 133
6 31
12 49
12 84
12 100
12 131
69 137
32 69
91 105
123 137
60 106
55 132
76 84
35 93
5 118
53 66
20 30
10 67
26 125
114 124
8 39
39 124
8 126
46 124
8 79
76 136
55 83
70 83
83 92
19 80
51 60
51 96
48 54
15 131
15 60
28 123
17 59
10 105
6 115
63 86
86 117
86 133
40 65
11 74
23 72
72 120
72 128
72 82
27 94
11 25
80 122
67 139
47 127
31 47
42 97
13 41
89 102
20 89
1 89
21 121
21 57
86 113
8 28
5 115
34 42
29 129
72 113
4 99
22 128
22 107
19 83
104 109
5 130
5 108
17 30
61 134
78 106
5 95
26 122
78 93
54 134
32 38
38 88
13 91
4 12
27 50
3 49
3 111
64 94
45 77
66 77
29 132
25 64
101 127
33 101
60 81
18 81
16 24
16 41
61 130
74 85
58 85
14 87
14 96
53 99
68 75
73 116
102 116
87 112
112 138
75 91
