69.913917
27555
86
489
32793
69 331
160 222
65 326
66 104
66 302
66 350
67 72
67 184
67 207
67 208
69 74
69 108
158 296
160 258
155 296
153 288
153 197
71 87
73 82
73 270
73 274
153 181
76 291
152 215
150 313
78 119
164 203
51 66
51 210
52 348
53 179
53 337
175 273
175 260
171 247
169 244
168 202
165 180
57 225
148 291
57 294
58 108
58 326
59 115
59 256
163 290
61 257
63 101
63 189
63 318
162 249
161 315
104 139
96 261
124 231
124 187
122 160
98 130
99 313
100 229
100 244
121 240
120 168
118 201
103 336
96 138
104 223
104 306
118 170
105 230
105 325
118 140
109 315
117 193
110 159
116 244
112 290
114 249
88 307
80 133
82 224
83 319
147 336
146 295
146 215
145 266
85 177
86 266
143 212
87 179
87 339
51 182
90 317
138 312
136 340
136 314
136 194
133 275
129 240
126 329
126 219
124 309
95 193
21 79
13 126
14 138
15 78
286 290
17 326
285 296
283 307
20 45
20 61
20 68
282 337
21 56
21 62
288 316
21 234
272 328
269 336
268 350
22 170
23 239
266 333
256 332
247 284
242 338
241 348
176 296
6 328
345 348
1 81
1 342
338 341
2 177
335 350
320 334
317 330
4 162
5 146
6 42
6 134
240 242
297 338
7 211
7 246
7 279
8 315
9 338
10 27
10 106
10 195
296 308
11 178
291 311
46 166
39 60
239 277
39 113
39 174
39 184
184 266
41 54
41 105
43 125
43 271
43 347
44 78
39 89
46 167
46 267
46 277
47 320
48 57
183 239
178 264
177 259
50 130
50 156
50 233
213 317
239 245
228 320
217 256
28 51
29 180
30 175
31 246
216 286
32 178
33 39
214 337
38 249
209 350
203 322
203 254
196 212
193 236
191 303
191 263
190 240
186 191
185 247
142 242
173 277
184 200
66 321
6 292
107 346
35 168
228 278
192 206
103 192
192 224
192 248
204 337
204 249
204 344
244 305
25 305
146 280
323 326
307 323
203 323
144 290
43 144
172 237
55 296
55 330
237 320
55 178
55 160
10 237
153 237
87 141
21 324
141 247
22 149
57 141
149 319
60 226
73 324
154 257
154 272
154 349
155 226
110 149
12 226
232 262
57 262
24 115
92 203
92 98
92 302
24 152
2 24
18 24
19 92
94 324
64 157
36 336
36 348
133 298
20 298
144 300
292 323
35 204
204 278
229 293
31 293
91 293
277 293
97 243
97 261
33 97
77 310
180 310
133 327
276 327
220 232
128 220
119 265
199 265
237 321
11 238
238 307
138 304
253 276
78 304
77 253
111 253
159 281
199 281
221 281
64 321
55 300
142 255
280 346
173 227
94 227
84 191
84 313
177 343
212 343
50 343
25 255
34 107
1 34
26 34
93 216
93 299
49 83
49 79
40 49
3 198
148 198
188 315
188 317
132 175
69 132
131 256
131 291
4 70
70 75
1 37
37 63
248 252
252 313
123 252
193 205
205 212
118 287
136 287
105 151
151 193
124 151
26 251
127 251
180 250
126 250
218 285
102 301
137 316
137 289
102 128
16 218
135 235
235 296
