56.512384
21859
76
1388
33406
165 192
66 248
66 275
174 313
174 305
173 371
172 296
171 348
171 258
171 209
70 122
170 210
167 274
174 337
164 387
162 371
161 366
73 218
160 241
160 164
158 177
76 193
76 242
76 290
157 317
183 346
46 386
203 334
200 366
196 356
190 382
189 241
188 376
50 281
50 338
185 356
184 241
52 266
77 383
55 141
56 241
58 190
175 398
62 103
62 219
63 346
64 157
64 334
65 399
175 319
122 385
95 137
95 315
132 355
127 330
127 291
98 170
100 164
125 329
101 107
124 359
124 174
123 334
94 271
106 277
122 349
122 276
118 355
117 354
116 390
116 239
110 190
116 226
115 157
113 300
136 361
78 90
78 144
78 221
146 324
146 296
144 277
144 273
143 399
142 264
140 399
83 277
139 325
177 363
136 261
85 334
135 335
87 117
88 365
89 249
89 383
91 148
135 148
94 151
94 182
28 58
17 164
19 28
20 107
21 188
267 334
23 278
24 78
266 375
263 274
257 310
254 378
16 46
28 212
28 308
29 378
30 136
252 273
251 371
246 355
33 170
34 107
35 148
36 164
9 113
1 57
2 359
367 378
365 368
345 383
336 366
333 359
4 277
332 352
302 371
6 26
46 283
9 265
9 268
10 135
278 283
274 309
273 327
14 129
14 237
273 324
14 381
15 175
38 127
42 155
42 240
42 61
229 378
37 278
42 262
225 257
41 210
224 312
230 296
223 391
235 383
44 50
46 154
215 365
39 153
39 141
39 180
270 400
319 328
47 291
241 331
318 364
53 383
163 174
195 198
287 378
126 276
245 279
170 247
32 46
135 396
119 120
148 288
280 369
28 187
187 220
144 306
42 191
28 260
244 260
62 343
84 206
220 343
95 181
118 353
62 353
177 234
69 186
69 120
69 250
69 231
228 321
116 197
107 197
197 342
73 197
299 349
82 266
7 82
97 396
298 371
298 334
290 314
18 298
50 211
41 314
114 314
211 266
86 112
13 86
86 207
126 288
157 397
175 397
284 383
284 325
284 323
9 194
60 94
60 346
60 356
194 366
26 159
76 194
159 238
211 280
68 331
245 247
9 149
149 203
45 51
51 57
51 186
8 179
179 207
55 179
97 369
133 231
133 286
211 311
50 121
121 346
53 358
259 359
259 399
111 392
22 111
111 224
68 287
163 358
299 328
188 232
177 232
303 395
188 236
84 198
54 380
234 301
99 297
166 378
166 190
142 269
152 267
217 389
152 384
214 217
217 322
43 264
43 223
43 178
108 145
269 294
108 312
19 269
108 316
5 351
5 208
5 27
394 399
93 394
206 304
139 304
244 304
156 189
156 227
13 156
40 156
195 216
216 352
131 374
148 370
46 370
3 249
3 18
128 190
39 201
72 127
128 136
253 272
72 92
116 307
107 201
208 307
282 285
279 285
236 311
34 339
233 332
92 233
166 270
159 301
39 295
75 295
131 298
138 282
138 340
47 253
159 364
350 373
329 373
262 373
11 297
11 152
40 109
109 388
96 289
147 388
213 341
14 243
147 204
100 289
75 341
256 391
256 377
81 374
81 181
31 104
27 104
117 202
164 202
32 306
122 168
168 171
48 54
48 357
48 165
102 367
102 228
102 105
169 257
66 169
71 340
71 125
95 150
150 214
150 199
176 395
176 360
134 389
66 134
79 199
79 80
192 362
320 362
74 400
74 293
49 59
49 218
77 205
205 347
296 326
326 365
292 372
162 372
222 273
145 222
392 393
67 393
42 255
255 274
31 130
130 344
12 379
191 379
12 25
119 197
321 380
111 303
25 243
