32.099227
69956
35
51
120512
53 126
74 87
73 83
72 125
72 113
71 87
68 125
67 132
66 122
61 85
58 112
57 123
56 86
55 102
54 124
75 84
53 118
52 116
52 93
52 92
47 122
47 101
46 56
45 53
42 105
42 47
41 89
40 82
39 87
38 102
95 127
131 140
127 138
122 136
121 128
117 123
115 132
114 132
112 130
110 125
109 122
107 120
101 102
99 119
97 126
2 84
94 125
93 108
88 140
87 90
84 85
83 139
83 103
82 104
81 112
80 124
79 123
77 113
75 90
18 113
3 82
27 129
26 128
25 113
23 107
5 82
36 98
6 51
22 119
21 89
21 29
20 69
20 59
20 47
19 51
24 51
17 124
17 26
16 84
15 61
14 61
12 119
11 135
11 70
6 120
11 34
10 112
9 56
8 107
7 128
33 89
31 129
31 65
31 60
3 36
32 123
34 35
35 127
1 42
36 76
30 42
36 78
29 140
31 91
63 72
47 48
43 65
3 43
4 79
4 96
3 4
44 107
44 119
11 44
102 133
112 133
72 111
97 111
108 111
50 111
44 91
13 132
13 47
28 89
28 56
28 51
37 63
62 123
61 62
46 137
20 137
49 132
49 128
37 48
64 124
100 106
39 106
87 134
83 134
