101.855370
10247
112
157
41608
162 232
172 293
171 285
171 265
170 394
170 382
170 306
170 256
168 350
167 259
164 323
164 266
174 258
160 191
159 248
155 174
154 211
154 173
150 173
149 253
146 293
145 335
142 278
185 371
200 343
200 276
198 360
197 381
196 200
194 257
189 381
189 209
189 199
189 192
142 274
181 213
180 212
179 356
179 338
179 318
177 221
177 188
176 260
174 349
174 277
109 286
120 226
119 381
119 298
1 303
118 179
118 164
117 119
110 213
109 368
109 289
121 335
109 214
108 330
106 386
105 399
105 296
105 238
104 386
103 158
103 115
100 370
131 249
142 228
141 183
140 226
140 194
139 303
138 165
137 261
136 257
135 142
132 330
202 249
130 348
130 157
130 151
129 171
127 302
126 302
125 251
125 133
124 204
123 156
279 332
301 309
299 341
297 319
293 378
290 302
283 378
283 331
283 291
280 293
279 351
303 366
278 396
278 369
278 329
271 309
269 319
267 363
267 316
267 308
264 355
264 265
341 380
390 395
387 400
386 398
373 381
367 370
365 387
360 362
351 361
350 388
345 350
263 312
339 383
327 370
324 394
324 393
319 385
317 335
315 351
305 368
305 360
303 370
214 319
227 332
226 231
225 379
224 263
223 339
222 263
219 257
218 341
217 272
215 314
233 352
214 261
213 300
212 363
212 334
208 243
207 371
204 357
204 281
203 376
203 344
248 357
263 309
261 372
261 346
255 264
254 387
253 310
253 307
253 279
252 330
249 357
119 245
248 287
243 328
240 277
240 275
240 268
237 371
236 324
234 351
233 384
233 378
23 142
57 395
56 321
20 45
56 218
56 195
21 225
55 125
6 374
22 204
58 113
7 99
8 332
24 167
24 392
25 61
25 163
25 398
26 118
51 160
63 342
17 78
65 203
17 122
18 45
6 353
18 141
18 177
19 26
19 210
50 270
62 341
19 244
60 373
59 375
59 210
59 166
58 333
58 307
19 288
37 89
41 326
40 358
40 229
9 347
40 69
39 333
39 176
38 237
37 112
42 167
36 67
34 339
10 215
33 81
32 59
31 212
30 324
29 176
28 395
47 169
50 220
50 118
50 68
49 243
48 165
47 210
47 178
27 395
10 238
63 283
47 73
46 309
45 262
45 242
28 81
28 165
44 232
43 249
86 141
5 72
12 105
12 200
12 387
13 141
89 190
88 233
87 264
89 273
17 54
85 165
84 171
82 267
81 282
81 247
80 225
79 337
95 332
11 144
2 173
3 25
4 386
99 230
99 135
11 197
98 248
85 382
94 360
94 160
93 215
92 397
92 241
11 284
91 103
90 92
71 156
76 389
6 336
15 232
76 152
76 97
75 203
74 177
72 373
75 156
70 392
70 147
70 128
16 58
67 193
67 143
67 96
66 164
79 304
79 96
77 373
76 394
201 279
116 398
364 381
186 263
35 320
101 378
148 326
148 239
112 148
148 225
175 205
125 205
142 205
89 205
184 225
184 309
210 216
28 216
118 182
182 214
35 184
40 111
111 160
14 175
14 217
14 363
14 107
41 354
38 354
83 354
211 246
53 341
246 342
246 359
246 398
53 215
53 339
101 320
102 363
102 265
17 322
322 371
156 322
116 206
161 278
176 391
161 302
130 391
67 391
206 364
295 303
295 350
52 70
52 240
52 265
52 330
340 357
340 394
18 313
5 294
294 325
9 294
12 313
114 257
6 114
201 235
11 250
250 335
186 235
360 377
79 187
292 370
92 153
134 213
134 226
153 173
64 347
64 311
58 134
56 292
103 187
232 292
99 377
243 377
53 364
