133.981590
21998
145
92
23098
176 327
192 240
191 321
188 195
186 336
185 405
184 297
183 441
181 362
181 215
181 190
180 441
179 461
177 418
177 301
194 313
175 419
175 311
172 284
172 274
170 405
169 435
168 288
168 215
167 466
167 428
167 237
161 498
160 425
210 218
221 464
221 403
221 372
221 252
219 417
215 370
214 416
214 319
214 308
213 421
213 386
212 298
210 346
160 389
208 388
207 210
206 423
206 318
206 242
205 461
204 267
199 445
198 351
197 263
196 360
195 368
195 203
129 195
138 326
137 175
136 317
135 378
135 279
135 273
134 434
134 398
134 377
134 303
132 235
131 240
130 177
139 197
128 483
128 450
128 343
127 443
127 247
126 432
126 389
125 394
125 363
125 349
125 143
124 255
122 223
146 366
159 473
159 235
157 167
156 481
156 478
156 315
154 168
151 462
151 425
151 326
149 413
148 485
148 471
222 295
145 477
144 265
144 220
144 217
143 327
143 261
142 156
140 453
1 396
140 294
140 234
139 383
139 229
326 454
359 458
358 477
357 490
357 370
351 408
351 367
348 476
341 445
341 344
338 451
336 497
334 398
334 382
331 417
361 435
326 391
324 390
322 351
321 455
320 429
317 444
317 346
317 333
315 321
313 499
313 380
313 325
306 482
403 494
484 500
477 488
470 483
465 484
459 462
449 490
437 472
425 492
425 438
424 480
419 452
415 494
407 480
306 316
396 440
393 417
388 420
387 480
384 396
381 445
375 406
374 467
369 395
368 417
366 419
366 400
364 483
250 458
264 390
263 422
263 330
262 450
261 289
261 275
259 493
258 261
255 354
255 328
255 322
254 263
253 336
266 395
246 343
245 259
243 343
240 496
237 461
237 375
236 437
228 395
226 260
226 232
224 338
223 373
223 313
286 321
305 461
304 388
302 395
299 498
299 483
298 469
298 442
297 345
296 368
292 336
290 405
290 388
287 441
140 445
285 450
283 344
282 344
281 297
280 334
276 446
276 360
270 490
269 355
269 309
268 338
267 457
267 403
44 256
49 292
49 50
48 392
48 290
48 147
48 56
47 309
46 291
46 271
46 153
45 375
44 426
44 385
51 126
43 49
42 471
42 398
42 379
42 193
42 104
41 259
40 348
39 452
37 489
37 341
37 278
36 474
62 197
68 411
68 335
67 267
66 490
64 412
64 228
64 202
64 163
63 479
63 447
63 133
63 90
62 227
36 380
62 155
62 80
59 276
58 472
58 356
58 310
58 248
55 435
55 230
54 177
53 327
52 168
10 216
16 99
16 23
15 370
14 342
14 339
14 245
14 211
12 249
12 239
12 187
11 450
10 491
10 423
16 414
10 13
9 370
8 468
8 402
8 380
7 127
6 472
6 456
6 431
6 404
5 8
3 117
2 37
25 405
36 352
36 166
35 343
34 322
34 201
34 162
33 179
32 462
31 139
29 117
28 467
27 222
26 34
120 452
22 484
22 458
21 344
20 244
20 164
20 30
19 206
18 436
18 169
18 96
18 24
17 327
86 132
101 109
100 477
97 309
96 298
96 297
94 498
93 181
91 483
90 296
90 240
89 180
88 159
69 306
87 103
101 145
86 95
86 92
85 148
84 226
83 437
82 494
79 334
78 348
77 484
77 453
76 390
75 439
75 189
112 467
121 462
119 222
118 463
118 174
118 152
117 315
117 200
116 149
115 220
115 149
114 470
114 366
113 494
87 409
111 210
110 435
108 213
107 337
107 323
107 209
106 175
105 375
102 452
101 476
101 353
101 231
101 228
75 158
71 173
71 368
71 171
71 165
70 410
70 350
72 223
73 445
75 90
70 301
296 397
430 451
214 340
340 433
340 348
251 376
225 358
225 376
225 339
225 230
251 374
341 487
419 487
237 448
60 398
123 151
197 460
143 365
182 403
182 346
126 475
222 475
277 498
277 296
86 277
226 277
68 314
186 314
38 458
38 306
332 423
33 332
238 332
320 332
228 257
257 472
257 380
322 486
233 437
156 233
251 397
96 307
215 307
98 118
12 98
87 98
399 495
196 399
399 429
346 399
141 259
141 276
70 241
241 309
44 141
87 241
49 312
144 312
107 312
14 371
81 338
127 371
81 477
46 61
16 371
74 336
74 135
293 347
20 81
89 293
293 433
61 441
61 148
74 172
68 150
150 480
12 300
223 300
140 329
213 329
4 396
4 484
57 390
57 435
178 423
178 290
308 427
172 427
123 430
251 272
60 65
401 448
65 365
401 460
272 486
