47.899742
322
50
265
74276
82 158
66 149
67 105
70 166
71 82
74 118
74 176
75 96
76 137
76 141
76 163
78 124
62 178
82 187
83 174
84 167
86 156
86 197
87 159
88 91
90 108
91 115
91 155
94 166
52 58
44 148
45 116
46 145
47 145
47 167
48 145
49 68
49 72
49 188
50 134
51 108
95 117
52 100
52 188
53 74
55 86
56 93
56 110
57 106
57 159
59 141
60 149
61 87
149 188
125 178
129 147
130 153
137 181
140 167
141 195
143 199
144 174
145 165
145 200
149 161
124 142
153 198
157 168
157 183
162 191
167 182
170 174
173 191
175 193
184 191
193 194
196 199
114 127
96 169
98 178
99 137
101 146
103 157
105 122
105 159
107 146
108 152
109 161
112 146
52 54
114 136
114 150
114 194
116 126
116 154
117 119
117 123
117 128
118 128
121 166
8 63
16 73
8 190
5 87
6 193
16 132
16 164
17 18
30 138
29 30
28 189
17 171
17 180
28 83
7 141
4 45
18 187
19 153
28 81
28 32
27 105
26 163
25 101
25 57
24 199
24 90
20 124
21 49
8 65
8 146
39 137
44 120
44 111
43 174
10 30
41 191
41 129
10 157
41 102
11 96
13 163
14 30
16 47
38 87
35 97
34 116
34 124
34 153
35 83
3 56
35 172
35 192
36 57
1 41
34 64
82 160
113 166
47 113
113 188
37 96
37 146
23 37
17 37
40 44
9 40
40 102
131 159
76 131
34 79
42 186
10 79
50 186
31 114
31 91
2 83
80 178
15 86
22 109
15 199
22 85
12 163
3 12
77 113
92 199
69 92
64 160
104 134
23 104
41 104
104 135
1 185
77 185
117 151
82 151
108 179
74 179
133 193
44 133
48 139
139 177
10 33
33 89
2 37
40 80
