97.183564
12575
115
4040
21287
163 368
170 470
170 372
169 411
169 365
169 290
169 216
168 419
168 224
168 183
165 487
163 489
171 382
163 318
160 460
160 234
159 192
157 423
155 202
153 434
152 216
150 186
145 305
144 369
188 189
200 468
199 253
198 347
198 340
196 323
194 259
193 400
192 453
192 361
191 387
189 491
144 356
187 446
185 470
183 459
183 457
182 482
179 182
176 389
174 451
174 264
174 183
101 305
120 361
119 436
119 413
117 480
117 154
115 218
113 366
113 289
102 397
102 142
101 421
122 278
101 300
100 136
99 420
96 382
93 492
93 332
92 473
92 445
91 367
89 118
88 196
137 155
1 23
143 434
141 191
140 157
139 497
139 218
138 383
138 295
137 432
137 386
137 302
202 373
136 202
135 231
134 312
133 434
132 468
130 468
128 346
128 190
127 488
124 465
324 358
357 453
352 397
349 453
348 365
336 402
336 400
331 398
330 365
327 420
326 421
325 390
361 479
319 382
318 458
317 466
312 437
312 377
311 325
309 421
308 489
306 497
305 363
300 461
411 481
477 500
464 489
459 498
456 472
449 489
443 493
441 493
436 493
424 466
421 429
416 485
299 375
398 427
398 407
396 465
389 474
384 496
381 397
376 459
368 409
367 371
362 497
221 427
248 500
243 398
242 307
242 268
233 470
229 318
228 405
226 288
225 333
223 465
222 375
251 438
220 411
220 322
219 487
218 490
216 430
209 384
208 253
206 368
205 438
204 387
272 305
297 487
296 459
292 365
291 324
288 431
288 353
284 453
282 318
277 309
276 416
274 280
144 166
271 497
261 333
259 280
259 267
258 500
257 455
257 354
257 314
253 436
253 393
39 335
47 246
45 438
44 449
44 433
44 263
42 435
42 399
42 245
42 102
41 400
40 333
47 254
39 270
39 163
39 97
37 78
36 92
35 493
34 466
33 119
32 420
30 384
29 444
61 160
72 168
69 442
69 303
68 411
67 387
66 231
65 488
64 300
63 239
63 128
62 375
29 439
60 174
59 389
57 136
55 288
54 338
54 286
54 239
51 281
48 119
47 298
6 342
13 344
13 244
13 178
10 452
10 320
10 184
9 486
9 121
9 50
8 367
7 368
13 428
6 279
6 192
6 103
6 39
4 488
3 138
2 181
2 162
2 22
1 56
18 378
29 414
29 148
28 69
26 361
24 256
23 110
21 329
21 116
21 49
19 157
19 141
43 189
18 294
18 139
18 27
17 422
17 395
17 304
17 178
16 300
15 23
14 216
76 447
84 218
74 397
78 450
73 196
80 136
73 99
78 166
78 109
79 418
77 182
85 202
82 325
79 235
209 337
364 371
98 436
94 169
87 416
241 299
157 252
86 325
163 249
101 406
95 117
339 355
81 255
79 262
262 310
207 262
122 262
196 370
360 408
408 472
425 456
395 425
151 425
89 408
227 316
78 90
90 438
328 470
384 385
31 388
169 385
328 441
353 388
232 328
54 385
333 385
56 388
328 389
20 388
102 275
177 275
275 476
275 401
274 275
86 95
38 113
38 360
173 202
117 173
59 237
237 367
9 237
114 386
10 237
114 341
114 277
114 129
114 337
25 202
17 25
156 159
156 344
108 156
281 374
374 483
273 374
81 406
335 404
404 452
182 203
79 203
198 426
426 476
11 411
11 324
105 380
105 494
5 105
105 372
113 125
182 236
113 236
301 316
196 285
285 287
278 285
260 285
58 364
217 248
217 412
230 500
230 350
230 325
230 242
44 125
52 93
52 144
210 324
167 210
412 471
288 471
192 212
102 212
106 183
106 139
201 467
93 201
98 334
46 259
46 398
70 398
69 70
70 189
23 403
403 466
23 149
149 257
118 351
351 379
240 283
31 283
293 434
13 123
123 345
147 186
92 410
51 161
147 221
147 250
47 410
129 195
195 487
123 228
161 467
137 293
161 315
71 380
71 446
71 495
160 293
158 161
126 470
23 391
391 416
111 177
111 265
156 301
334 343
180 405
180 214
2 448
434 499
468 499
164 187
164 392
167 266
213 488
172 269
79 213
76 266
105 252
236 241
249 394
343 410
134 146
54 146
45 238
231 238
355 394
9 175
107 175
232 417
211 417
475 489
465 475
439 462
83 462
457 462
197 375
29 197
400 440
138 440
92 440
104 112
24 104
104 486
21 478
231 478
12 247
12 470
215 256
215 454
402 415
321 415
53 312
53 382
75 359
310 359
131 247
131 463
339 484
469 484
87 269
313 370
313 448
