19.402282
21331
29
8615
61242
19 120
102 129
96 200
12 14
95 126
12 108
12 161
91 106
31 65
86 195
82 193
16 74
17 76
82 174
82 90
34 126
20 145
21 178
30 196
81 197
23 99
77 116
76 115
26 47
26 68
26 111
74 159
65 190
59 112
49 106
119 145
165 192
166 187
165 172
156 178
150 153
135 151
135 149
126 152
4 93
123 156
4 147
121 135
120 128
116 194
102 173
7 74
113 181
41 87
169 178
109 186
116 167
106 142
103 134
9 106
10 65
10 26
65 73
35 135
79 106
51 102
48 178
67 182
85 126
56 145
29 170
26 185
95 185
102 185
45 116
13 85
45 132
36 165
36 123
36 60
22 36
13 56
185 191
1 141
112 141
141 154
64 106
120 160
107 151
107 145
4 107
124 163
45 191
25 104
104 145
104 166
45 182
52 124
106 127
79 104
130 180
106 180
62 145
43 62
54 170
131 141
33 73
106 199
165 199
117 130
117 171
40 146
104 131
32 52
32 132
33 80
92 178
74 92
168 171
35 63
29 168
22 140
37 143
15 194
15 122
97 144
97 197
4 155
144 155
133 183
133 179
24 177
177 196
59 177
38 94
94 186
3 61
158 183
3 103
158 189
3 122
3 195
113 158
2 200
2 58
118 160
27 120
12 27
84 114
114 179
41 114
74 114
18 28
28 164
118 127
1 57
57 66
105 136
12 105
5 12
5 76
78 198
78 136
110 181
75 110
76 100
82 100
8 39
8 81
44 150
44 157
70 141
98 162
134 148
148 153
38 71
71 138
54 94
72 146
83 138
53 83
70 143
42 184
11 109
11 137
50 125
50 142
46 126
46 99
72 140
176 188
49 176
40 88
88 89
69 139
37 69
111 175
18 175
55 96
6 55
98 124
63 101
2 101
162 184
