46.489469
6328
61
115
35422
45 315
130 170
198 254
130 246
43 115
43 266
133 210
195 296
77 90
192 320
41 199
135 281
45 381
46 214
137 241
138 201
359 379
143 243
49 95
49 153
205 296
80 347
213 227
210 305
80 245
127 231
210 251
37 54
209 310
207 241
49 178
204 396
128 225
39 114
39 188
39 211
39 230
129 343
40 45
155 183
337 341
149 199
175 287
174 281
150 186
154 186
63 99
63 206
63 219
337 350
70 200
70 157
70 117
65 102
158 235
65 267
158 370
158 374
67 128
181 361
49 212
143 301
50 249
145 337
187 213
186 282
185 192
184 396
184 316
80 337
181 306
181 265
55 307
146 218
146 303
146 338
58 310
59 267
14 214
290 322
289 322
10 65
287 387
287 359
287 325
13 48
96 358
13 280
97 130
284 348
15 327
15 366
15 371
16 396
213 230
18 80
272 310
115 339
316 347
106 389
107 261
321 347
2 92
100 208
111 149
3 297
4 13
5 281
115 299
313 318
304 310
7 32
7 33
113 296
7 356
8 247
115 293
214 376
233 344
267 394
83 359
26 267
226 233
83 101
224 262
126 244
126 281
126 152
126 382
29 198
29 322
30 158
127 131
127 148
213 252
80 368
20 192
93 149
91 254
88 201
90 157
259 347
241 380
244 252
90 103
123 359
247 308
254 352
233 375
22 70
6 281
22 238
57 142
31 330
181 286
186 378
233 250
70 118
7 363
303 336
42 356
324 355
160 326
195 260
296 373
108 176
247 298
71 342
74 328
62 327
34 345
7 248
125 365
72 365
189 233
154 319
128 180
203 254
203 267
222 343
192 275
214 275
210 275
36 275
64 228
80 223
127 223
143 360
3 44
27 385
26 159
228 335
124 400
235 400
269 400
284 385
324 385
322 335
159 213
105 385
201 400
159 240
171 335
335 359
166 305
104 106
104 151
58 104
94 104
191 253
45 367
115 367
2 173
173 239
173 341
153 173
61 179
179 368
35 287
35 127
110 279
265 278
278 332
81 295
332 386
213 386
57 275
181 229
30 229
256 398
260 355
264 396
85 264
160 373
190 322
190 312
120 231
120 320
314 353
312 314
291 387
68 291
273 353
53 273
273 299
45 109
87 109
347 351
296 351
76 348
39 311
90 311
220 329
194 76
108 298
9 168
62 116
87 277
60 277
247 255
60 255
34 116
224 323
313 323
50 323
141 268
171 392
84 392
7 141
21 119
21 262
21 56
384 389
82 384
64 169
173 194
169 360
41 399
364 399
334 399
31 270
270 388
270 295
36 397
317 397
94 377
369 377
51 234
89 234
79 202
51 79
49 79
143 263
149 263
165 362
119 362
285 362
107 362
159 342
241 340
337 340
69 139
68 139
139 288
165 217
217 364
28 369
28 66
28 183
53 156
75 156
92 161
161 331
302 365
38 69
38 177
15 122
122 213
78 345
78 215
24 159
19 328
17 216
216 283
216 297
168 182
182 189
71 232
248 346
12 140
65 140
283 300
201 300
73 146
73 126
191 220
279 349
309 349
44 363
329 346
9 25
25 118
110 378
319 336
132 242
132 309
144 242
144 307
24 81
124 294
52 222
258 390
126 390
28 330
136 380
136 163
81 302
101 393
11 354
167 395
54 147
162 164
130 197
134 393
66 193
197 310
155 162
193 236
72 147
98 258
98 112
52 232
121 357
121 318
1 63
42 398
256 271
271 358
221 268
221 274
13 196
96 292
100 292
23 86
23 257
208 372
372 391
12 47
47 383
237 286
25 180
172 276
128 333
257 333
172 216
1 19
166 395
276 354
196 237
