34.676770
79084
39
1480
81726
66 107
56 107
58 187
60 119
62 119
62 199
64 83
64 182
65 120
55 156
67 122
67 138
67 142
67 179
71 94
72 131
74 116
74 132
49 127
36 113
37 52
40 140
41 42
41 86
41 93
43 106
45 119
77 152
50 112
50 181
52 183
52 190
53 80
53 117
53 168
54 107
139 196
124 186
126 131
129 151
131 185
133 135
135 153
135 157
136 147
121 150
148 151
152 171
156 200
161 180
165 196
167 180
177 186
180 198
96 151
82 156
85 107
85 147
89 140
90 106
91 188
94 95
94 129
2 188
97 106
98 151
105 187
107 175
110 187
115 147
119 189
120 138
29 31
7 48
7 144
8 24
15 84
31 61
30 120
15 17
8 111
22 23
8 138
8 184
9 120
28 152
10 53
26 195
14 140
13 186
4 15
21 107
1 5
23 39
3 113
23 81
5 69
32 196
32 126
5 194
31 101
7 34
113 176
61 141
6 57
78 164
94 169
35 118
35 87
35 41
35 187
50 145
12 162
138 162
100 134
35 149
34 63
38 199
21 38
130 143
87 143
162 176
33 113
13 33
19 156
19 99
19 127
134 149
188 191
186 191
16 130
16 135
104 188
104 135
125 160
5 125
107 125
74 125
174 193
10 174
164 169
100 125
70 97
56 70
78 162
73 178
73 151
103 156
103 106
49 59
26 59
59 172
47 150
47 79
128 151
52 128
114 140
68 92
18 68
44 46
46 60
63 173
75 196
75 113
64 88
27 88
173 174
23 25
25 131
59 141
11 53
11 180
20 119
20 152
146 195
146 154
15 108
7 108
74 137
147 197
64 197
57 174
17 51
51 94
158 192
12 192
123 155
123 160
102 121
102 166
102 175
163 200
50 163
159 170
76 92
58 76
109 145
109 114
137 159
