5.839451
106974
11
505
116440
66 87
12 35
12 34
44 48
10 97
45 84
9 89
12 65
43 92
56 60
56 83
56 100
5 56
17 79
4 11
2 87
27 87
12 85
6 91
15 56
28 74
17 99
37 82
33 98
55 98
70 98
69 73
36 72
36 81
20 36
3 46
12 71
39 81
1 12
1 86
13 30
30 77
14 48
14 40
14 16
6 14
14 26
29 46
29 71
50 72
24 50
15 39
98 99
5 54
54 61
33 57
57 86
18 57
57 73
88 98
69 74
76 97
61 76
25 38
13 25
24 25
47 100
3 47
42 49
25 26
9 23
11 23
23 95
23 52
23 58
64 85
58 64
7 87
4 96
92 96
82 96
10 21
21 51
40 78
8 78
22 93
22 43
55 90
90 94
44 75
53 75
75 84
32 80
32 95
19 31
18 19
59 62
59 65
62 63
41 63
45 68
67 68
7 88
37 49
