48.499319
1269
51
98
90552
83 88
72 147
74 196
76 141
79 105
80 134
80 142
81 107
82 98
82 114
82 192
72 124
84 167
85 199
86 102
87 168
87 172
88 91
89 93
89 159
89 162
89 193
58 165
46 58
46 71
46 128
46 174
49 133
50 93
52 133
54 195
55 96
57 195
92 160
60 119
60 181
60 191
62 72
65 96
66 161
67 87
68 84
69 194
72 103
144 159
115 134
117 194
121 144
123 141
128 197
130 151
133 190
140 194
141 172
143 160
111 141
144 185
150 151
151 159
151 171
156 167
157 199
164 196
165 166
165 170
165 200
101 132
93 116
93 184
95 113
95 154
95 180
95 190
96 177
97 198
99 196
100 128
1 125
101 153
102 158
102 189
102 190
105 169
105 182
107 146
109 136
109 140
109 156
21 187
16 48
16 135
16 145
16 172
17 153
18 36
18 79
19 161
20 109
21 36
21 37
21 175
15 107
22 134
23 88
24 110
24 120
24 188
25 142
26 90
26 126
26 139
27 195
28 153
8 134
1 7
1 148
2 13
2 88
2 195
3 133
4 128
5 11
5 29
5 128
5 152
6 144
44 161
9 188
9 199
12 40
12 112
12 178
13 31
13 56
13 75
14 43
14 45
14 64
35 132
35 63
34 89
33 96
32 183
35 80
35 94
41 131
32 177
32 149
35 165
36 106
41 97
39 84
38 160
42 87
36 155
47 80
173 191
2 10
3 118
12 118
118 153
24 118
96 118
61 64
61 199
138 190
138 159
51 153
70 108
26 51
59 172
104 165
41 127
36 127
118 173
5 78
78 82
10 61
30 179
30 107
160 176
109 176
14 176
105 129
1 129
129 199
66 122
122 195
53 161
53 107
72 73
60 73
147 163
137 163
128 186
186 196
61 77
104 108
59 77
