18.831662
6893
23
66
94047
37 91
13 118
15 20
49 74
15 84
47 110
47 96
47 78
45 70
18 19
19 63
19 77
44 75
43 75
37 102
14 120
22 48
22 58
37 86
22 113
37 71
31 54
31 51
30 120
30 47
29 89
25 105
29 47
29 39
29 34
7 18
107 118
105 116
2 62
103 120
92 94
85 116
4 16
75 88
5 30
5 32
5 46
5 99
6 31
12 83
73 83
52 70
68 83
67 70
66 94
62 117
56 94
10 118
62 111
59 75
60 73
61 116
21 37
26 66
81 112
70 98
30 115
62 115
115 116
15 109
79 109
11 91
11 29
11 19
23 30
1 64
15 64
41 75
41 89
65 97
90 97
24 97
1 97
26 115
93 111
15 93
50 90
50 107
69 116
69 83
55 60
55 101
33 55
82 87
62 95
24 87
22 95
38 72
38 74
102 119
9 35
42 119
80 88
80 106
98 115
7 57
57 104
49 57
17 76
16 76
40 70
23 81
36 110
36 114
100 108
79 108
4 108
8 31
3 53
3 112
28 115
27 28
8 27
9 40
