46.000080
12755
56
355
40610
47 138
42 230
43 119
111 166
44 189
109 197
46 151
46 280
109 156
42 218
108 201
47 281
108 141
48 239
49 242
106 127
51 134
118 119
126 245
31 162
123 282
32 213
33 134
122 142
119 288
119 286
103 259
36 66
37 254
39 265
40 151
41 257
42 96
42 147
62 119
78 155
77 253
74 233
73 167
71 231
71 180
70 298
61 254
78 207
70 236
63 191
63 266
70 182
68 199
68 193
66 81
127 133
78 226
79 167
57 188
80 162
82 109
92 221
92 293
93 167
1 282
94 262
95 255
97 242
98 107
98 139
103 117
10 213
162 278
171 225
179 245
195 254
15 143
196 223
200 257
202 239
204 223
12 282
11 198
212 223
11 163
11 120
11 65
162 285
9 63
8 171
224 242
233 291
6 139
5 132
4 287
238 253
239 289
4 84
254 258
257 270
260 270
262 265
2 253
139 158
18 95
143 194
26 38
143 175
26 205
142 269
27 127
142 227
25 71
137 139
132 154
132 146
29 265
131 220
128 213
127 218
20 116
18 160
18 214
161 265
18 239
19 245
159 222
148 222
154 155
21 232
22 103
23 275
153 166
151 172
75 119
177 190
203 254
30 196
93 235
171 295
142 217
60 257
210 272
18 215
150 208
208 253
4 208
47 208
129 208
208 244
130 279
108 271
63 183
21 183
115 183
54 183
48 183
220 268
192 240
192 280
192 297
242 283
173 283
234 272
24 63
24 70
104 295
104 217
113 125
113 288
50 113
120 246
151 246
65 105
102 150
102 232
102 276
52 250
105 298
118 250
20 105
250 261
69 102
83 105
100 142
100 103
208 234
78 91
91 277
91 109
91 171
54 209
173 209
124 157
143 157
26 157
58 223
58 239
67 103
67 218
56 103
18 56
4 101
144 237
149 229
149 224
149 164
162 294
240 294
75 101
28 300
28 116
181 213
181 266
3 299
222 256
227 256
3 157
215 279
53 261
53 68
136 169
265 267
99 275
151 187
107 121
233 243
222 267
290 296
129 290
124 169
34 35
121 176
45 99
187 245
78 243
57 64
64 110
130 299
25 89
47 89
248 273
248 285
235 271
90 139
90 284
112 166
109 112
167 274
139 274
134 170
170 282
31 228
55 228
119 165
92 165
92 241
7 241
72 145
145 166
17 178
137 178
161 178
203 250
66 140
108 140
30 268
16 251
16 276
83 216
88 216
66 206
13 263
14 23
14 44
14 184
190 263
168 263
174 260
174 247
174 189
87 206
135 185
119 135
59 72
59 249
211 292
185 211
114 186
7 186
86 188
86 237
85 252
131 252
61 219
76 219
86 87
152 233
152 168
35 177
60 144
229 264
134 264
