17.200000
92
22
36
97949
27 53
54 77
50 78
47 106
44 117
44 104
39 93
39 75
33 39
31 72
27 73
55 115
27 30
26 84
25 69
25 32
22 115
19 49
19 36
18 19
17 49
71 97
115 120
91 115
83 115
79 118
79 113
78 98
77 96
73 118
72 92
2 37
70 106
68 119
68 78
65 77
64 89
64 84
63 72
59 79
57 69
1 106
11 15
11 58
16 103
11 107
12 44
13 25
6 84
3 51
16 62
2 110
16 35
2 67
2 94
12 108
23 95
43 90
78 109
109 120
44 109
41 97
52 109
11 41
41 43
7 109
21 41
51 102
42 102
40 77
5 40
40 72
76 79
4 76
7 86
8 71
8 46
10 39
10 25
74 88
17 60
5 20
3 60
29 60
20 82
20 33
19 114
2 114
38 116
38 111
38 94
41 100
45 115
45 84
56 90
28 56
31 112
70 112
81 82
81 91
78 85
11 85
16 101
44 101
23 28
61 99
61 84
24 89
24 80
14 116
14 34
60 100
4 105
83 87
66 87
105 119
48 105
9 86
9 88
