74.680915
29267
84
136
34251
111 152
119 344
118 266
117 183
116 249
114 233
114 116
113 294
112 284
111 268
120 310
111 148
107 284
106 278
106 237
106 154
105 300
104 269
102 245
129 270
134 272
134 218
134 139
133 347
133 316
133 312
132 307
131 287
102 192
128 302
128 247
128 202
125 223
124 290
123 308
121 346
121 207
79 196
85 181
84 329
82 330
82 187
82 121
82 109
80 335
79 266
87 307
78 236
78 122
77 308
76 332
76 297
76 281
75 220
69 308
95 150
102 110
100 116
98 344
96 299
96 178
96 127
95 173
95 160
136 280
93 319
93 233
92 322
92 210
92 101
91 175
90 93
88 129
207 231
243 288
238 265
235 241
230 311
229 284
229 241
224 242
221 346
211 242
246 282
207 213
204 350
203 311
200 234
199 338
199 320
199 225
198 267
276 280
317 346
308 340
300 313
294 334
294 301
291 329
289 310
286 296
191 265
275 346
264 350
263 348
260 265
259 309
254 350
248 335
246 328
149 324
165 307
163 220
161 243
159 183
158 348
158 304
158 277
156 232
167 241
149 255
147 287
146 294
145 287
143 171
141 198
140 232
139 167
181 186
188 329
188 227
188 200
183 253
183 247
182 207
181 341
181 198
2 244
177 324
176 197
175 257
175 201
174 246
173 250
172 259
170 263
51 232
46 197
25 63
48 146
48 212
48 271
49 120
49 138
5 300
49 175
49 306
49 318
50 197
11 45
52 81
52 226
23 298
23 108
23 70
23 55
12 48
54 286
55 116
55 311
56 66
36 133
29 99
8 244
29 208
30 244
7 124
31 266
32 232
28 286
27 143
26 263
34 149
35 335
24 241
37 284
38 243
25 307
39 52
40 311
25 179
9 259
42 124
9 292
25 162
10 223
64 143
60 325
60 345
19 59
3 349
61 78
14 57
3 283
1 129
3 104
12 287
67 310
65 94
15 66
66 225
65 214
66 153
66 115
65 239
20 280
57 347
59 285
59 315
57 222
4 47
59 229
12 76
16 198
286 326
73 229
13 157
158 166
55 279
5 228
12 321
142 262
60 97
232 342
209 240
158 215
134 215
16 215
102 305
28 305
111 305
265 305
18 188
18 344
74 148
44 74
68 196
68 216
68 269
194 198
106 137
128 137
25 137
124 194
89 220
89 162
89 129
116 194
58 252
252 292
13 252
217 252
46 168
43 243
43 149
43 66
130 305
130 215
217 331
136 331
250 331
199 295
4 86
86 209
78 295
86 185
41 323
151 293
25 273
273 300
29 126
126 143
326 331
60 135
135 149
97 240
6 43
157 168
73 323
6 151
86 166
168 228
89 321
18 142
192 339
329 339
193 251
177 251
156 184
184 258
189 244
181 189
121 190
261 318
223 261
274 333
45 274
47 274
62 220
62 314
33 93
33 242
280 303
133 303
53 266
53 294
56 337
256 337
3 17
17 223
155 343
155 344
49 169
169 308
65 164
164 175
103 242
103 246
103 299
72 205
72 115
195 314
83 195
21 71
21 262
219 286
92 219
144 327
205 327
180 232
22 197
206 246
180 350
22 52
206 335
215 342
29 336
300 336
168 190
