67.153653
29044
84
2279
36223
99 312
117 142
116 377
114 301
113 324
109 308
349 419
102 440
102 399
102 112
121 127
96 446
95 307
92 173
350 415
351 395
90 374
90 275
90 178
134 149
149 282
148 194
147 406
146 308
143 307
142 442
140 367
135 325
135 180
90 148
343 365
130 395
130 159
345 349
125 251
124 367
123 319
122 426
62 146
68 418
68 255
68 204
67 251
66 80
65 313
65 219
65 186
63 352
69 265
61 135
59 446
58 162
55 448
55 385
54 218
54 132
52 406
80 331
90 137
352 414
357 366
86 328
86 174
86 129
86 122
86 94
81 276
149 336
80 284
363 365
78 169
366 407
74 356
73 377
72 142
70 428
229 448
241 434
241 270
240 366
235 377
234 411
234 294
234 239
232 402
232 303
241 450
227 389
223 365
310 406
220 308
312 361
213 339
212 428
212 337
272 389
301 306
301 379
292 313
289 312
287 424
282 289
278 415
276 381
274 356
209 241
269 304
267 276
265 385
261 327
247 438
247 378
246 284
245 265
154 288
165 265
327 411
162 291
162 208
161 450
161 252
327 436
159 173
157 370
327 364
154 210
154 179
153 442
153 427
153 375
329 448
151 377
332 395
192 350
314 352
200 212
199 212
198 308
196 350
194 341
194 258
316 349
113 238
183 319
182 446
178 206
177 340
176 232
173 317
172 353
169 184
367 420
9 177
25 161
24 430
13 89
13 264
13 358
24 254
24 244
15 389
22 142
21 373
370 443
35 215
35 231
16 356
395 417
35 410
17 365
36 305
40 121
36 321
19 50
19 57
21 320
19 187
39 389
38 65
37 287
36 372
37 100
37 97
5 234
380 416
49 194
2 26
3 93
30 171
3 298
3 359
3 422
46 102
4 392
4 400
4 439
26 60
390 428
6 169
8 83
43 367
8 441
8 400
45 413
45 116
45 256
45 197
118 158
112 280
82 408
44 293
251 429
101 113
142 163
21 226
204 259
396 406
4 12
322 335
19 266
27 433
18 141
141 409
8 141
16 433
212 433
37 103
110 181
319 412
167 283
160 319
160 247
41 406
14 354
24 34
34 36
34 366
23 107
23 268
23 276
35 152
106 376
13 79
118 262
3 193
131 262
173 193
245 262
6 262
285 309
43 285
185 285
76 285
21 193
193 366
285 432
64 193
142 346
334 346
190 386
190 248
1 113
1 154
141 279
31 260
71 103
4 250
102 250
153 250
232 250
242 432
242 389
121 242
24 393
393 428
80 168
54 330
200 330
168 360
90 201
201 241
104 144
144 315
144 332
194 228
228 368
3 166
75 166
166 278
262 280
47 412
161 296
177 296
188 243
114 188
34 233
101 226
309 388
207 388
247 323
65 323
158 166
213 391
30 391
129 391
26 170
170 352
23 233
396 429
246 263
121 263
54 203
194 203
153 333
42 333
326 448
80 326
42 225
120 428
145 149
145 265
214 225
197 311
175 290
108 297
211 290
231 348
236 311
237 290
115 311
248 348
424 449
61 449
297 426
53 449
348 404
297 353
243 403
27 403
150 334
221 350
26 221
34 224
133 308
133 377
279 354
138 293
62 138
138 261
22 105
139 352
139 377
251 421
45 421
8 217
7 368
367 371
7 195
7 128
65 371
126 253
14 84
84 318
217 307
135 156
156 161
233 302
71 376
79 224
342 397
32 370
32 395
210 257
257 281
20 48
48 428
266 295
295 433
339 423
136 384
10 271
136 155
387 437
56 423
28 380
344 384
93 398
91 446
347 398
169 344
292 437
85 382
162 445
21 445
234 300
300 365
12 322
206 447
383 447
11 187
11 51
33 307
33 211
94 164
164 191
106 164
163 167
86 299
299 349
29 258
29 119
110 259
81 249
249 401
202 286
202 260
15 202
222 283
222 394
216 401
216 444
87 98
46 87
13 338
68 338
304 435
20 435
408 435
82 126
186 273
273 425
17 431
230 431
77 355
77 269
51 369
362 369
18 205
205 405
76 189
88 189
144 397
152 342
31 111
10 111
41 382
150 277
28 105
91 277
