98.631681
29619
110
168
33309
232 292
229 347
229 390
230 358
99 403
99 375
99 195
99 174
232 258
98 420
98 228
229 271
97 278
237 244
238 320
240 358
95 206
94 320
93 307
93 194
92 417
213 270
115 383
115 299
114 152
113 386
112 244
110 408
110 404
212 432
110 223
243 365
224 293
224 325
224 326
105 314
103 248
103 179
102 229
102 148
227 394
76 89
259 386
259 433
78 396
78 107
77 445
77 401
268 314
77 86
76 357
80 249
75 180
74 151
72 166
72 155
72 73
71 124
70 322
70 88
68 346
85 88
92 119
91 316
244 262
251 342
253 354
88 328
88 218
253 380
87 414
116 124
254 358
255 328
82 365
82 355
256 433
82 144
81 106
80 372
80 357
152 294
200 245
161 239
160 206
159 161
158 194
157 300
156 345
154 291
154 259
154 226
198 272
152 182
151 426
151 276
149 383
148 225
148 173
148 171
146 244
145 411
185 379
176 438
175 365
174 399
174 338
178 430
174 185
180 363
172 351
180 418
144 446
186 299
169 234
169 214
169 181
189 253
190 342
163 419
163 328
193 323
206 281
128 386
127 247
200 443
202 213
203 269
205 252
124 335
205 273
205 305
129 222
122 318
207 310
209 419
118 437
118 391
118 368
118 293
118 199
116 388
136 307
144 257
144 208
143 285
200 288
142 320
142 213
141 247
139 287
138 287
76 168
134 310
133 385
132 194
131 398
131 204
131 163
130 299
129 322
129 261
25 57
30 214
30 153
30 42
29 78
28 425
27 192
367 383
368 421
26 152
369 386
30 434
24 406
24 336
24 220
24 163
23 385
23 283
23 76
23 72
373 393
361 421
38 260
38 247
342 430
345 388
346 378
349 414
36 106
67 423
35 352
21 76
35 264
35 215
34 43
33 232
32 233
32 196
32 104
362 394
365 371
6 98
13 92
409 435
410 425
11 448
10 332
412 425
9 213
8 172
7 421
14 26
5 172
4 341
4 286
4 150
3 387
3 379
418 436
3 135
1 433
389 414
373 422
373 436
378 410
381 438
382 433
383 413
18 164
18 69
385 415
35 444
394 421
394 450
402 432
16 131
15 411
15 77
14 427
14 267
14 165
300 364
287 423
289 316
290 314
55 407
295 409
55 263
54 143
53 55
296 346
298 434
57 246
51 321
51 183
51 142
330 419
300 395
303 411
304 432
305 417
307 323
62 308
67 332
67 309
67 140
67 105
66 310
64 385
63 448
63 160
62 355
51 117
62 231
277 419
61 143
278 306
278 377
286 414
59 161
58 154
57 442
43 241
46 376
46 302
46 266
45 374
45 370
318 449
45 65
44 109
312 320
43 137
328 343
41 345
40 147
40 83
328 360
40 44
318 359
317 448
46 420
307 344
316 397
274 440
235 424
56 126
102 279
82 313
23 167
22 392
244 311
131 311
161 311
211 373
169 211
211 247
211 416
211 432
26 216
163 216
142 340
34 340
12 259
12 26
329 386
103 329
20 405
205 405
224 431
414 431
50 366
46 50
106 280
30 280
151 242
129 242
80 280
227 242
50 287
421 441
314 441
17 297
17 188
17 250
17 203
201 316
201 448
118 201
20 201
4 324
55 324
39 324
32 60
35 284
60 67
66 284
60 432
60 408
284 300
284 411
52 299
52 307
108 124
43 108
318 356
265 339
110 356
172 384
27 47
187 346
19 78
143 187
47 331
19 174
101 167
49 253
49 194
162 310
162 200
126 409
26 126
126 440
311 424
246 333
174 333
56 392
101 111
327 366
215 327
123 279
123 313
282 428
106 428
90 102
90 210
90 269
90 274
2 184
184 235
22 184
77 337
337 358
99 121
62 121
10 84
84 447
31 84
170 342
88 170
170 383
96 297
96 429
348 416
109 348
217 350
178 350
79 425
40 79
188 400
400 438
39 334
120 334
315 345
353 439
37 193
37 198
37 221
283 353
206 315
192 353
278 315
45 177
177 409
232 319
3 319
197 301
211 301
197 219
100 275
272 275
48 125
191 219
125 191
236 311
48 265
236 384
