70.215636
9746
86
29519
36776
87 204
94 168
91 392
91 290
91 216
91 170
219 243
89 243
88 121
95 173
87 92
86 330
220 246
84 220
84 210
83 236
83 183
220 323
95 374
95 380
96 211
97 212
99 162
101 127
102 259
102 363
218 221
104 273
104 341
217 296
105 359
107 256
108 255
70 199
59 249
61 236
62 166
62 315
62 346
64 142
65 162
249 331
248 377
244 332
68 125
68 244
69 255
70 164
242 298
216 311
70 225
70 229
71 306
72 328
242 259
237 269
76 104
77 236
78 291
78 325
80 87
227 312
225 302
223 253
222 242
142 359
152 355
151 232
182 306
184 206
148 338
145 236
144 277
144 190
153 221
141 221
139 151
184 279
184 361
185 211
135 294
186 225
187 242
153 338
180 214
179 340
156 243
179 184
178 214
177 306
160 394
162 204
162 207
165 253
167 347
168 175
168 381
174 318
122 144
215 394
212 369
211 395
210 365
208 210
206 212
112 347
114 214
204 260
201 375
201 304
117 143
119 225
120 321
121 140
1 143
123 176
123 239
124 151
126 377
128 314
128 367
129 220
129 269
193 338
192 256
131 211
188 245
133 272
133 312
188 231
31 87
16 269
20 102
21 78
24 188
25 260
296 376
296 324
295 330
27 139
28 128
28 235
29 201
30 356
15 68
32 47
32 98
32 268
33 249
282 311
282 301
281 282
278 399
274 282
270 354
40 255
270 334
42 123
325 362
383 389
364 399
3 152
348 377
347 386
345 389
343 359
339 385
6 19
6 169
6 247
338 370
333 338
253 337
8 143
8 330
9 18
9 108
9 198
320 328
318 344
312 396
300 358
14 202
14 310
14 366
300 327
51 395
48 50
266 318
264 382
50 137
50 303
51 146
51 161
51 203
43 143
263 264
53 121
261 270
260 391
260 280
256 287
255 335
251 264
269 307
44 183
46 58
44 400
44 100
154 176
41 242
265 399
5 287
43 113
55 150
264 368
143 213
66 308
22 275
26 395
54 82
307 351
241 351
134 263
94 134
189 196
63 328
297 349
90 336
17 349
204 336
349 362
336 384
74 132
132 243
228 300
63 342
66 349
322 387
267 387
148 387
270 293
155 294
64 317
13 111
163 360
332 360
147 155
317 388
52 293
17 360
23 238
27 155
77 111
288 317
101 111
36 360
22 23
154 317
196 308
39 135
106 120
106 235
106 243
39 62
39 385
93 106
39 321
95 234
234 242
234 303
123 234
283 390
181 342
305 394
68 305
9 250
191 250
250 272
250 340
136 359
136 394
159 163
159 352
4 121
4 221
181 189
158 201
158 344
46 233
140 233
233 356
233 326
115 292
255 292
292 353
12 399
12 225
56 186
56 241
56 252
172 200
200 224
200 254
200 352
228 284
299 328
299 322
172 195
144 195
67 68
67 184
184 271
75 271
30 37
37 274
388 393
393 399
194 220
44 194
201 309
309 312
91 118
118 128
10 62
10 256
57 169
155 284
78 197
197 214
138 389
213 336
23 150
5 171
253 276
104 372
2 398
32 110
205 296
144 286
11 262
50 372
188 286
250 368
26 275
73 85
73 143
73 151
116 210
116 377
149 290
384 397
34 350
60 149
55 350
45 397
35 285
254 285
285 395
226 240
52 226
226 283
74 230
54 230
230 319
38 103
38 152
38 377
347 357
9 357
258 389
258 306
109 313
103 109
49 249
49 255
7 257
7 209
14 373
269 373
113 138
127 329
289 329
79 90
79 378
6 316
151 316
130 394
130 209
351 379
157 371
82 293
57 157
81 171
81 276
110 379
2 390
262 371
205 233
