26.329631
30446
35
1664
43243
120 154
32 152
57 101
57 221
125 194
125 164
59 174
125 135
61 201
62 127
28 55
120 159
32 218
26 65
64 82
64 169
65 137
23 168
65 244
68 217
73 174
21 134
21 116
51 95
141 155
146 208
147 166
141 143
41 155
130 226
39 147
50 212
151 168
151 209
1 80
125 246
55 107
55 162
165 198
35 119
35 64
34 147
170 240
55 177
56 151
201 224
12 75
12 43
91 163
81 217
91 140
102 181
90 155
198 213
21 26
20 147
95 103
85 146
8 247
8 204
214 241
8 123
98 116
7 155
95 202
13 45
19 110
191 196
106 129
76 153
2 13
91 249
76 174
17 21
76 175
16 129
15 146
14 129
91 189
13 127
4 12
25 120
47 192
10 32
13 121
89 118
27 246
84 217
105 203
87 109
79 120
24 29
24 187
48 250
57 216
37 156
40 97
33 227
46 166
46 91
46 64
46 172
191 230
197 230
94 171
65 190
78 190
67 104
6 22
6 52
6 114
12 149
129 206
108 115
71 115
150 243
10 171
79 109
29 219
57 144
65 144
118 230
157 190
157 171
21 207
198 207
158 198
64 158
99 147
99 155
69 85
69 220
27 230
67 97
83 125
83 146
48 219
104 187
105 216
193 203
193 226
122 193
66 92
66 87
183 193
84 156
37 66
177 188
174 188
174 178
95 178
8 126
5 31
126 217
31 186
52 126
31 78
76 126
31 250
176 227
93 176
40 230
32 148
114 148
66 192
11 184
100 215
100 179
77 88
30 88
142 241
23 142
135 142
38 232
215 232
51 210
210 245
222 245
108 222
25 231
72 184
38 233
39 233
71 111
111 200
128 201
128 151
173 200
47 195
110 195
72 173
89 223
54 138
62 138
235 240
181 235
182 183
182 212
18 225
18 19
63 150
121 231
63 193
186 234
117 234
58 160
160 225
117 185
1 185
53 80
53 161
36 237
49 139
43 86
102 239
22 238
98 132
132 229
36 143
131 167
44 172
94 139
44 228
112 239
86 249
180 238
42 236
205 236
113 236
124 200
96 124
229 248
3 248
9 211
3 211
58 74
60 74
136 243
133 136
70 91
70 77
76 145
113 145
16 242
42 242
33 149
112 199
9 199
167 206
