6.416596
10732
15
75
74185
32 82
10 105
47 90
8 106
35 71
13 95
74 108
32 98
10 41
32 113
10 48
57 90
61 103
68 90
4 89
18 25
10 65
78 110
16 90
42 49
26 90
1 80
73 87
51 76
7 76
55 64
30 81
81 87
56 81
25 81
63 93
5 114
81 109
96 115
29 100
5 18
86 101
46 76
40 92
22 91
42 77
32 9
92 114
77 83
35 92
50 103
38 50
50 111
28 92
14 60
14 43
14 30
92 102
13 50
23 77
2 90
91 108
2 88
14 89
12 60
16 76
46 81
45 70
38 70
43 70
111 118
115 118
15 40
15 23
1 14
77 85
80 100
67 117
20 67
67 94
67 88
53 85
109 119
50 65
37 94
91 110
4 24
24 44
24 106
45 62
8 9
69 74
7 69
27 36
17 36
91 104
62 84
39 64
17 39
3 31
97 104
33 78
33 79
55 73
58 101
11 34
11 59
11 117
63 96
58 97
107 116
19 52
21 75
72 112
6 59
34 75
6 120
66 93
54 66
3 26
91 99
49 116
52 63
99 112
