16.569897
36820
22
306
60767
19 173
82 126
75 161
75 82
28 172
27 169
27 117
67 132
65 164
17 18
65 85
62 169
61 166
17 117
19 25
19 133
77 82
57 151
55 79
54 151
50 162
43 110
43 90
22 156
43 72
24 30
24 68
39 162
38 162
24 148
26 179
93 151
144 166
140 177
137 177
2 162
149 178
151 154
159 169
104 176
103 176
94 156
91 156
9 17
34 71
82 130
86 166
33 175
86 171
11 132
10 24
37 99
4 8
13 141
119 151
125 156
83 147
31 153
87 169
160 177
14 19
23 131
118 145
59 107
59 160
127 162
70 150
107 153
74 176
69 77
31 69
12 115
174 177
80 101
94 101
17 101
101 132
101 154
42 101
17 46
46 161
46 102
46 55
41 46
17 109
48 100
8 109
30 138
93 138
138 139
16 152
152 178
7 152
111 152
46 141
106 169
106 162
147 174
64 119
63 79
63 175
14 131
44 65
44 132
105 135
135 162
134 146
146 155
2 146
35 146
23 40
40 105
81 124
24 81
5 92
5 65
120 149
60 120
4 120
45 120
52 92
52 112
73 142
78 129
16 78
42 73
108 139
108 168
66 74
84 88
84 142
15 98
15 122
15 28
47 129
113 158
24 113
87 115
64 66
112 170
36 96
36 123
99 170
6 177
6 167
21 151
21 123
21 43
15 125
29 145
76 172
32 76
56 180
26 56
29 127
163 166
156 163
128 180
118 128
89 111
89 136
116 165
116 179
20 38
20 70
58 132
58 95
49 150
95 143
34 143
124 157
51 53
51 122
121 157
1 71
1 114
48 49
68 97
3 97
