12.386617
10267
21
614
88873
49 76
17 49
73 95
14 91
14 45
14 19
33 93
68 138
21 60
67 101
81 109
85 90
85 137
9 115
88 115
109 128
93 97
93 111
27 42
37 49
102 138
95 140
4 109
27 55
101 136
101 130
36 85
41 85
91 131
87 123
14 52
61 93
94 115
13 94
10 95
12 20
12 109
12 129
27 92
46 47
17 51
77 106
22 125
78 109
57 126
30 103
103 116
27 64
49 64
80 115
80 133
80 139
7 25
18 58
8 58
54 58
4 84
39 134
89 93
34 99
44 82
1 65
22 52
38 66
74 79
14 74
26 56
56 101
6 50
113 130
113 129
12 134
28 94
51 98
78 125
71 115
71 116
36 89
39 94
41 121
26 40
40 85
119 120
69 118
63 120
118 127
47 120
15 43
21 118
15 123
15 99
65 107
5 12
16 122
115 122
10 61
70 138
70 126
92 110
100 124
46 110
30 32
32 63
82 106
57 98
75 138
75 77
40 107
62 64
25 62
48 87
48 135
44 58
29 84
3 108
3 54
3 69
66 135
5 34
83 105
114 117
1 23
2 13
31 53
2 72
108 114
23 112
53 139
104 132
50 131
7 86
35 86
59 111
11 59
29 100
28 104
24 93
24 96
34 105
