13.514443
25018
17
8078
89405
53 74
11 43
11 59
11 111
65 80
60 95
56 114
55 120
55 79
14 84
55 73
16 38
53 76
1 47
45 70
43 51
39 80
20 84
20 100
38 63
36 95
23 84
34 56
24 56
32 53
31 88
80 108
93 112
88 105
85 117
84 92
95 96
96 120
80 102
100 107
75 112
9 100
1 94
74 80
71 112
80 104
8 88
38 106
41 110
2 57
48 90
3 86
101 112
10 101
66 100
17 113
29 78
66 118
55 83
68 83
81 90
81 86
54 78
45 103
37 77
37 57
103 116
6 37
68 98
15 98
82 87
21 91
87 23
84 87
25 91
87 88
50 91
98 110
33 103
8 98
103 106
91 118
42 119
3 52
46 48
42 104
10 52
18 25
72 95
56 72
62 112
62 119
38 89
89 112
5 112
5 100
54 98
53 99
2 18
26 28
77 115
7 115
35 95
28 41
11 49
13 49
13 30
30 85
19 113
19 109
4 22
22 82
22 117
12 29
12 44
7 67
64 67
58 69
11 69
58 97
27 97
40 61
26 40
17 35
