36.419274
318
46
103
44579
104 231
39 205
74 242
75 130
78 93
84 153
85 227
89 218
92 125
37 58
93 247
96 221
35 53
100 104
40 109
32 236
32 186
105 205
106 232
110 232
111 121
31 115
31 60
30 176
111 131
28 34
114 151
114 178
46 187
49 207
49 112
55 58
56 129
58 72
58 124
61 218
63 220
47 172
47 160
47 94
65 130
46 209
114 214
66 222
46 50
43 232
43 174
70 143
42 153
41 156
41 134
71 93
41 77
40 228
74 97
74 190
222 238
17 174
118 143
15 20
14 49
169 206
13 49
174 215
174 217
175 222
206 216
206 243
220 249
221 245
159 187
9 220
9 204
9 102
227 232
237 247
1 230
7 131
6 220
5 32
4 230
3 34
2 185
133 153
123 230
126 143
24 34
25 147
25 184
123 158
129 221
130 191
131 165
121 205
22 104
140 164
143 153
21 230
20 142
20 44
20 43
154 185
157 176
66 223
113 148
155 176
43 146
197 239
116 138
23 222
23 205
23 172
9 189
239 240
202 240
240 246
158 240
108 131
49 101
18 135
87 219
53 145
145 164
145 218
95 145
38 56
38 80
38 143
38 198
68 145
22 99
156 241
98 218
32 161
114 161
12 62
47 59
58 59
62 230
119 163
163 176
52 127
19 127
86 179
83 86
34 193
130 193
11 212
11 198
185 208
74 208
11 36
208 218
221 229
131 229
136 224
132 196
57 213
79 132
40 200
67 200
143 144
25 144
25 139
32 139
82 222
28 82
79 240
108 196
114 244
182 244
91 153
91 104
8 234
16 168
128 183
36 152
171 181
37 168
68 171
128 202
69 162
137 152
27 51
19 210
125 210
23 138
31 150
93 150
99 155
173 185
173 225
226 233
178 226
194 203
137 141
141 225
54 141
35 122
81 122
135 194
98 113
10 12
10 180
170 237
45 170
41 90
90 206
73 140
33 73
87 167
116 211
211 235
146 192
107 159
107 201
67 107
57 149
64 250
40 117
42 188
177 250
149 224
18 188
149 195
13 250
29 188
21 248
117 185
199 248
85 248
103 192
87 88
26 153
26 179
48 167
76 197
48 103
27 223
76 189
38 101
88 210
31 166
166 176
120 240
87 213
136 241
162 203
8 120
