66.134125
33020
82
128
38145
63 103
171 346
166 396
162 286
158 317
156 300
155 289
151 331
150 317
148 275
148 261
148 159
63 73
172 338
63 208
147 374
147 326
147 280
66 279
147 265
145 326
144 286
141 341
68 166
69 205
138 236
179 225
41 125
198 289
42 315
196 212
195 399
194 354
183 322
44 166
181 236
180 249
46 212
180 218
73 157
178 322
177 302
48 151
177 287
50 269
51 272
52 292
54 247
54 300
175 341
174 270
114 227
88 243
121 241
120 284
120 198
91 126
120 191
1 210
117 307
116 131
114 357
114 325
114 248
88 90
112 215
95 346
96 272
111 180
110 326
109 136
106 236
106 185
104 132
104 108
102 172
101 151
80 319
73 222
73 272
136 339
136 277
133 364
75 112
75 222
76 260
131 379
128 364
78 207
80 289
41 129
125 267
81 305
124 355
123 361
123 311
122 148
83 314
84 131
85 193
85 219
86 104
16 242
11 13
296 342
286 301
285 307
13 55
13 127
282 292
13 255
279 345
279 291
274 322
271 364
296 353
269 335
17 72
17 92
17 160
268 296
267 321
267 276
260 266
257 360
256 267
250 398
202 311
336 360
1 260
367 380
364 368
360 384
359 378
358 360
3 341
351 380
5 49
5 270
6 289
346 354
250 397
330 378
319 326
315 392
315 371
315 316
312 380
9 378
310 355
307 386
306 335
303 366
300 395
211 399
28 85
250 391
29 177
216 222
30 87
31 317
32 79
32 99
32 213
32 400
214 222
212 340
28 277
210 355
207 262
206 272
205 305
205 223
37 131
37 278
38 112
39 270
40 63
41 53
41 57
24 35
250 387
20 204
20 241
245 352
21 375
22 91
241 294
23 154
240 245
23 304
238 311
24 73
24 377
24 390
235 269
225 288
225 264
27 257
27 273
27 348
217 399
222 372
58 225
118 293
34 73
77 227
119 289
25 254
237 350
88 394
394 398
378 394
105 394
10 228
10 161
10 130
10 87
224 290
55 142
142 143
71 142
77 119
199 299
197 247
197 276
197 361
17 221
60 147
60 165
60 362
221 269
136 221
97 204
97 313
97 336
167 217
23 393
91 393
8 260
8 172
34 254
100 296
100 355
100 236
100 226
7 32
7 172
7 279
7 374
100 309
58 197
27 381
248 329
229 329
89 329
329 331
142 293
19 127
19 309
74 120
74 346
41 74
91 283
283 346
253 311
200 300
94 267
94 161
151 152
23 139
139 307
113 207
113 143
207 324
164 168
168 187
332 400
168 232
168 375
105 140
25 140
140 399
303 332
112 324
65 332
56 140
61 332
363 372
36 363
260 263
205 263
203 232
81 203
192 308
42 192
115 286
234 387
115 241
166 349
347 376
18 317
134 322
137 234
299 376
67 85
67 177
334 344
316 334
151 170
170 270
59 251
30 59
59 344
298 370
186 212
4 298
131 186
43 236
43 184
15 297
15 128
45 362
45 245
290 350
98 231
98 292
82 146
242 383
82 194
365 383
366 383
82 83
117 220
26 220
259 360
148 259
149 237
259 326
104 149
93 135
93 209
149 292
149 364
93 116
10 224
163 306
21 163
107 320
278 320
23 252
233 252
47 70
49 201
201 323
250 337
337 341
185 373
295 373
182 244
157 244
130 258
258 343
136 389
380 389
176 333
176 261
16 356
62 356
33 356
233 385
153 385
173 239
239 246
239 297
12 62
12 14
190 231
189 190
328 399
180 328
169 281
169 368
187 230
209 230
246 318
318 370
327 381
327 382
7 64
19 188
188 369
199 382
2 369
167 388
18 64
2 134
152 349
47 388
