27.707217
30889
32
219
78839
73 123
55 178
57 191
61 122
62 142
64 142
64 194
65 73
71 93
55 80
73 193
74 151
78 189
81 107
90 135
92 166
92 185
93 139
53 107
52 89
51 103
49 95
48 165
44 143
44 82
44 45
43 95
42 151
41 137
41 135
37 137
33 171
33 159
110 151
196 199
180 199
147 150
143 175
137 195
124 188
124 181
124 152
122 171
122 146
122 141
120 197
117 199
112 136
112 130
2 189
109 189
106 192
106 174
106 147
105 135
103 160
98 124
97 148
97 145
97 111
95 172
95 153
95 116
94 129
93 165
11 102
30 120
27 55
25 57
24 92
23 135
22 102
19 88
19 35
17 19
13 97
33 84
10 96
9 86
9 58
9 12
8 189
4 44
3 190
3 161
3 10
1 142
31 93
16 27
39 193
24 63
126 186
184 200
40 187
26 75
36 102
151 164
14 54
83 127
103 179
118 194
108 155
144 164
21 29
21 137
21 122
14 21
52 114
98 114
72 114
21 39
15 182
69 182
106 182
157 182
154 182
142 182
79 112
59 77
97 121
32 111
32 117
128 145
128 150
76 112
76 199
47 69
47 146
43 56
56 93
73 173
57 173
7 95
7 106
124 133
112 133
87 89
87 88
5 72
5 120
26 36
154 170
151 170
120 156
55 156
68 92
68 199
60 99
60 75
60 92
60 187
50 60
57 132
70 144
79 126
113 183
157 183
59 200
85 113
18 85
77 85
20 158
38 46
31 46
67 198
67 129
19 104
9 104
20 121
70 179
118 127
169 176
107 176
108 158
131 140
103 138
44 138
50 140
107 125
120 125
100 109
83 100
3 162
73 162
34 153
34 134
101 168
38 168
63 67
29 167
115 167
119 149
101 149
91 177
91 119
28 169
6 28
66 163
94 163
