13.088095
104
18
50
135240
50 58
21 72
20 82
33 47
62 83
33 55
35 49
53 82
51 77
51 60
63 98
39 66
12 34
12 35
12 84
12 85
13 33
14 51
44 98
16 30
5 31
30 75
72 83
30 88
30 92
70 98
79 82
66 92
4 58
1 58
5 37
5 42
5 92
66 91
66 90
24 72
32 44
66 73
6 92
15 27
8 61
12 100
11 78
11 43
11 33
1 71
64 82
64 92
7 71
71 94
2 94
2 54
23 25
23 67
43 89
46 59
59 82
59 98
62 89
87 89
22 29
22 41
22 61
56 93
19 48
56 64
6 11
48 100
17 87
58 95
72 95
68 99
9 51
7 86
26 36
10 76
74 86
45 91
40 45
36 85
27 93
11 19
52 97
52 90
80 96
46 80
38 69
18 38
38 57
65 81
15 65
8 71
3 25
3 18
28 69
28 41
11 68
9 64
10 17
