44.362879
13516
62
23755
36279
45 133
37 126
121 147
244 311
37 203
37 280
37 355
38 291
245 265
40 389
41 395
240 394
116 125
115 380
47 147
114 332
299 312
114 241
111 354
51 160
111 189
254 287
31 289
141 241
29 62
140 277
29 144
29 269
229 331
31 104
31 138
31 210
31 238
107 159
133 220
132 277
131 203
308 356
130 362
128 310
125 324
125 233
36 225
82 106
87 162
87 159
282 391
82 377
67 245
69 282
70 87
82 295
82 184
277 315
64 164
81 394
81 185
80 176
75 122
75 227
75 258
271 291
272 285
77 114
57 298
54 207
54 262
54 294
106 245
104 333
298 319
256 389
101 239
101 108
100 294
307 340
288 312
59 364
60 282
60 322
264 282
90 133
88 291
87 358
285 286
179 277
194 250
151 285
153 234
153 314
193 394
191 369
190 201
19 40
204 392
6 187
6 275
160 294
6 284
6 339
311 341
179 182
162 356
17 204
16 356
214 277
176 243
164 232
164 336
172 259
331 353
170 331
169 294
11 40
23 113
201 247
26 287
378 380
311 352
201 211
312 365
24 101
143 147
23 251
23 97
199 394
222 395
2 398
204 257
3 68
3 145
313 394
3 292
4 380
194 349
32 351
117 316
252 346
148 188
114 270
224 347
23 374
75 309
82 198
211 381
73 178
40 368
134 302
277 376
44 72
166 267
166 282
329 394
35 395
112 293
298 357
380 383
58 337
21 178
21 141
58 343
58 200
58 147
21 380
8 305
21 216
102 235
102 304
156 303
167 312
171 174
171 225
171 252
142 387
279 301
163 330
153 326
111 326
306 311
94 345
91 94
143 400
33 287
38 76
76 117
76 345
76 105
76 348
54 246
212 246
78 356
119 327
205 321
182 321
304 359
343 359
342 363
294 363
99 209
30 363
109 297
150 184
150 331
83 310
175 372
372 391
43 372
83 385
52 95
95 107
125 213
213 245
216 372
357 381
201 360
54 360
1 285
54 154
6 154
118 309
219 344
115 231
194 231
374 400
50 181
50 369
50 307
263 384
52 263
118 198
298 350
31 350
273 398
260 273
83 188
305 335
172 335
7 89
7 137
7 202
7 302
22 335
97 335
111 361
110 204
6 110
230 382
15 147
15 267
15 390
15 324
287 367
148 217
84 217
46 89
46 312
370 380
167 219
22 366
275 366
136 344
316 370
18 176
3 18
123 283
129 283
210 283
102 136
127 248
37 127
196 331
87 196
123 300
173 300
43 96
96 130
59 96
110 346
78 109
55 92
55 342
36 388
242 388
14 235
14 49
79 124
114 124
91 296
53 387
149 296
48 53
157 281
30 157
112 166
156 171
249 297
171 368
95 347
303 327
73 306
93 281
93 153
8 386
208 393
334 355
212 334
56 348
56 191
102 329
9 42
83 230
53 270
376 382
72 326
188 393
34 131
34 208
34 221
85 185
85 301
85 215
103 278
278 352
71 323
71 268
163 386
35 279
165 311
165 168
261 315
37 158
164 218
98 200
290 379
51 290
261 338
98 397
63 155
199 226
101 373
218 291
5 317
66 193
5 364
25 259
29 139
226 320
25 180
135 318
133 158
318 397
32 63
66 237
177 284
177 223
2 146
146 236
186 317
86 186
268 371
10 326
197 333
197 253
20 79
20 375
228 276
86 276
325 399
340 399
152 183
168 183
99 396
195 396
61 330
13 61
44 266
27 266
132 161
161 274
28 192
28 142
245 328
155 328
65 380
65 176
10 74
1 249
12 206
12 367
206 383
33 209
120 192
120 255
134 146
39 361
139 255
74 371
209 373
9 39
