61.549720
4557
68
4005
41064
171 200
65 274
66 171
66 190
67 131
178 250
70 77
70 78
70 279
72 156
73 143
75 160
75 273
79 98
64 248
79 198
79 223
168 268
167 278
85 176
86 94
90 145
91 156
166 181
94 174
94 295
95 259
96 290
54 171
44 242
45 290
189 221
47 221
48 300
49 124
188 231
50 109
50 136
50 239
185 202
184 275
52 278
99 127
55 144
56 131
56 280
57 99
57 124
181 227
60 204
60 230
60 257
61 226
63 236
64 111
64 194
138 218
125 272
126 300
129 240
130 219
131 290
131 294
132 157
132 201
132 292
154 289
154 207
153 215
137 212
125 242
138 243
138 262
140 233
153 206
143 164
143 253
144 186
144 298
145 176
145 189
145 209
146 181
150 182
108 122
99 193
99 282
100 167
163 275
162 190
161 202
102 132
103 144
104 107
105 256
105 276
107 237
107 285
1 62
113 259
119 189
119 191
119 245
119 286
120 154
121 290
122 139
122 203
122 298
156 214
155 219
124 296
13 199
26 237
27 82
235 278
240 280
242 255
248 300
250 264
221 249
252 272
29 80
13 211
26 212
13 82
29 85
29 92
259 291
272 297
30 75
10 124
30 105
31 64
31 106
22 117
233 275
229 272
18 97
226 265
18 254
18 274
16 280
19 75
20 226
21 202
43 115
224 231
22 247
43 165
23 253
16 208
25 41
16 187
25 232
25 283
25 298
192 226
6 168
35 203
5 212
4 95
1 35
35 300
36 46
3 22
37 140
37 147
37 261
280 299
38 251
190 266
38 269
38 270
2 171
1 241
40 94
1 87
43 53
43 102
216 250
280 281
289 298
8 153
7 288
32 35
7 59
32 89
32 177
32 179
219 222
34 168
7 40
51 215
75 172
35 246
102 234
17 100
14 24
110 280
159 300
35 210
155 210
33 264
33 219
33 70
170 220
65 170
23 195
195 225
128 298
128 205
110 118
118 159
42 271
236 271
172 271
112 122
112 149
269 284
94 284
272 284
138 284
267 284
63 238
238 258
39 238
149 238
102 238
71 135
27 135
129 135
28 131
28 212
135 141
7 175
29 175
189 277
105 277
76 267
151 298
57 151
12 64
150 158
146 228
20 228
158 197
24 228
57 158
58 158
114 228
153 173
173 278
76 217
68 138
68 278
169 242
169 259
156 293
290 293
180 181
84 180
39 101
101 244
74 81
81 106
14 17
148 152
148 258
18 142
79 142
142 171
15 16
15 202
93 183
35 183
142 246
38 263
37 263
83 134
83 93
60 133
133 143
133 275
260 287
46 287
116 196
152 196
36 196
9 84
9 88
50 69
69 181
213 231
213 223
123 231
22 123
11 168
11 154
