11.358690
15202
18
51
86665
31 113
45 49
44 82
43 95
15 30
17 97
18 34
98 107
35 64
97 128
34 133
34 81
60 87
97 99
31 88
22 82
22 90
22 114
30 65
85 134
30 54
28 96
83 85
26 31
60 105
118 131
48 95
6 98
60 139
4 98
3 85
9 98
11 73
84 126
58 106
70 95
109 127
26 37
5 34
62 74
20 74
112 119
93 112
112 122
72 130
36 105
67 135
30 92
22 92
10 71
58 71
40 124
71 117
45 71
102 117
102 111
66 124
119 124
34 132
50 118
50 53
38 50
29 63
47 56
33 56
25 98
25 97
25 53
12 123
32 100
19 78
19 122
31 1
21 51
21 85
98 136
69 76
60 77
34 77
96 104
69 104
91 121
121 131
64 121
76 94
75 100
73 75
75 126
75 83
57 112
106 112
24 109
101 112
2 137
51 137
40 125
28 125
20 140
14 140
8 95
8 93
79 116
116 123
57 135
55 80
52 62
9 52
52 108
68 111
47 68
63 71
5 29
7 67
7 35
24 94
84 121
13 101
1 91
13 39
42 129
46 86
11 89
41 89
44 89
72 103
103 138
23 59
97 115
61 138
61 133
42 124
16 120
36 120
27 130
86 129
110 136
37 55
12 32
23 110
