37.540554
25812
51
2126
39129
46 157
40 111
40 118
40 187
41 191
149 270
149 207
148 275
148 231
153 235
49 125
148 161
51 81
51 264
147 149
144 244
140 228
135 228
31 188
181 260
179 260
23 64
177 232
26 103
27 264
29 228
31 80
132 250
31 267
32 184
170 263
169 245
35 182
35 293
163 264
159 250
98 151
111 196
111 129
108 184
103 226
103 156
102 154
98 222
98 158
111 208
96 213
79 260
81 160
81 289
94 274
83 232
94 210
89 232
63 292
56 267
57 265
130 154
125 142
122 264
120 232
117 280
63 68
38 157
117 245
64 294
117 190
114 265
67 218
68 213
112 125
220 292
17 157
15 262
15 186
15 139
15 109
13 247
13 183
13 73
213 257
215 265
11 40
10 263
8 270
225 292
233 234
244 277
3 287
3 146
3 43
250 273
260 292
1 288
1 278
1 241
1 192
18 95
194 263
20 154
18 101
193 218
18 238
223 241
12 263
42 204
25 103
85 135
184 284
217 271
216 221
94 195
58 121
157 246
72 283
52 119
18 227
55 112
242 260
11 106
33 70
90 276
75 90
70 197
18 131
224 298
116 186
240 298
65 70
100 124
66 264
74 253
100 219
4 58
4 166
166 203
203 276
4 234
4 180
203 297
60 165
4 224
90 266
69 236
85 203
204 268
15 136
252 268
136 213
136 228
84 268
176 263
176 237
86 189
195 242
106 221
66 214
93 205
28 93
39 93
40 300
94 300
214 253
121 283
19 141
25 93
279 281
40 202
211 230
47 126
148 211
74 126
31 202
153 279
202 232
54 211
126 269
117 126
233 279
141 246
19 227
185 237
155 185
62 185
180 185
110 189
201 288
7 62
7 250
126 167
84 201
36 125
36 154
3 229
64 229
152 200
151 200
41 200
8 200
82 170
110 131
218 239
239 264
174 248
206 248
115 168
115 156
46 198
42 82
94 212
59 173
12 59
167 198
21 292
21 35
6 299
6 261
218 254
115 240
28 76
76 124
172 243
72 172
219 254
128 272
199 285
199 262
34 209
173 272
34 272
65 198
212 236
203 271
69 97
60 97
248 266
248 284
137 148
137 265
113 162
138 162
123 216
43 123
53 134
35 53
107 244
107 231
175 184
175 244
273 291
44 291
24 295
22 230
22 92
145 164
105 171
83 171
223 295
5 269
5 9
14 16
14 119
91 98
13 91
87 103
45 87
255 260
149 255
104 150
150 197
174 286
286 296
2 129
2 30
48 290
54 290
37 134
37 258
78 133
79 133
6 86
88 113
88 169
88 127
178 299
178 256
77 249
77 235
50 259
138 259
9 251
61 251
165 282
143 282
52 136
55 115
71 99
99 191
116 145
