99.077698
13541
112
1888
38198
164 248
173 439
173 426
173 320
173 297
172 316
171 411
168 408
166 356
166 229
165 341
164 379
175 413
162 309
159 341
158 316
155 397
154 431
153 328
151 331
150 227
149 402
149 200
148 336
192 366
205 211
204 252
202 399
198 406
198 260
198 204
197 371
195 337
195 302
194 241
193 385
147 447
190 362
188 222
187 261
187 227
186 367
184 283
183 369
180 241
179 202
177 302
176 421
106 115
119 216
117 412
113 273
112 164
111 170
108 214
108 122
107 374
107 334
107 208
106 376
119 381
105 189
105 166
104 201
102 449
102 425
102 401
102 234
101 202
100 117
98 143
96 170
137 152
146 444
146 238
144 434
143 263
143 163
143 145
142 222
141 404
141 258
141 167
137 427
207 397
135 154
133 198
132 442
130 328
129 309
128 386
1 74
128 254
128 156
123 339
120 223
302 330
326 333
325 362
321 446
321 332
315 416
313 333
312 371
309 319
309 315
308 360
305 403
328 398
301 400
300 335
296 331
293 421
290 335
289 435
289 341
287 410
287 361
286 435
283 387
365 411
432 443
417 432
411 423
409 435
403 429
397 449
393 442
393 398
390 414
384 397
373 402
281 362
364 423
364 392
364 391
360 414
357 407
352 390
350 421
349 435
344 426
343 441
338 413
218 450
240 427
239 444
239 245
236 360
230 331
228 374
226 360
224 403
223 440
222 433
221 343
243 427
218 388
218 346
217 333
213 366
213 291
211 445
211 329
211 322
209 426
209 307
209 295
263 336
280 291
279 321
276 302
275 335
274 311
272 344
270 445
270 273
269 444
268 432
265 283
128 271
261 389
259 302
259 301
257 366
256 357
255 291
254 367
252 380
252 323
250 336
250 253
50 242
18 264
57 283
57 101
18 318
12 261
18 351
54 375
54 104
19 144
20 316
21 108
51 106
50 317
17 385
50 210
80 239
81 390
82 117
50 57
22 29
49 342
49 263
49 178
9 146
49 55
48 154
67 195
16 344
62 212
62 278
62 395
62 449
63 390
64 227
65 157
65 204
65 235
65 306
61 209
66 227
47 335
15 86
60 92
14 133
69 301
59 442
70 411
71 273
72 343
72 424
75 123
76 416
58 336
34 383
27 139
27 282
86 448
87 149
88 144
27 294
35 416
28 314
34 414
90 231
90 344
91 195
92 191
86 254
29 231
92 378
93 158
93 239
94 367
1 428
30 168
34 347
1 412
31 86
1 249
34 152
33 241
40 359
47 73
46 119
8 244
45 171
8 213
44 287
24 367
43 430
43 354
8 169
25 252
43 114
42 54
8 52
26 262
40 138
40 109
39 385
7 123
6 291
5 223
4 29
26 377
37 348
136 414
246 426
10 107
10 168
10 66
10 54
10 333
10 355
335 396
396 437
103 396
201 396
382 418
45 382
251 411
251 435
251 388
241 251
206 251
77 251
181 263
181 254
263 405
358 405
43 124
124 261
144 160
160 168
37 436
125 331
125 335
219 292
36 292
85 430
85 202
125 401
394 436
123 125
85 141
274 372
292 385
182 372
314 436
336 353
84 353
353 373
183 353
185 366
185 440
223 422
7 422
422 432
302 422
213 288
23 77
288 358
53 108
53 298
53 362
140 437
149 196
1 196
23 220
118 161
284 431
168 284
41 341
41 227
161 220
99 204
57 99
126 301
126 371
27 32
32 444
277 285
277 329
3 403
3 364
122 131
131 434
125 136
14 83
2 83
110 332
26 110
170 303
67 303
121 357
121 321
78 442
78 268
2 79
97 134
97 327
95 371
95 370
38 56
56 73
56 447
199 287
11 309
11 222
166 247
170 247
247 413
327 419
369 419
203 419
228 232
68 340
232 304
189 340
106 415
328 415
140 246
118 225
225 321
225 343
26 89
89 273
29 368
18 368
348 363
363 370
266 363
421 438
218 438
28 127
127 420
116 164
116 211
13 427
13 119
57 299
174 299
324 416
233 385
233 316
40 324
92 233
237 345
147 237
36 267
267 275
160 215
310 422
199 215
310 324
79 372
