37.400000
221
40
12
79532
78 125
83 98
64 66
16 137
83 122
53 83
5 120
72 106
126 149
29 78
76 78
33 78
42 154
25 85
85 150
20 85
59 85
97 160
90 114
34 114
58 114
43 160
82 160
152 160
5 114
18 82
18 73
34 148
118 148
18 38
17 148
104 109
71 104
81 104
36 75
35 75
71 86
75 76
13 75
6 84
6 126
6 156
6 130
93 115
112 115
2 154
2 121
2 26
22 91
47 91
44 91
106 134
32 134
57 134
110 133
110 140
110 120
11 119
11 41
11 137
24 61
24 88
24 35
124 146
124 153
30 37
30 64
30 128
79 99
1 99
92 103
45 138
48 51
50 63
50 116
51 52
51 136
54 123
56 145
69 123
65 103
68 138
80 129
10 87
103 111
107 144
19 80
16 107
15 117
15 77
15 60
123 141
40 145
10 70
9 94
8 10
7 28
4 138
131 145
139 155
155 159
101 155
99 108
94 135
27 50
28 89
94 157
28 127
95 107
31 80
11 102
24 74
80 86
86 107
86 145
102 138
94 102
50 74
74 123
30 124
46 83
46 85
55 149
55 100
55 66
44 55
14 96
46 104
147 160
39 130
39 72
85 158
21 86
96 102
78 142
83 142
14 132
42 132
67 114
10 46
12 83
75 143
105 115
67 134
6 151
103 147
2 23
110 143
3 124
12 115
3 15
51 105
142 155
23 28
99 151
46 62
49 113
21 147
49 62
