7.994304
49371
21
3170
51188
61 137
18 30
30 76
30 121
42 139
52 86
55 86
5 74
64 73
1 158
150 172
139 170
139 145
48 155
135 167
31 72
43 101
24 171
110 136
60 80
105 127
39 116
106 170
147 180
118 168
20 71
152 163
62 111
31 51
51 176
51 92
7 51
104 158
110 138
56 169
9 28
9 97
9 149
9 175
131 149
67 131
40 140
24 140
19 162
78 151
140 155
87 125
87 146
9 134
37 39
22 125
101 131
99 143
29 107
27 88
27 83
27 28
27 143
27 105
13 51
78 81
29 90
90 112
77 90
23 177
4 130
56 130
37 156
59 91
30 157
116 131
8 127
8 80
30 159
79 102
6 102
4 154
139 154
13 107
44 113
44 79
63 166
82 166
74 166
11 166
40 108
82 108
109 144
32 179
21 62
130 151
114 126
88 126
17 67
17 164
132 157
34 94
8 81
19 87
156 177
7 58
46 58
10 61
10 118
10 100
10 119
104 147
21 47
72 159
32 95
41 179
20 41
75 103
91 103
65 148
108 132
36 115
66 71
65 138
3 60
3 137
148 168
85 169
14 98
98 100
48 98
51 71
129 130
59 129
57 69
38 46
38 142
16 84
16 75
93 142
93 96
50 122
86 122
47 66
112 123
33 123
9 163
1 54
54 160
12 165
128 165
135 165
84 165
2 124
2 64
25 43
2 50
68 89
25 113
117 150
89 114
89 180
117 133
92 117
36 85
51 87
106 109
63 153
86 153
120 161
152 161
15 26
26 34
35 49
53 178
45 141
49 172
18 45
5 173
70 173
57 115
131 174
171 178
94 174
