9.619660
32957
16
181
87520
73 74
24 104
25 49
41 104
42 113
50 57
50 82
50 110
56 61
8 113
7 104
77 109
78 83
78 99
103 109
1 78
113 117
104 114
78 112
102 109
92 109
81 109
87 104
4 73
89 118
89 111
11 84
54 113
38 40
52 98
26 40
37 94
104 105
35 91
35 72
35 59
35 56
73 85
3 90
115 119
44 58
44 89
44 109
50 76
8 76
63 70
61 63
63 92
23 106
23 104
23 67
11 63
47 100
39 102
39 53
55 71
27 28
10 15
10 78
10 109
13 108
91 108
20 97
93 97
97 98
97 120
34 62
34 51
15 34
2 120
2 31
18 32
32 55
5 66
5 59
39 95
16 35
43 90
16 119
26 85
21 33
33 109
30 88
31 88
27 105
95 116
28 43
21 46
30 46
54 116
20 45
45 73
29 113
6 29
23 38
63 101
52 75
86 89
80 86
96 107
67 107
12 22
12 25
9 87
9 64
3 100
60 115
60 79
7 69
48 69
75 94
14 65
37 65
17 36
17 47
19 68
68 83
49 68
71 101
