12.815127
7315
24
1254
60041
117 179
9 81
10 53
10 78
58 81
10 149
10 156
11 18
127 128
17 141
18 90
18 133
18 49
114 137
104 170
45 141
86 159
32 163
33 48
33 130
33 148
42 137
93 148
89 117
81 144
81 170
170 176
59 137
164 170
60 137
24 55
2 150
67 106
108 138
5 96
29 88
18 75
140 152
43 141
39 160
72 153
1 117
73 139
10 103
38 146
70 120
88 120
31 120
120 156
15 109
34 83
14 162
121 167
14 112
61 165
64 82
14 41
13 114
84 91
16 54
16 163
13 36
4 115
26 62
26 46
120 160
112 115
91 99
111 122
29 109
16 52
98 116
36 115
10 87
22 78
22 151
14 29
109 152
57 74
97 154
81 97
39 174
63 174
8 93
8 65
105 151
105 145
47 105
84 125
124 141
124 135
105 138
2 26
26 108
14 64
15 69
72 120
102 166
25 102
26 125
85 154
19 33
19 62
19 81
85 180
69 98
101 116
99 106
30 175
30 67
68 79
47 173
128 178
7 166
127 171
55 158
7 50
7 33
77 158
44 173
169 178
3 7
171 177
95 171
1 131
113 132
82 113
96 116
131 132
75 116
41 158
52 158
115 165
66 143
66 170
34 57
43 87
51 107
40 107
5 6
6 83
134 135
56 129
56 168
20 134
49 56
51 100
100 117
14 73
108 178
68 101
38 109
28 118
28 95
61 167
115 157
111 157
12 80
80 155
21 136
35 172
23 76
122 147
27 147
37 110
110 146
121 161
142 161
92 126
70 92
118 123
123 159
86 94
71 94
23 24
10 119
119 155
74 136
35 103
