3.236341
23788
10
6378
112168
15 74
33 96
33 74
26 61
26 64
31 74
19 94
9 42
49 58
46 67
26 30
49 71
1 24
7 82
40 77
4 14
26 65
26 43
12 25
62 76
36 97
23 26
35 75
87 98
50 92
14 79
79 85
79 94
3 100
38 49
44 49
34 85
23 58
17 97
17 84
51 72
6 27
6 80
6 68
6 53
10 56
56 68
52 69
46 70
10 70
49 86
48 53
42 48
20 38
76 99
60 99
37 40
37 82
13 93
19 54
9 13
49 98
22 74
43 93
32 45
45 89
49 92
49 79
18 81
7 44
20 36
89 21
8 25
8 41
8 80
13 73
65 81
3 34
5 29
32 77
54 95
5 28
24 88
66 88
21 38
67 90
12 57
55 98
35 57
62 90
47 96
47 91
11 83
1 92
28 83
52 55
11 51
16 78
2 59
39 75
39 63
22 38
59 95
73 78
