68.643862
1100
82
144
31818
67 397
157 386
155 226
155 164
153 320
152 380
63 66
64 222
65 115
65 199
149 162
65 390
66 119
66 295
158 275
68 263
68 268
68 289
148 323
69 170
148 244
140 235
137 279
71 389
72 313
73 107
74 323
54 376
181 198
176 398
176 251
176 233
49 270
50 240
51 153
170 376
167 354
165 265
165 166
53 396
74 396
163 227
162 385
162 228
160 400
159 394
58 166
58 243
58 252
159 291
59 361
60 237
61 88
98 391
91 159
91 248
92 240
121 245
118 230
117 277
117 264
94 274
95 363
97 101
114 212
98 330
98 367
90 165
99 127
113 358
109 155
107 156
106 384
106 359
101 285
101 338
102 237
103 379
104 162
106 144
81 380
75 186
75 379
75 399
137 246
137 193
136 297
136 280
134 160
131 137
130 354
79 182
80 380
180 269
82 305
83 97
129 340
84 148
125 230
86 107
87 274
88 120
124 153
88 293
124 132
89 269
232 340
245 313
14 389
15 45
15 171
245 262
239 358
15 346
15 386
16 165
237 247
17 172
17 225
17 249
12 371
19 147
229 332
20 313
227 316
21 111
21 304
21 308
224 326
223 275
218 318
216 326
182 255
301 371
360 361
355 361
343 371
3 240
326 373
324 397
319 368
318 383
318 322
315 379
314 368
305 372
303 361
23 128
292 376
7 340
283 354
276 299
269 271
266 399
261 393
261 365
10 363
11 58
253 277
245 352
42 49
35 368
203 329
37 186
198 348
198 246
194 275
39 399
192 386
190 333
41 122
41 241
41 337
34 227
42 173
188 222
42 290
186 395
186 341
185 305
182 307
184 397
44 399
182 391
46 276
182 384
210 261
23 169
23 274
23 332
23 365
214 396
213 276
212 397
212 351
25 117
26 222
212 234
211 400
208 344
28 400
208 256
208 217
206 313
204 363
30 198
31 274
32 230
32 379
33 235
123 219
141 289
75 112
43 282
2 193
4 272
364 386
222 375
317 350
105 199
105 354
105 358
105 138
126 178
130 325
139 325
325 333
325 361
90 254
335 396
46 135
159 205
179 312
62 259
36 62
62 229
62 96
294 305
40 287
287 361
5 334
5 374
174 336
70 201
202 251
137 298
202 326
202 230
98 298
298 378
1 310
99 388
55 388
270 388
139 168
168 300
13 27
27 69
8 221
221 378
143 273
389 392
273 317
154 362
362 385
9 123
155 366
9 127
116 260
9 196
116 273
334 362
260 267
319 392
132 362
165 392
228 366
342 389
17 110
110 376
57 361
41 57
105 174
6 117
6 182
298 306
339 379
146 235
146 230
61 278
15 278
38 148
38 235
335 364
151 353
147 353
176 387
65 356
68 356
175 222
175 386
219 342
43 202
177 303
152 177
206 349
337 349
24 382
24 96
23 85
145 153
145 208
21 85
2 287
135 178
205 336
350 375
274 321
148 321
245 321
126 388
112 392
78 358
78 180
311 345
311 329
248 311
238 305
238 313
48 363
309 328
222 309
93 101
93 212
12 369
187 369
258 397
258 380
100 203
100 370
83 257
187 257
242 257
42 209
107 209
191 235
191 400
191 340
29 227
195 231
272 287
179 302
76 302
281 377
4 377
134 347
56 347
161 240
161 198
286 380
133 286
47 66
47 237
15 327
318 327
142 207
142 328
108 250
11 108
52 306
275 284
58 284
19 381
18 200
162 197
197 368
200 201
200 296
136 197
183 381
357 381
52 189
189 331
236 387
220 236
22 66
22 136
215 259
215 249
288 296
183 288
294 312
70 366
231 254
77 220
310 339
29 77
150 331
48 150
