53.452425
32397
73
3203
34956
266 430
216 410
216 424
84 415
84 153
83 112
82 105
219 276
270 274
269 442
88 441
80 147
41 274
79 265
79 129
259 269
79 101
221 256
77 140
203 342
31 173
99 359
295 441
294 395
287 398
99 258
99 165
98 121
285 419
75 367
203 420
280 297
213 419
91 437
276 416
89 144
275 427
275 402
62 105
66 369
65 126
49 119
227 256
63 382
49 348
49 425
63 182
63 163
68 149
227 385
227 431
52 80
230 381
58 123
239 294
55 415
54 266
70 167
75 336
75 286
74 276
73 263
225 249
72 215
71 132
247 422
70 276
203 239
70 133
70 103
47 168
47 262
47 272
225 303
68 241
47 362
140 384
170 340
144 314
143 443
11 102
11 209
142 215
11 404
170 358
172 238
148 437
140 377
172 249
172 291
134 441
14 173
15 159
132 407
173 211
159 235
158 200
157 345
401 415
157 333
156 194
158 389
3 419
4 80
5 132
173 236
159 349
154 172
386 443
151 274
373 383
8 158
159 428
9 157
114 301
328 373
118 135
25 294
181 203
115 194
325 340
323 391
114 344
23 159
114 152
111 391
310 391
194 322
199 266
105 306
300 373
103 107
123 313
340 356
173 361
17 63
18 67
128 230
173 365
18 331
18 354
126 319
125 275
23 144
180 225
21 216
121 122
120 172
118 436
118 397
37 157
380 440
427 450
76 318
156 282
176 230
49 277
8 334
214 324
204 426
191 203
320 443
19 411
96 126
140 224
11 293
222 406
47 350
57 315
26 340
90 437
110 435
51 417
183 417
252 417
2 284
106 423
203 299
412 435
90 188
108 178
57 146
20 146
146 388
10 106
220 326
227 242
49 242
242 300
203 242
242 269
108 255
225 374
144 374
157 374
237 242
194 278
400 403
223 351
351 398
281 400
13 274
13 373
13 70
13 450
281 435
326 412
187 340
146 279
255 351
6 353
173 353
195 215
37 59
191 351
99 316
299 406
243 371
205 266
206 273
273 291
243 337
112 273
273 283
70 205
222 243
5 243
60 289
60 144
44 214
42 63
42 437
63 240
172 240
195 352
59 388
46 276
96 326
41 409
24 409
246 437
215 233
233 346
39 230
39 159
46 352
158 193
193 294
316 321
146 350
243 321
237 246
207 232
232 375
232 349
80 138
123 138
10 360
374 403
13 248
132 338
166 338
337 448
124 448
80 379
189 379
19 38
38 380
38 311
126 387
387 445
68 208
188 360
38 220
187 248
22 152
104 185
45 185
178 185
334 379
158 339
47 357
140 357
48 83
31 48
16 447
16 272
202 339
45 85
85 426
207 368
93 368
51 368
30 368
28 413
28 392
33 104
33 393
44 279
163 330
12 330
341 378
6 341
35 253
28 204
253 290
253 418
253 445
63 439
310 439
161 335
161 359
136 264
264 391
78 440
130 392
150 438
150 361
130 318
183 364
332 364
1 136
1 446
196 231
155 384
247 399
87 399
162 399
196 220
309 329
309 346
36 376
289 376
244 372
76 372
252 394
64 355
81 117
117 153
117 197
2 355
298 394
132 355
177 244
162 177
224 312
22 296
296 357
121 169
169 441
257 292
257 432
81 174
160 174
69 229
27 69
127 419
127 218
53 123
53 366
34 228
34 74
155 320
304 419
304 443
132 175
18 175
78 293
271 302
271 329
27 444
288 391
216 288
110 444
370 444
288 415
97 433
97 358
211 363
73 141
66 414
61 234
61 221
327 414
50 164
184 363
141 254
40 131
261 263
261 335
40 287
29 434
7 354
7 308
366 421
421 449
213 217
212 217
171 245
245 297
94 210
94 274
251 268
251 298
100 408
20 408
79 92
92 114
56 116
107 116
32 268
32 347
26 278
267 404
317 390
369 405
86 250
182 405
260 405
250 280
139 145
145 302
190 429
190 418
190 317
43 95
43 99
101 198
121 198
179 422
179 343
75 186
250 324
68 396
105 396
201 218
137 201
109 118
208 315
242 305
126 226
226 292
192 307
284 434
186 305
113 312
109 113
50 390
267 307
