9.086278
46099
14
43680
87266
30 119
8 97
8 15
8 13
51 105
81 105
24 43
24 109
57 101
61 105
44 110
102 119
16 119
74 75
109 118
65 70
3 6
67 109
2 84
2 82
12 109
38 92
38 50
110 112
53 61
108 119
78 110
38 88
2 49
76 109
113 116
47 52
2 46
22 62
63 110
53 80
20 55
1 105
7 18
95 104
73 86
25 58
37 90
83 90
90 93
90 96
25 94
49 56
54 90
10 119
8 10
90 94
32 46
27 55
27 98
65 114
74 114
77 114
2 114
59 98
23 42
42 67
59 75
42 91
37 42
19 59
56 76
4 106
11 70
11 57
4 91
32 64
42 108
59 88
52 64
5 39
38 69
69 110
21 48
19 48
9 43
3 9
83 85
79 97
87 111
79 99
47 111
28 85
9 71
59 73
17 116
29 62
5 72
36 89
60 100
22 100
6 100
26 101
26 68
26 113
63 72
45 117
68 117
29 95
36 58
1 39
45 66
14 66
93 120
34 41
41 106
33 107
7 115
103 115
35 80
104 107
18 120
31 40
31 35
