10.370607
94854
15
569
117473
16 66
38 98
63 92
27 84
55 92
9 14
9 62
54 83
14 15
14 59
35 74
16 84
17 44
18 100
54 60
21 82
52 92
21 56
21 47
3 51
3 91
75 80
35 78
33 38
34 44
35 89
3 11
36 44
79 84
28 32
3 95
84 90
54 71
38 86
44 77
2 20
18 97
22 70
62 70
70 71
25 93
65 93
23 69
21 23
85 100
42 80
42 82
85 96
65 85
5 42
12 40
40 81
40 67
38 50
25 99
69 99
31 57
57 84
85 95
40 90
74 88
44 88
10 48
14 48
49 85
1 86
49 50
10 94
28 94
6 41
1 77
19 35
2 19
13 21
13 14
8 31
8 72
8 75
3 29
29 92
19 58
26 52
4 14
4 73
6 68
8 68
41 46
46 53
30 43
30 66
20 24
7 76
7 97
45 61
37 39
12 39
64 87
64 76
24 45
