14.718272
61117
23
124
93758
55 85
18 65
18 91
18 93
22 54
23 58
25 78
29 78
31 59
31 87
35 85
42 78
43 139
45 139
54 125
2 54
58 75
58 104
73 138
79 82
82 86
82 106
82 130
83 110
84 139
85 127
91 97
98 105
98 119
139 140
8 110
1 110
4 10
5 10
5 13
5 20
6 41
6 101
6 126
15 98
35 76
7 38
19 78
28 124
45 95
56 95
67 95
14 95
50 100
62 114
83 96
24 96
88 89
48 51
17 56
17 74
43 80
18 122
92 122
69 115
69 107
12 135
40 117
76 122
58 90
26 90
22 111
57 92
26 57
60 85
60 98
64 99
64 132
46 110
46 98
37 138
37 118
37 81
37 70
71 115
71 139
36 77
36 132
44 53
21 53
82 128
53 54
54 128
95 96
6 66
3 66
23 136
31 136
32 34
34 94
34 124
34 130
29 61
61 101
97 134
11 134
39 116
28 80
48 128
44 102
77 102
19 111
7 64
51 88
100 114
95 117
123 133
112 123
79 123
99 135
103 131
103 133
50 103
68 137
72 73
5 121
14 30
27 30
47 49
63 72
32 137
39 109
24 120
33 120
9 108
3 108
112 113
113 129
46 116
16 81
16 31
52 109
121 122
47 52
