90.541977
32616
97
319
41606
120 248
132 264
131 240
130 285
128 233
125 335
124 184
123 250
122 240
121 138
133 175
118 223
117 246
116 278
114 133
113 251
113 219
112 305
111 280
107 281
144 258
151 298
151 286
151 238
150 222
149 184
146 225
146 157
145 279
145 269
106 246
143 275
141 313
140 306
139 336
139 176
139 166
139 145
138 178
135 203
83 203
90 184
88 310
88 211
88 192
86 246
86 143
84 154
84 127
84 91
92 108
82 254
82 215
82 198
81 82
80 235
80 222
80 167
80 101
79 255
99 201
104 228
102 296
102 288
102 179
102 162
100 239
100 220
100 187
100 171
151 303
97 248
96 208
96 147
95 311
93 177
92 209
92 181
92 143
240 345
251 302
250 284
249 313
248 300
245 295
245 287
244 349
243 335
243 270
251 326
237 279
236 272
235 255
235 242
230 293
225 236
222 283
222 257
220 240
280 327
315 328
307 311
306 316
301 333
294 311
285 287
282 331
282 321
282 319
218 236
280 294
279 320
273 332
269 323
268 313
265 293
263 335
260 341
253 278
165 203
183 293
182 281
180 245
177 232
177 225
173 233
172 201
169 197
167 170
185 201
164 285
162 250
159 330
159 262
158 314
158 308
156 285
153 278
152 338
193 311
216 313
214 293
212 273
210 269
205 236
203 294
198 282
197 223
196 340
2 105
192 241
191 241
191 234
191 224
190 244
189 306
186 252
186 226
32 49
37 317
37 101
36 223
35 49
34 48
33 228
32 251
32 84
37 324
31 244
30 167
28 69
27 138
26 273
25 273
25 96
25 56
41 233
46 199
46 143
46 75
45 104
44 235
42 348
42 204
42 152
24 144
41 186
41 67
40 340
39 267
39 141
39 136
39 85
38 266
4 315
12 104
10 347
10 292
10 41
10 18
8 48
7 57
6 264
13 280
4 285
4 213
3 341
3 264
2 230
2 161
2 142
1 146
17 346
23 206
23 198
23 163
23 29
22 112
19 301
19 256
19 188
77 186
17 220
17 194
17 98
16 274
16 116
16 115
16 94
14 233
56 119
51 144
69 207
59 269
68 266
68 93
53 279
54 260
55 266
64 177
58 60
57 291
50 133
67 198
67 80
56 195
56 322
66 289
65 112
66 231
57 79
66 160
66 116
57 143
47 158
62 250
62 159
63 168
46 342
63 247
78 260
76 278
74 340
63 337
73 167
60 290
49 202
72 250
48 89
71 96
70 146
48 187
48 200
60 261
69 229
60 162
49 52
221 230
145 174
126 271
126 155
245 329
329 335
318 343
63 329
304 343
297 344
48 297
144 329
278 343
219 343
112 297
259 304
259 294
220 259
19 309
196 309
158 309
43 175
21 67
11 69
11 191
110 162
110 116
248 334
246 334
87 217
87 344
25 299
141 299
277 338
277 325
20 225
20 32
271 297
134 220
69 134
174 329
169 312
137 312
141 312
33 312
340 350
37 350
104 350
88 276
151 276
144 276
275 276
21 221
43 155
5 230
5 109
103 286
103 129
15 83
15 281
148 201
264 339
148 266
148 260
42 339
244 339
227 306
227 281
9 184
9 230
61 138
61 159
