114.066864
17732
124
11688
24458
175 369
193 380
193 290
193 242
192 333
190 314
189 287
188 427
185 332
184 409
183 413
180 476
176 386
176 383
176 371
193 423
175 341
175 286
173 496
173 426
173 243
173 182
171 207
169 314
166 342
165 293
165 210
165 166
164 472
207 432
219 416
219 303
219 290
217 250
215 345
215 275
214 377
214 300
214 284
213 387
212 255
209 499
208 350
164 210
207 382
207 361
205 500
205 499
203 355
202 487
201 405
201 351
200 431
199 327
197 385
194 350
194 309
125 319
138 344
135 483
133 480
133 457
133 383
133 239
131 156
130 310
129 260
128 220
127 471
126 422
125 367
140 215
125 154
124 498
124 465
124 282
124 261
123 431
122 422
121 445
120 323
117 444
117 390
117 276
117 164
151 488
163 393
163 375
163 262
162 340
161 437
161 366
161 168
159 163
158 492
157 494
156 177
155 215
153 483
219 453
150 422
150 277
148 491
148 443
148 441
148 275
146 165
144 342
143 176
142 470
142 343
142 164
141 201
330 458
357 387
356 428
355 397
355 394
353 389
350 469
350 353
343 493
342 458
340 429
337 346
335 494
333 468
333 408
362 389
329 354
325 342
323 477
322 348
320 462
318 332
317 411
316 354
314 473
314 361
313 343
311 479
306 466
409 475
467 484
467 474
464 494
462 498
455 486
448 463
447 470
438 489
427 476
424 445
415 440
412 413
410 462
304 305
402 462
401 489
399 406
395 442
391 445
389 433
383 483
373 466
373 434
372 385
371 455
366 489
365 467
240 387
258 399
255 452
253 384
253 280
252 266
251 451
251 385
248 291
244 306
243 461
243 435
243 247
241 487
260 279
238 431
233 306
231 241
227 482
227 366
227 259
227 246
226 291
224 260
223 463
222 332
220 363
220 290
289 463
302 459
302 421
302 312
299 488
298 427
297 489
296 463
296 428
296 350
291 449
291 392
290 471
290 333
2 93
288 327
284 467
281 323
279 442
277 498
277 404
277 360
277 359
277 346
266 497
265 348
263 327
260 384
26 172
22 272
22 400
72 238
23 92
24 138
71 277
25 117
25 413
26 36
26 158
22 216
26 407
69 379
69 191
66 216
64 354
64 243
64 69
27 61
28 273
81 487
88 245
17 331
18 483
20 327
86 189
85 409
84 479
83 471
21 214
30 346
80 107
79 88
77 265
77 189
76 130
75 164
74 415
73 231
72 346
40 339
39 253
39 355
40 97
51 348
50 253
40 257
49 360
49 234
49 152
40 275
39 125
49 102
41 250
47 470
42 156
45 349
44 444
44 420
44 347
44 294
36 92
32 268
33 101
62 220
61 295
61 264
60 176
60 136
59 354
34 428
115 304
37 161
57 481
57 321
57 285
56 250
55 471
55 82
38 358
38 439
100 256
111 167
111 136
9 470
11 235
109 343
98 428
108 231
107 417
107 381
11 292
106 340
13 307
112 138
100 270
105 130
104 395
11 375
100 451
103 455
102 255
13 206
101 418
101 290
13 43
101 236
4 38
17 249
114 479
92 170
92 230
2 267
17 174
94 488
95 180
95 225
8 395
3 111
95 323
5 69
2 228
95 414
17 67
90 306
89 205
6 373
15 445
7 487
88 436
255 315
39 46
96 189
446 498
202 388
53 139
53 165
53 427
53 445
38 53
31 160
31 296
31 61
31 269
254 389
254 396
260 403
182 403
88 403
106 334
68 324
340 364
283 334
332 403
95 324
100 324
2 324
205 364
151 364
334 456
366 478
351 478
232 488
232 431
232 323
324 336
147 403
364 454
232 301
370 395
117 370
306 328
130 328
328 350
138 328
290 490
142 490
204 342
204 373
145 456
145 348
226 352
352 389
249 352
16 352
132 137
78 110
110 425
110 411
28 110
46 137
118 385
36 237
116 361
64 116
147 237
10 488
10 11
376 446
196 201
196 219
187 304
187 389
19 450
326 333
179 218
82 179
317 450
107 326
1 35
48 178
160 178
35 424
119 275
29 87
87 409
53 388
327 460
302 460
17 378
378 399
335 368
149 368
57 134
111 134
22 134
70 485
70 399
54 494
54 413
54 479
134 301
132 195
195 229
250 430
163 430
12 149
12 495
45 52
36 52
52 419
52 398
211 244
131 211
211 266
181 268
181 186
181 284
181 288
99 184
99 304
113 231
113 175
13 63
63 455
284 338
338 383
14 105
14 415
58 65
58 139
198 209
198 221
198 273
271 308
29 91
374 387
374 415
266 274
66 308
91 278
119 376
