81.783786
24669
98
23607
35397
147 182
162 193
159 162
156 424
156 266
156 256
154 440
152 383
152 373
150 367
149 447
166 205
142 378
142 263
142 153
140 302
139 321
138 303
137 304
135 293
131 413
181 202
198 356
195 240
190 223
190 201
189 319
187 213
186 428
185 261
183 284
130 282
179 408
179 360
179 243
176 302
175 328
174 188
172 383
172 280
169 432
86 301
94 162
93 429
92 148
91 352
91 164
91 103
90 413
89 318
87 374
95 413
85 282
82 414
82 396
82 309
82 244
82 183
81 185
80 227
79 406
111 389
129 411
128 214
128 210
124 172
123 226
121 154
120 367
119 128
114 425
199 288
110 185
109 220
108 181
106 179
105 188
102 269
102 137
101 306
98 380
303 420
353 419
353 363
345 361
332 443
319 327
317 431
315 355
307 436
305 338
355 405
303 365
299 432
298 429
295 436
289 421
289 339
288 421
284 336
284 322
383 444
430 443
429 434
421 449
419 435
411 412
404 428
403 436
400 409
394 447
282 375
381 413
380 401
380 382
374 386
374 379
372 432
370 432
361 445
356 423
217 441
240 369
228 350
227 238
227 231
226 270
223 330
220 311
219 350
218 224
242 449
215 276
214 226
213 439
213 314
213 249
208 428
205 360
205 230
201 356
258 342
281 288
276 300
275 295
273 367
272 431
265 305
264 431
260 350
258 397
2 288
257 450
257 292
255 295
247 443
246 341
246 333
245 316
245 312
244 246
37 313
42 246
40 357
40 173
40 117
39 337
39 332
39 308
39 63
44 65
37 113
36 371
36 335
36 130
31 217
30 218
29 163
28 295
44 74
44 354
46 218
46 289
47 282
49 318
50 92
51 383
52 240
53 112
53 271
53 291
53 439
56 257
57 223
10 181
1 220
3 188
4 449
5 107
5 274
5 358
5 390
6 32
6 180
6 415
7 286
7 331
7 359
8 139
9 411
79 97
11 361
12 109
13 186
15 218
16 436
17 449
18 443
19 128
20 72
20 347
20 399
21 302
22 102
23 400
24 170
62 319
73 138
78 353
70 331
68 355
61 447
64 141
71 289
79 351
79 95
139 418
41 105
60 95
132 432
320 332
128 145
231 239
25 384
59 432
59 377
59 284
59 158
59 224
154 206
134 422
43 185
43 156
43 274
20 234
36 234
217 234
91 234
136 421
350 410
142 410
354 410
356 410
26 410
196 377
16 196
361 438
225 438
104 162
104 179
104 295
62 104
203 205
203 223
77 116
116 318
116 259
95 116
116 158
55 116
319 417
25 222
35 257
67 378
67 172
417 422
181 391
134 222
294 383
128 340
44 340
125 258
82 125
88 165
195 253
43 143
20 448
276 448
303 448
234 392
258 297
237 240
237 367
143 410
287 385
157 287
287 388
287 352
155 411
422 448
157 343
343 380
225 326
66 306
66 175
75 326
66 310
163 326
45 66
326 388
126 236
392 407
7 100
100 160
5 232
37 232
146 318
146 387
126 283
211 293
304 433
211 421
283 328
283 446
111 433
24 211
254 433
133 431
133 220
43 320
114 248
147 248
437 439
37 290
76 290
13 348
279 429
278 355
101 348
34 233
252 302
35 132
14 251
14 344
219 416
178 416
60 253
168 364
106 168
168 251
168 245
207 400
207 374
177 217
167 442
38 58
58 250
177 418
127 200
127 318
161 169
6 161
171 395
295 395
139 151
151 305
366 387
118 366
99 170
144 402
178 402
99 324
277 402
99 435
204 329
204 389
264 349
276 349
156 346
257 262
10 346
40 262
390 393
334 393
77 229
229 362
206 239
122 364
122 160
296 414
296 301
83 96
83 329
83 305
267 376
96 426
171 267
54 267
194 426
325 425
191 268
241 285
64 241
325 439
141 268
165 241
184 325
323 428
323 384
92 323
33 216
86 216
69 135
69 192
188 221
221 227
27 92
27 212
368 398
45 368
84 212
197 245
197 447
48 84
181 235
235 400
41 204
38 427
411 427
167 297
209 442
136 155
145 268
115 391
233 294
88 278
236 437
209 279
115 252
