36.239792
459
41
64
91510
68 105
65 79
65 109
66 135
67 73
67 101
67 112
67 157
68 95
64 108
69 155
70 118
70 152
72 94
72 135
77 81
78 113
53 141
41 74
41 159
42 136
44 146
46 129
47 93
50 123
51 69
81 124
54 134
58 70
59 115
61 62
61 149
63 81
64 71
131 146
104 115
106 120
107 123
109 121
110 120
113 153
114 133
115 119
103 116
134 156
136 138
137 143
137 144
139 149
146 158
148 150
2 136
102 127
100 141
98 151
98 125
98 99
93 126
93 117
91 135
89 116
87 106
86 155
85 120
84 135
82 133
81 155
17 141
15 28
15 56
34 68
33 109
15 60
15 157
16 22
32 148
16 38
16 79
14 94
18 82
19 32
30 127
20 32
29 123
27 133
21 64
24 137
25 120
37 46
40 41
1 155
4 5
4 51
4 128
6 94
7 113
8 94
10 36
10 46
11 111
11 130
11 160
13 41
13 120
36 127
35 61
13 141
39 157
72 132
9 93
3 48
48 87
48 92
48 157
71 96
13 96
142 150
77 142
139 142
90 142
32 145
145 147
12 43
43 45
97 137
97 155
9 122
83 134
123 140
83 116
127 140
46 83
16 140
80 115
11 80
64 80
55 136
11 55
49 122
39 49
47 76
76 146
57 88
72 88
18 88
88 92
61 154
136 154
68 154
75 133
75 113
52 70
52 81
26 109
26 98
23 147
23 134
31 116
31 45
