28.150038
20625
39
5376
65592
44 111
79 160
72 77
70 90
69 107
66 72
65 163
64 167
64 135
58 82
55 122
54 90
48 123
47 163
46 149
80 107
42 148
42 143
38 145
38 126
38 93
30 143
29 106
27 62
25 159
25 155
25 76
25 39
24 171
24 150
109 172
153 163
148 168
140 166
133 166
132 172
129 147
124 129
120 138
119 161
119 157
115 143
113 159
111 158
110 138
2 24
107 176
106 149
104 111
103 159
101 129
99 169
99 164
92 138
91 159
90 179
89 106
85 148
81 172
23 58
17 166
16 136
16 79
16 59
16 35
14 123
9 148
9 144
9 67
19 72
9 22
21 64
20 58
20 74
20 177
8 176
5 119
43 58
4 106
128 146
68 137
7 130
7 114
7 32
71 98
57 139
31 90
72 97
97 101
9 170
166 170
87 154
61 98
61 180
25 40
58 127
36 37
162 163
159 162
156 162
129 162
52 117
58 121
94 121
10 49
102 121
34 55
34 112
34 59
111 116
32 134
116 143
96 134
105 139
75 105
39 131
26 105
125 131
118 131
8 13
13 173
13 156
60 100
100 154
43 52
4 37
24 141
107 141
56 138
56 99
86 123
16 86
15 40
45 128
45 51
10 88
1 88
7 68
15 151
6 94
6 41
20 165
119 165
36 165
6 160
83 137
11 12
11 117
11 178
53 83
45 102
31 152
38 50
50 64
28 114
28 174
28 99
28 54
84 99
84 123
33 51
33 142
108 172
108 148
3 175
3 174
62 78
3 27
73 78
57 146
151 152
18 125
18 148
95 126
25 95
63 71
63 127
40 87
49 61
