30.574867
8226
37
542
35528
171 245
77 299
182 216
182 183
181 203
35 252
81 87
176 178
33 268
33 189
86 242
219 220
88 141
31 266
31 258
174 192
76 176
90 220
224 226
170 299
229 245
169 272
164 257
28 101
27 282
97 183
98 191
164 222
25 61
101 165
236 274
45 161
207 216
205 216
203 280
202 203
201 272
61 95
50 192
61 158
195 297
188 226
65 192
66 295
67 152
46 161
155 281
45 155
67 228
44 218
44 153
44 101
43 164
42 236
41 137
67 282
68 137
187 274
70 115
72 137
183 250
245 296
115 226
117 274
143 183
259 272
142 208
141 298
140 252
252 255
16 203
124 158
101 179
125 299
137 217
126 214
126 267
12 272
158 223
11 51
158 163
133 161
134 183
114 192
103 126
162 276
155 198
155 173
19 186
109 242
19 231
161 232
7 276
150 176
4 141
239 245
44 168
36 275
112 260
237 245
120 155
44 119
128 232
48 57
111 116
161 247
101 225
42 74
100 252
32 158
54 56
53 233
180 276
123 251
122 287
227 230
105 242
106 293
238 293
274 293
256 293
174 293
20 293
14 131
16 269
22 277
47 272
64 241
135 241
82 148
82 106
9 284
19 58
247 254
225 254
156 271
156 262
156 252
156 195
32 100
139 220
139 216
102 192
24 280
17 281
17 141
119 131
71 216
71 161
68 157
28 157
158 300
137 300
127 193
61 193
120 241
136 145
197 245
137 197
14 291
36 291
74 123
44 294
33 294
85 294
22 180
6 248
56 227
93 130
54 102
96 129
185 260
185 237
141 210
210 276
33 273
256 273
31 172
172 183
39 176
39 192
104 127
2 104
269 277
138 149
144 184
24 34
215 241
94 204
103 121
37 274
37 38
3 47
83 177
177 203
51 160
160 279
138 156
75 244
75 169
233 285
38 288
113 288
55 299
55 262
3 149
67 89
31 89
116 145
240 271
10 122
10 147
142 240
10 213
107 295
64 107
15 226
15 274
57 294
105 204
73 235
73 226
23 242
23 27
23 283
94 132
146 229
92 146
6 128
1 118
118 238
253 283
111 253
132 285
65 91
91 98
178 249
26 249
34 184
62 83
62 108
126 221
221 242
66 78
78 261
18 92
18 213
59 245
59 278
154 244
154 167
248 263
243 263
11 209
209 297
87 110
110 168
79 96
97 270
234 270
79 240
69 206
69 194
49 290
251 289
208 211
99 175
129 290
13 211
199 289
21 265
31 286
212 286
151 190
81 190
159 292
84 85
63 84
30 164
9 200
8 246
8 167
8 40
58 200
5 29
29 112
19 196
196 246
80 166
80 191
175 215
60 241
121 264
52 93
52 194
60 130
159 287
21 264
30 130
