86.827432
20352
98
4602
39073
103 231
230 275
230 305
232 302
107 158
106 109
234 239
105 177
104 308
109 122
101 234
100 261
100 152
99 188
99 106
98 203
95 245
236 344
115 217
119 292
118 205
118 193
118 137
117 168
220 392
222 350
223 318
237 282
225 384
226 368
113 321
227 246
228 370
229 254
110 297
109 296
75 249
84 230
83 270
82 91
245 387
246 304
247 397
78 189
76 231
245 300
75 231
74 349
248 298
249 308
72 366
72 333
71 330
70 339
89 362
93 303
237 311
237 329
238 376
240 346
242 349
91 286
91 97
119 378
243 351
243 397
89 139
89 138
88 187
88 181
86 100
85 384
170 217
204 290
176 291
176 287
174 316
172 344
207 321
208 268
208 277
176 325
209 261
209 283
211 382
167 223
166 197
164 230
162 232
159 384
197 313
189 267
189 243
188 347
184 332
190 321
191 389
194 315
196 274
157 246
197 358
181 256
198 297
180 303
201 266
178 232
177 345
177 252
128 163
141 332
141 314
140 156
136 331
135 188
131 361
130 209
129 246
142 361
219 368
127 350
127 265
126 331
124 346
123 203
121 394
120 257
149 393
157 217
156 380
156 310
154 234
153 397
152 323
214 397
217 375
87 254
149 235
148 266
147 351
146 336
146 264
146 210
145 389
144 386
319 386
32 238
31 121
30 141
29 392
303 337
27 292
308 385
309 390
315 381
32 340
320 390
24 32
23 42
22 298
21 287
21 223
20 356
20 323
37 181
42 81
285 382
295 324
297 377
298 355
40 107
39 107
38 254
20 251
36 317
36 279
35 287
35 192
35 175
35 79
34 36
33 72
370 371
351 360
10 62
9 189
354 386
361 373
7 209
364 389
368 395
350 369
374 383
5 128
4 204
3 179
382 398
2 149
2 31
1 397
14 295
322 383
18 391
18 287
18 125
17 237
17 176
16 18
15 71
257 272
13 348
326 344
13 269
338 372
339 367
341 370
343 351
349 399
273 389
263 278
58 77
58 71
57 292
56 121
55 100
54 392
54 324
270 306
58 150
274 364
51 328
51 294
51 200
278 293
50 390
49 128
48 278
47 253
65 265
69 266
257 316
258 382
259 315
260 295
261 278
261 349
66 274
65 357
52 71
65 157
65 90
64 204
61 331
60 203
59 317
59 270
58 378
44 133
278 379
44 289
280 383
45 141
45 339
46 62
261 365
111 389
186 334
224 335
43 243
185 389
36 359
359 368
359 386
223 359
12 178
12 297
281 287
111 359
108 386
108 143
215 241
109 132
132 346
132 297
102 257
42 102
102 204
102 149
32 132
102 195
6 206
43 185
44 262
243 262
96 195
96 186
42 221
25 298
25 295
12 334
116 157
253 288
174 288
96 365
96 396
161 293
161 284
218 339
72 218
141 388
44 388
143 221
160 366
160 245
155 187
142 212
28 156
28 177
155 165
155 215
155 257
212 331
121 212
212 231
13 28
234 327
233 322
116 213
212 213
232 301
301 315
179 199
199 338
92 255
68 292
68 370
41 390
41 270
89 271
271 346
171 231
171 208
183 342
182 203
182 234
182 384
183 400
183 276
53 63
3 53
202 392
202 344
181 250
250 382
26 299
26 184
93 244
105 244
254 352
352 383
169 372
107 352
169 285
169 173
51 94
94 350
114 266
71 114
114 278
327 335
58 80
80 118
8 208
8 146
19 67
151 363
67 117
67 224
151 168
151 305
112 188
112 197
11 62
11 321
176 307
276 307
13 307
303 312
128 134
91 312
134 230
353 400
85 353
62 216
40 216
73 132
25 73
6 25
233 281
92 241
