9.858274
59975
15
78
122717
43 98
9 31
9 33
9 100
14 87
15 42
21 28
28 99
35 75
39 75
40 57
40 90
43 67
43 81
2 43
44 77
48 73
49 71
57 59
62 78
64 77
71 79
75 76
77 80
77 81
89 97
1 87
37 93
8 28
10 82
50 77
17 43
52 87
41 71
16 56
6 56
4 24
4 95
4 30
18 54
63 87
11 18
10 63
15 36
36 84
60 63
26 27
27 48
27 96
9 27
4 8
27 60
56 65
87 92
17 56
26 74
74 95
23 52
2 69
24 69
51 82
66 70
62 66
16 66
23 41
36 65
18 50
83 96
32 83
9 12
12 37
13 28
13 75
3 32
3 45
20 47
20 85
29 80
29 97
25 94
70 94
38 88
7 38
46 47
46 54
55 88
55 85
22 42
5 28
5 68
53 58
57 72
61 91
34 86
34 68
19 56
19 72
61 92
58 66
