47.043700
22283
61
18963
37219
196 288
84 197
84 121
251 276
247 322
84 92
244 340
244 288
33 264
85 339
242 243
198 272
199 272
200 253
35 240
35 321
36 259
193 322
272 276
267 347
25 251
98 252
261 285
98 205
96 184
95 259
78 83
258 322
257 322
93 341
256 305
91 97
29 139
88 137
50 296
226 266
47 50
48 72
57 142
56 72
218 266
219 229
50 163
46 170
50 346
222 285
219 238
219 248
53 243
52 337
52 112
206 243
203 341
74 200
72 276
72 113
71 97
70 318
68 301
68 104
98 294
65 347
231 264
210 349
211 274
60 167
58 68
57 331
10 124
139 287
139 158
320 339
138 315
138 215
138 202
137 285
10 115
141 201
10 165
11 32
11 62
11 83
11 131
164 180
12 42
146 259
1 33
2 20
154 250
2 62
2 89
2 329
3 119
3 125
99 349
3 271
4 264
145 342
145 273
141 336
7 122
141 324
21 97
129 277
128 184
289 305
173 299
111 322
288 309
18 57
180 192
173 250
180 233
184 333
187 191
105 250
188 347
102 274
272 279
134 269
167 177
13 251
134 334
134 329
134 280
130 145
167 179
132 319
132 317
306 339
132 296
237 341
155 230
123 176
43 108
160 291
73 194
200 300
14 335
151 174
118 308
139 236
298 347
44 214
63 172
274 284
55 169
148 286
66 286
185 286
21 286
175 217
41 69
27 139
27 263
216 288
259 293
26 143
5 80
127 148
127 276
126 305
133 326
29 316
316 350
141 147
24 316
15 191
15 181
81 316
5 15
147 212
147 288
147 172
123 298
190 251
125 190
176 209
209 307
17 100
235 276
116 235
100 227
227 286
16 45
16 220
232 283
232 350
3 228
228 347
36 228
322 328
97 328
220 328
52 67
67 341
14 34
213 307
213 341
106 151
40 120
40 52
59 219
3 59
63 106
152 219
50 152
30 212
30 120
108 286
107 236
19 207
77 122
77 230
117 243
117 134
117 132
117 292
169 291
78 241
12 241
107 159
80 155
15 17
39 344
144 170
144 162
34 159
76 299
10 76
161 186
7 186
55 76
143 186
38 76
225 339
84 225
28 349
28 274
186 325
87 250
87 183
160 282
22 343
22 73
281 282
76 335
22 260
201 282
88 282
49 180
49 52
251 332
57 166
166 259
156 184
11 156
22 325
8 292
138 245
312 314
167 245
245 323
314 318
314 340
90 195
70 195
129 195
174 249
6 249
37 338
64 101
204 246
204 223
44 284
81 262
214 262
194 326
86 338
86 333
293 345
126 345
9 110
110 331
118 175
75 246
35 75
37 69
51 285
51 266
1 295
94 295
302 310
9 310
275 348
311 348
35 171
171 264
2 61
23 98
278 330
257 327
234 268
234 260
61 68
178 327
145 150
54 305
54 217
79 255
54 189
255 275
140 255
54 121
239 303
46 303
185 303
182 290
153 254
254 277
6 290
168 323
168 304
168 183
43 295
60 103
79 103
31 266
31 265
109 313
109 269
39 82
82 270
136 265
221 308
114 224
149 221
224 258
136 157
208 219
200 208
41 207
135 300
15 297
26 64
297 344
216 278
150 326
23 135
