66.244635
9645
86
362
36886
130 441
143 314
142 331
141 407
139 199
138 396
138 345
134 284
133 146
131 317
146 159
128 248
128 147
126 289
125 283
122 138
121 395
114 385
113 298
170 377
188 191
187 255
184 272
180 407
179 263
178 302
177 322
171 393
113 169
167 370
167 308
165 284
161 214
160 355
153 259
149 302
146 253
73 296
83 232
80 416
80 341
79 289
77 402
76 363
75 394
74 414
73 389
85 241
71 101
70 292
67 378
66 311
62 449
62 288
62 157
61 73
101 339
112 156
111 138
110 353
107 160
106 314
104 302
102 186
101 437
189 209
100 331
99 340
99 253
97 445
93 322
93 186
92 241
90 241
276 425
317 429
315 404
300 379
298 428
290 391
284 294
283 437
282 289
280 331
326 342
276 310
275 342
271 276
267 272
266 309
266 277
264 342
261 353
378 399
433 437
414 424
408 414
404 411
395 442
386 437
381 401
378 410
259 362
377 385
369 402
351 372
350 372
338 395
336 426
327 426
326 373
207 272
224 284
224 242
218 298
217 300
215 314
214 443
214 423
209 235
225 322
205 445
199 387
199 316
195 340
194 407
193 232
192 285
190 258
242 273
259 313
258 427
257 328
252 385
246 446
245 300
242 447
242 438
2 402
240 266
238 328
234 445
233 246
232 343
232 269
230 311
229 340
23 436
23 152
3 300
54 312
34 376
42 363
34 325
4 258
8 372
15 328
16 112
53 324
9 445
34 151
23 425
23 28
43 128
53 212
17 393
53 132
52 130
32 227
19 162
32 169
5 444
46 357
30 298
48 157
49 75
13 160
26 246
35 353
40 122
8 88
26 306
3 51
39 167
40 123
40 176
38 186
40 281
57 445
10 32
37 112
11 290
1 363
57 80
56 75
300 450
403 406
211 272
346 378
86 203
80 434
286 385
103 371
354 366
181 302
140 314
183 372
250 290
128 431
20 276
304 364
247 337
160 337
176 185
185 357
276 352
80 352
32 206
223 417
36 206
78 259
7 224
202 448
179 202
69 202
213 384
124 154
251 317
23 268
154 372
32 251
112 251
175 213
91 187
91 263
213 435
25 272
54 91
25 127
25 70
16 268
268 421
20 64
200 432
200 390
64 417
21 420
36 274
163 393
202 335
101 375
81 203
81 434
274 335
272 422
128 422
392 437
184 392
222 376
141 222
277 413
413 450
374 413
291 300
62 291
129 155
14 366
129 361
14 56
244 348
234 270
14 47
44 303
44 145
197 220
220 409
44 135
220 403
270 360
92 270
285 383
115 383
405 437
175 405
27 430
321 415
145 329
5 254
48 321
214 321
27 245
321 432
21 254
312 329
254 330
329 400
254 313
226 329
27 359
27 307
223 413
136 276
136 231
29 96
31 82
82 255
60 241
60 130
53 368
368 393
65 128
65 328
65 402
34 65
188 216
216 395
216 373
216 278
216 224
231 333
333 384
258 439
298 439
18 448
18 73
109 304
109 332
174 437
173 174
317 397
397 404
375 380
419 426
348 380
348 406
55 146
55 289
12 208
95 340
75 95
24 337
158 292
158 221
68 289
68 221
164 186
164 214
354 364
103 337
129 211
108 317
209 349
302 349
24 78
318 400
243 318
12 183
232 279
167 279
181 431
154 346
239 404
168 239
204 365
107 204
6 204
118 243
118 330
7 286
208 431
50 125
50 382
148 173
87 334
148 388
6 87
19 148
140 250
138 196
143 144
144 210
40 440
120 390
120 237
119 440
201 412
201 401
196 414
162 260
105 260
228 265
172 265
353 358
290 358
22 301
22 170
22 88
262 426
199 262
287 314
237 287
186 256
256 356
40 236
101 236
295 319
295 305
98 395
98 311
219 311
58 219
130 137
137 323
89 421
89 306
246 344
331 344
41 371
41 150
182 367
182 430
94 323
94 320
33 314
33 363
299 444
249 299
84 101
84 393
116 191
116 418
58 347
343 347
72 347
63 192
63 381
166 228
117 420
108 297
29 117
63 297
59 198
198 398
342 398
45 59
293 305
293 308
419 431
163 166
