24.341215
24621
33
55
84103
47 68
62 146
61 68
59 159
59 134
59 128
58 125
55 140
55 124
55 94
54 137
53 86
1 58
63 130
46 147
43 86
42 146
41 67
40 58
35 68
33 109
32 86
30 156
30 68
29 153
29 144
97 118
149 156
143 151
130 136
130 135
127 147
121 130
120 137
114 156
109 122
108 118
107 135
99 118
51 71
96 131
94 132
91 151
90 151
87 159
83 138
80 131
74 131
71 160
68 138
66 103
65 133
14 38
24 26
23 82
24 70
21 24
19 109
19 91
15 86
25 102
14 95
12 23
11 71
10 36
7 66
5 137
4 14
3 146
25 112
25 113
16 84
24 126
56 156
49 52
66 119
71 115
148 155
137 155
81 111
25 123
65 123
14 111
60 123
111 151
66 116
104 141
50 59
50 146
6 104
37 104
28 104
109 110
86 110
52 111
18 67
18 72
18 154
56 73
85 142
75 152
76 142
34 108
34 72
39 78
58 98
98 130
49 73
23 158
44 158
31 131
5 31
25 92
28 92
13 57
57 117
16 57
2 87
2 22
69 81
69 107
41 69
101 113
27 101
10 45
45 148
9 45
105 147
25 105
85 105
131 150
106 136
48 133
48 88
100 106
23 150
43 48
29 150
8 147
8 55
83 89
77 79
74 89
6 79
17 44
17 129
20 89
59 139
37 139
123 157
116 157
119 145
115 145
24 64
11 64
93 117
14 93
78 84
98 152
