6.728411
18574
18
852
75390
92 160
91 145
63 64
85 92
63 141
33 95
19 113
10 92
49 130
48 92
108 142
41 107
24 27
25 130
16 63
68 137
114 130
8 67
63 150
59 94
38 133
82 130
33 65
60 130
61 148
12 14
63 124
35 53
102 128
24 100
136 158
32 104
62 96
3 76
74 120
43 84
28 30
28 110
28 104
78 151
55 85
61 65
71 153
47 97
65 109
18 155
31 138
81 105
77 122
71 105
105 149
19 122
105 145
11 88
37 88
16 138
68 122
138 155
54 140
51 140
3 125
125 133
13 125
69 98
65 97
65 94
56 58
36 135
59 135
57 144
92 119
87 119
17 65
65 69
35 65
29 40
29 81
29 110
67 123
106 123
4 88
109 153
131 147
77 132
40 132
58 89
93 134
28 56
93 122
70 134
70 138
99 150
2 116
2 95
73 129
46 89
17 100
124 129
47 120
84 125
125 151
74 118
118 142
52 76
22 105
20 157
55 98
137 152
117 152
9 113
9 126
82 159
41 42
78 159
45 102
121 128
23 121
60 158
52 99
83 91
34 83
5 21
15 156
6 86
6 87
79 90
32 45
29 44
72 114
4 72
20 50
123 151
14 28
50 90
15 53
96 127
1 127
127 157
22 131
8 42
26 154
57 154
55 62
103 115
37 115
112 139
75 111
54 143
101 143
136 143
12 146
66 146
7 144
39 80
80 107
7 131
21 43
75 84
38 139
