38.643479
4215
48
303
35998
83 97
61 168
67 133
67 202
73 107
73 193
74 181
76 84
76 111
76 129
60 207
83 164
85 131
89 193
89 222
89 236
89 247
91 203
95 162
96 140
48 67
35 221
36 50
38 67
40 179
42 131
43 44
44 98
46 105
47 224
96 192
53 55
55 72
55 141
55 193
56 178
57 176
57 179
59 73
181 201
144 241
147 185
153 162
154 234
155 162
156 228
163 190
163 227
178 224
144 239
185 204
185 216
185 223
188 246
190 233
199 216
203 244
212 237
237 242
121 133
96 200
100 163
105 108
105 157
106 207
109 181
112 162
115 203
120 224
2 77
122 207
123 228
125 165
126 199
130 219
130 243
131 170
135 228
2 143
33 36
19 44
6 249
6 214
6 134
20 57
21 61
22 228
6 99
2 115
2 159
23 199
25 64
25 231
25 248
3 18
26 130
27 36
28 73
14 188
35 110
11 199
13 36
10 234
9 198
35 67
9 177
13 70
13 175
2 78
15 237
15 249
16 142
16 189
16 195
7 35
130 167
12 83
35 94
25 102
61 172
16 86
64 218
51 127
128 229
52 207
130 245
151 211
185 250
103 250
104 232
66 104
32 104
67 182
45 182
39 124
124 153
124 188
32 158
144 158
68 206
150 206
61 206
45 206
94 158
63 207
63 144
102 206
68 139
139 163
24 207
37 148
5 37
211 245
181 240
2 240
85 152
61 92
92 137
83 152
82 92
152 228
51 92
5 24
218 235
103 235
148 152
117 189
96 117
79 172
79 86
145 197
99 197
166 197
124 127
8 188
8 107
6 81
4 96
4 13
34 203
34 36
167 197
87 118
196 220
196 232
173 196
17 118
193 205
71 205
81 151
18 81
31 81
88 199
150 215
119 215
183 217
56 183
230 233
35 101
57 101
41 230
84 161
161 173
76 184
184 224
138 209
83 209
136 225
136 144
65 191
3 65
13 149
149 187
237 238
186 238
49 234
49 130
137 174
90 174
171 180
71 180
87 132
125 132
9 62
62 131
62 105
75 132
58 146
58 187
160 234
44 160
183 229
123 210
1 210
54 116
116 159
29 169
165 169
213 226
213 225
30 194
69 194
109 208
93 208
52 118
80 95
80 113
9 114
30 114
