6.808058
53098
9
181
73241
70 78
36 84
37 78
36 53
52 58
33 117
28 89
27 52
26 108
71 109
7 120
77 114
7 109
7 90
7 63
109 119
3 78
101 109
87 117
38 57
45 109
34 79
43 107
72 80
18 66
44 100
13 61
2 109
94 95
56 120
56 73
78 81
78 82
6 46
55 98
35 88
68 104
20 52
51 106
23 38
15 28
10 93
22 64
22 91
85 115
9 115
7 8
9 22
22 73
15 16
31 46
39 62
62 112
55 62
51 62
6 98
2 31
8 99
47 117
17 65
17 109
32 91
25 47
21 110
97 117
30 70
69 106
69 93
48 67
12 89
12 39
85 118
19 29
18 88
16 97
22 43
29 99
65 66
22 80
7 111
76 113
79 111
10 113
5 20
4 42
42 107
36 54
34 54
5 60
52 75
36 75
60 94
24 108
21 95
19 24
103 110
14 103
86 92
61 83
72 83
83 96
13 23
57 86
32 44
49 78
49 105
26 116
102 116
11 96
1 11
30 59
41 59
48 81
82 118
67 74
74 114
41 104
40 50
40 68
