97.101025
21131
111
1359
33710
131 272
143 361
142 290
140 380
282 358
287 332
138 295
136 308
135 146
295 414
304 345
145 247
130 426
129 282
128 387
305 398
126 290
125 360
125 289
123 270
121 444
120 185
274 319
268 307
269 290
272 321
158 400
158 368
158 346
158 261
157 380
156 359
156 180
119 240
280 396
282 317
153 354
152 288
147 280
147 247
147 191
146 448
146 415
146 367
98 349
103 324
102 277
102 256
101 318
101 165
101 106
100 428
100 229
99 102
98 450
104 141
98 234
97 405
96 113
94 398
336 378
92 150
90 164
340 437
345 433
88 397
114 155
118 340
117 405
116 437
116 403
116 231
116 195
308 362
114 344
114 311
114 193
163 185
113 262
113 249
308 408
310 375
311 324
318 450
320 378
327 354
109 398
105 160
209 375
217 254
216 357
215 420
215 306
214 426
257 284
212 238
211 374
257 382
258 323
217 441
208 383
206 268
205 444
205 274
203 417
202 406
202 299
201 370
201 292
201 278
230 443
244 324
241 385
239 444
238 315
238 248
246 298
246 329
247 325
250 270
233 246
201 229
230 421
229 405
252 295
225 280
222 392
222 314
220 374
220 233
255 378
257 281
175 433
187 279
185 232
183 387
183 375
183 282
182 224
181 268
179 222
178 405
177 197
264 361
173 384
173 347
173 320
173 174
172 230
167 187
166 218
166 186
164 288
164 207
192 407
200 272
200 270
199 407
199 365
199 291
198 274
197 258
196 426
194 247
192 446
109 355
192 363
192 223
192 205
191 442
191 243
190 355
260 426
263 381
264 330
35 104
44 312
44 200
43 272
42 295
41 100
386 433
39 357
37 357
37 248
36 355
44 432
34 270
387 402
32 412
32 83
32 38
31 88
387 434
26 438
26 352
26 69
49 168
375 418
61 377
60 150
59 208
57 191
56 156
54 150
52 197
51 378
50 195
26 55
379 424
47 430
47 330
47 169
47 87
46 326
46 313
46 302
45 217
5 67
11 355
11 230
11 156
10 424
9 14
8 335
8 276
8 58
7 144
6 361
12 187
4 100
3 424
3 116
3 32
417 438
2 393
2 372
2 266
1 41
20 351
398 449
409 417
410 437
24 67
23 380
22 401
22 119
21 273
21 245
21 148
44 108
19 152
19 124
19 53
17 444
16 144
416 424
14 435
14 196
13 351
73 316
77 134
77 107
77 95
358 431
363 441
74 215
74 78
73 350
77 252
73 188
72 144
71 217
364 437
70 391
70 320
70 216
82 91
88 170
86 308
86 208
351 430
84 357
82 448
82 237
82 159
62 166
81 119
80 256
80 125
354 445
355 389
78 422
78 301
67 449
63 274
65 413
66 150
64 440
65 411
67 293
65 221
70 149
374 427
70 151
147 242
3 265
104 439
93 184
11 353
78 395
130 228
228 246
199 228
33 76
229 339
320 339
33 114
33 300
85 125
26 333
85 338
164 333
286 333
85 290
308 348
18 348
158 348
348 433
76 394
113 394
14 226
226 257
208 226
202 251
79 218
19 251
217 423
47 423
115 423
303 313
200 303
182 369
332 369
112 398
144 366
361 366
112 150
122 369
170 369
176 395
341 448
252 341
132 183
132 205
127 271
227 376
49 376
8 337
197 210
210 354
102 337
127 353
339 404
40 66
40 78
226 404
12 27
27 68
228 265
28 118
28 241
28 381
28 448
235 324
98 235
235 437
85 271
204 371
245 371
79 176
101 331
356 377
204 356
166 331
184 356
73 331
297 356
242 309
268 283
162 213
160 419
168 213
46 283
29 419
54 419
105 213
50 334
68 334
334 425
171 351
171 202
137 399
18 399
15 30
30 280
30 308
215 388
21 388
1 390
390 436
75 222
75 351
104 342
342 380
342 426
296 374
88 296
25 67
25 119
236 380
236 266
110 114
110 185
71 161
161 323
65 429
238 429
140 285
285 322
293 294
275 294
224 343
259 343
111 133
133 304
267 328
64 154
48 139
328 440
139 263
15 328
154 373
219 447
89 447
219 309
189 253
89 283
189 333
