28.198138
49
30
43
98135
69 106
55 113
59 101
61 101
36 71
35 105
35 101
34 53
32 110
63 68
63 105
64 95
38 77
30 84
70 77
72 115
29 87
29 52
75 113
77 93
79 113
81 117
26 115
46 110
53 94
51 116
51 66
50 88
54 101
50 58
49 53
48 110
48 71
48 63
47 90
1 64
44 45
54 117
43 67
43 47
41 51
40 71
39 104
39 103
39 74
39 43
6 63
12 110
11 53
11 51
10 96
10 54
10 16
9 83
8 64
7 10
25 98
5 83
4 114
4 104
4 33
106 107
106 120
2 92
2 65
2 45
14 71
24 117
23 90
84 93
84 111
85 117
21 43
20 29
25 56
83 119
87 119
89 115
90 99
90 102
100 115
25 112
18 84
17 39
15 77
80 97
60 97
48 86
57 78
13 42
42 118
42 108
42 100
11 42
3 108
3 54
2 22
22 83
22 69
19 44
19 72
19 82
19 95
37 106
37 84
25 91
91 115
4 28
28 50
50 76
76 118
31 77
31 113
43 109
27 86
97 109
27 57
73 78
62 73
