27.056655
72314
32
5258
77248
34 89
69 115
41 105
69 144
39 154
70 174
38 75
38 52
37 91
36 94
128 193
112 160
130 174
34 92
128 170
110 154
32 91
108 179
135 189
106 125
135 195
29 86
28 55
139 179
26 69
25 111
139 185
51 65
117 162
57 138
57 137
121 171
61 136
55 116
54 86
53 149
53 143
53 119
53 93
51 132
51 96
82 105
61 191
62 162
63 188
64 91
66 67
66 101
123 135
127 160
128 134
45 102
66 126
113 185
15 154
5 94
153 185
155 198
85 89
6 124
18 57
87 179
89 110
160 183
6 103
89 168
6 145
6 177
9 160
90 94
171 187
174 175
12 103
11 86
142 171
103 127
102 176
102 157
103 129
21 174
175 179
144 180
84 86
5 80
105 163
94 159
27 183
174 197
10 42
14 20
105 172
50 164
169 174
86 192
83 118
24 83
59 195
69 71
24 71
72 94
6 72
69 72
72 185
51 181
79 118
83 100
23 55
23 69
83 172
122 169
14 79
122 192
68 142
33 162
33 179
22 162
22 66
120 156
82 120
47 55
47 119
158 200
84 158
40 158
7 194
106 194
13 91
13 53
133 156
2 133
2 97
61 97
1 61
104 188
86 104
152 186
182 186
99 150
135 150
48 166
48 154
48 103
43 81
43 193
43 174
1 10
44 77
77 93
77 111
7 161
44 161
40 140
4 140
42 167
56 167
35 184
35 98
49 125
49 148
30 67
30 114
100 150
99 173
151 173
74 105
74 89
107 151
107 184
17 171
17 160
58 68
141 165
98 141
31 59
158 164
76 166
76 146
196 199
18 196
31 181
73 190
73 132
3 16
3 128
58 186
178 198
178 190
131 199
50 131
16 60
60 78
8 109
109 152
19 37
19 147
88 155
46 88
95 102
57 95
