107.241935
27599
113
2644
42112
154 321
165 386
165 166
164 337
163 291
163 186
162 346
162 330
162 256
161 385
161 203
157 335
168 382
152 285
149 257
149 231
147 380
147 307
147 240
146 174
145 343
142 354
142 322
141 378
176 337
187 316
186 305
186 297
184 268
183 353
183 243
183 228
182 212
179 225
178 343
177 345
141 334
176 179
175 318
174 374
174 367
172 341
172 299
172 175
170 392
170 298
169 400
115 382
121 242
120 212
119 373
119 193
119 169
1 400
118 205
117 369
117 267
117 130
116 135
121 270
113 176
111 224
109 179
108 161
107 260
105 321
104 132
103 400
103 316
102 377
102 221
132 360
141 247
140 332
140 308
140 209
138 284
135 295
135 151
134 240
133 262
133 234
133 203
189 306
132 270
130 379
130 268
129 170
127 179
124 306
123 375
123 350
123 344
122 397
279 368
306 363
305 391
302 316
297 381
294 316
289 343
285 289
284 314
284 296
282 337
280 382
311 373
279 335
276 396
275 389
275 303
274 361
274 347
274 289
273 275
272 318
268 356
265 393
339 397
390 394
374 395
373 397
372 387
370 379
359 372
358 390
351 390
345 375
345 352
340 379
263 287
333 337
327 379
324 395
320 322
318 328
315 386
315 361
315 335
315 317
312 349
209 247
224 244
223 285
217 281
216 383
216 329
216 300
214 366
213 220
212 384
212 262
210 396
224 266
207 220
203 393
203 371
202 349
201 305
199 393
196 311
195 371
190 331
190 248
190 222
239 293
261 306
260 342
259 331
259 301
257 268
251 303
249 400
247 284
245 274
242 376
242 258
118 363
239 290
238 275
237 343
235 250
233 303
232 259
231 254
229 395
227 397
226 396
42 315
46 255
46 218
46 159
46 73
45 202
45 100
44 123
43 377
43 236
43 230
43 204
47 287
41 311
40 285
39 395
38 371
36 322
35 315
34 377
34 208
34 181
34 144
54 153
59 305
58 386
58 309
58 252
58 200
57 100
56 217
55 220
54 365
54 323
54 262
33 174
53 165
52 264
52 150
52 99
102 198
51 180
51 93
50 118
49 349
48 231
13 161
18 214
17 155
17 80
17 78
16 241
16 84
16 69
15 32
14 336
14 292
14 262
19 171
12 217
10 396
10 96
9 19
8 119
7 163
6 345
5 287
3 70
2 14
27 163
32 398
32 191
32 151
31 319
31 247
31 106
31 64
30 333
30 51
29 214
51 271
26 190
25 399
25 160
25 112
25 103
24 371
23 297
20 63
19 374
19 355
79 192
86 271
85 260
83 335
82 311
81 288
81 246
81 176
81 125
79 253
86 310
79 151
77 250
76 211
76 128
76 126
75 86
74 318
73 335
95 259
102 139
98 303
97 215
97 197
97 156
96 331
96 148
96 131
87 297
94 216
94 162
92 393
90 228
90 135
89 250
88 117
65 165
63 94
70 277
70 375
70 219
69 264
62 100
61 400
60 321
68 239
67 79
71 76
66 141
63 357
73 250
100 114
28 386
42 362
94 278
22 103
167 326
167 242
167 390
4 372
4 220
4 86
4 78
4 362
173 268
111 286
176 304
130 304
173 185
185 286
11 396
11 132
63 137
137 236
283 342
283 372
188 287
76 188
118 188
167 278
28 188
186 313
313 373
136 375
136 331
143 374
143 247
21 140
21 183
21 214
91 151
91 377
91 289
114 143
194 234
37 194
134 194
72 133
101 231
101 318
101 133
101 239
113 348
348 354
217 269
17 269
170 206
147 206
52 158
158 260
158 321
172 388
303 388
16 364
110 368
110 338
275 325
325 382
97 364
22 72
