44.915000
44025
47
433
57994
77 100
67 114
70 90
70 115
71 77
73 151
75 103
75 114
76 119
77 96
65 103
79 87
79 153
79 163
80 159
81 110
81 135
83 99
85 101
88 148
53 150
40 95
42 136
43 120
46 61
48 169
49 148
52 79
53 59
53 128
90 117
53 164
56 61
56 63
56 84
56 94
56 143
58 98
58 107
64 115
132 172
115 155
116 126
118 142
120 152
123 174
124 172
125 169
127 152
129 169
114 176
140 154
140 156
142 151
144 154
148 163
151 168
152 166
162 174
172 177
103 146
90 147
91 104
92 111
93 131
99 100
99 165
101 118
101 157
102 115
1 141
103 180
104 106
105 113
105 128
105 131
105 139
109 154
112 159
29 93
28 55
12 119
11 99
10 156
10 38
10 32
28 66
9 29
28 45
8 145
8 119
29 130
30 42
30 57
31 40
33 78
40 58
27 126
26 30
25 104
24 128
13 114
24 89
24 72
24 60
23 46
14 39
15 36
15 86
15 178
16 37
19 58
33 175
1 22
1 143
2 148
3 159
39 161
4 46
39 158
5 54
5 74
5 100
5 160
6 174
8 15
37 134
33 167
8 97
8 82
35 126
8 42
37 121
21 128
41 163
122 152
56 122
42 122
29 122
122 167
18 21
122 171
46 50
50 174
41 62
1 179
172 179
100 170
75 170
101 173
119 173
18 62
42 44
44 169
68 81
68 115
68 159
7 34
7 81
68 171
37 108
40 108
10 108
51 121
51 77
45 138
123 138
40 138
92 138
47 101
47 104
39 133
119 133
20 75
20 137
34 69
17 69
58 149
126 149
