11.857943
63014
18
4133
72134
118 166
79 162
54 63
50 58
147 158
54 124
138 162
118 141
25 28
54 149
65 162
10 58
58 114
107 108
21 64
30 158
118 145
98 192
55 64
170 192
3 67
87 158
67 133
88 108
20 162
159 175
108 156
35 157
154 181
96 196
42 123
66 67
86 179
19 56
59 132
34 177
13 102
45 75
89 144
73 173
52 136
172 180
67 90
157 185
31 192
46 121
168 169
111 168
33 144
26 200
53 184
33 180
62 100
92 135
141 152
95 152
152 192
152 172
148 162
118 148
80 82
8 109
117 153
51 126
122 182
83 122
106 131
167 169
167 182
109 116
65 164
96 164
57 126
57 165
128 198
36 72
52 179
99 140
113 197
113 189
47 113
11 140
74 113
90 104
77 152
104 117
134 193
134 192
31 153
26 177
74 94
94 143
59 168
14 42
17 189
32 34
8 32
2 4
4 162
140 175
17 116
136 199
146 185
23 91
58 174
174 186
68 184
89 199
122 154
58 194
99 194
77 150
143 161
86 161
178 188
9 142
150 156
47 103
81 151
111 151
78 191
2 78
78 81
78 159
14 66
51 97
49 93
62 125
40 176
187 193
44 48
125 152
72 187
142 160
56 135
103 160
57 68
39 80
57 132
37 106
7 113
37 198
41 115
41 50
105 131
105 115
91 97
44 92
35 93
22 118
22 64
54 190
129 190
112 128
38 112
27 61
18 100
18 121
6 171
6 69
28 195
53 195
171 195
36 82
48 85
23 85
84 110
19 110
39 146
69 101
1 101
70 119
60 158
60 64
75 168
102 140
7 119
15 183
183 192
57 73
61 200
127 129
127 186
24 155
11 163
5 163
13 43
12 43
76 173
76 139
29 40
16 29
71 120
15 71
102 176
130 137
25 137
155 196
46 178
