32.016231
20463
48
1224
32545
99 167
76 80
76 141
76 152
76 289
81 194
85 197
87 111
94 132
97 329
70 182
101 168
102 113
106 113
110 332
111 216
113 301
114 292
114 297
114 347
51 111
34 44
34 158
34 174
39 302
42 309
45 71
46 171
50 189
50 217
117 333
51 118
52 294
55 332
57 305
63 177
64 337
67 337
68 305
69 292
246 305
195 199
202 299
202 310
206 237
206 284
207 262
209 280
223 262
227 294
194 214
251 324
253 316
257 282
260 273
287 324
290 317
298 333
304 332
309 333
168 281
127 232
128 132
131 285
139 206
144 171
151 166
151 204
167 186
167 348
2 132
169 202
170 324
171 291
175 290
182 203
182 329
185 267
194 211
4 50
11 349
11 79
1 168
11 47
26 35
14 154
10 232
30 337
23 290
21 215
19 292
6 114
20 27
34 191
286 337
17 29
115 167
54 167
50 313
75 221
143 333
62 335
13 83
112 138
90 171
250 310
187 229
50 312
39 153
123 224
111 234
61 73
171 296
95 265
95 303
85 303
108 291
114 334
236 292
137 262
22 178
105 111
105 241
21 105
105 112
105 233
161 248
198 325
194 315
41 218
41 251
36 184
66 340
187 303
84 180
303 312
12 76
311 333
6 92
92 202
92 168
201 292
41 184
107 136
77 136
136 219
136 278
163 271
78 155
40 155
160 255
60 200
200 327
200 288
200 252
276 305
173 276
276 294
84 136
261 305
111 261
13 36
76 103
103 120
32 126
32 179
32 148
71 343
196 344
56 344
36 250
176 290
176 332
116 266
116 173
5 210
5 18
162 273
76 162
12 313
137 210
41 335
49 328
225 328
76 259
259 262
18 236
242 311
201 242
108 334
34 321
126 321
38 343
133 281
133 232
189 230
230 288
25 322
25 107
134 295
40 134
100 337
100 182
245 324
245 332
66 249
239 308
164 239
220 308
220 322
225 330
232 330
118 183
159 183
164 183
153 180
175 243
237 243
54 172
150 161
277 331
83 277
277 280
258 277
35 88
88 341
38 328
125 193
125 318
8 109
8 148
17 140
62 140
272 279
154 272
115 116
206 338
182 338
146 267
145 222
26 145
145 318
120 146
135 146
28 229
28 325
149 150
191 274
233 268
268 327
90 155
228 339
339 340
16 98
172 248
209 256
253 256
254 336
48 254
56 254
45 254
138 244
274 286
244 249
123 274
303 315
160 234
183 221
63 165
97 165
122 258
122 270
188 270
188 257
92 231
59 316
59 285
15 73
205 208
65 208
33 208
88 143
163 231
15 265
72 147
37 65
37 121
89 307
320 350
152 192
240 346
74 119
42 307
64 320
7 104
252 346
119 196
124 192
11 269
93 326
212 264
264 300
22 198
82 282
82 195
82 181
31 190
190 247
130 199
14 130
58 197
58 226
43 336
43 156
53 214
53 205
75 238
9 238
142 331
142 342
178 319
20 319
24 129
27 129
271 323
96 323
86 235
86 121
132 275
151 275
113 293
157 263
157 283
29 72
278 314
31 314
213 263
111 213
93 224
3 294
3 151
91 300
91 232
7 296
32 306
306 345
16 103
105 293
269 345
