51.156114
34228
64
4771
36388
121 297
102 149
103 149
104 288
105 394
106 115
106 302
106 354
109 137
109 146
110 203
112 367
113 346
114 122
114 371
120 178
100 240
124 323
126 292
128 288
133 203
137 279
138 285
141 156
142 364
146 382
147 287
148 326
149 181
150 254
152 394
155 242
78 190
59 344
59 398
60 300
62 199
62 214
62 352
64 74
65 202
65 323
70 167
73 212
74 131
74 332
74 370
78 111
156 164
78 272
78 340
80 281
81 170
82 114
84 126
85 291
86 144
86 246
86 335
88 167
90 245
91 239
92 290
93 382
300 325
253 362
255 398
259 275
263 364
267 331
269 305
269 317
273 378
281 326
283 362
285 291
286 291
288 320
290 337
290 374
250 371
300 371
303 339
307 385
311 353
311 397
313 323
324 362
328 350
331 370
331 378
339 356
344 371
355 385
369 371
396 398
206 271
157 198
157 264
159 217
167 373
168 331
170 210
170 261
175 269
178 359
186 217
187 254
189 212
193 367
202 206
203 308
2 126
206 395
208 244
208 301
216 391
222 326
225 394
229 285
231 238
231 358
233 328
241 382
245 249
245 268
247 269
31 367
52 212
26 137
27 75
27 245
27 299
27 368
28 137
29 285
53 217
32 156
33 328
40 331
45 311
47 391
48 133
48 339
20 25
1 323
7 362
8 167
12 385
15 208
17 300
19 61
19 83
25 364
23 391
25 130
25 200
54 254
21 333
32 343
157 197
57 174
166 204
75 169
58 285
269 315
371 393
125 375
22 285
118 134
326 357
304 351
295 314
188 190
154 231
192 277
176 297
125 227
227 380
227 317
37 42
56 62
56 326
56 217
56 261
140 321
127 243
290 306
180 221
55 117
30 289
195 254
262 291
105 298
256 362
71 123
185 316
38 316
316 385
5 302
43 205
361 398
156 184
10 25
10 208
300 372
361 386
221 330
22 357
96 229
96 342
227 314
49 149
49 331
49 342
157 349
349 391
205 372
119 163
163 239
127 163
161 366
49 117
13 248
55 277
132 257
177 246
177 270
177 287
177 183
116 132
132 167
145 177
331 399
180 351
171 258
86 276
268 276
114 182
106 182
132 162
176 375
5 174
154 188
27 191
78 191
262 295
43 304
177 386
353 384
300 384
58 195
76 212
76 254
114 334
156 334
306 315
219 294
219 293
18 310
46 310
243 393
179 391
179 398
3 290
3 231
19 309
309 350
298 322
166 330
136 382
136 311
68 392
232 392
18 392
51 224
51 300
203 388
107 207
12 107
46 388
107 151
293 388
68 107
235 364
186 235
168 379
207 379
208 360
338 400
294 400
282 400
275 400
155 319
97 172
94 223
204 223
213 318
36 172
223 234
121 172
194 319
140 318
39 224
39 346
162 360
153 347
153 196
256 329
201 367
201 257
41 74
41 67
328 387
137 387
108 389
385 389
19 376
6 376
71 192
167 383
383 394
9 129
9 282
135 291
135 206
11 28
11 226
158 211
173 341
88 173
21 139
139 209
89 278
278 332
161 278
171 211
169 258
62 79
79 362
97 99
16 123
16 323
72 367
72 333
165 366
248 329
94 381
347 381
143 227
4 199
4 266
318 322
118 372
24 262
183 220
220 260
98 252
50 87
14 251
63 126
35 67
17 87
35 44
69 274
230 237
230 253
377 390
338 377
100 377
95 145
95 215
101 237
101 296
143 289
305 365
160 365
30 77
77 280
288 363
363 364
345 348
234 345
236 312
273 312
265 284
34 66
34 37
113 327
327 336
184 228
98 165
218 399
228 319
42 99
24 63
274 321
14 218
49 265
