38.157591
39462
49
198
39520
128 190
44 166
135 198
134 285
134 261
130 289
130 263
48 51
130 236
129 157
135 241
51 86
51 146
52 272
124 171
56 195
124 169
121 275
58 246
143 256
28 226
29 187
29 221
29 278
30 157
32 199
144 164
35 116
121 257
141 280
37 274
38 112
141 272
138 144
42 173
42 205
42 236
101 202
75 197
77 137
78 108
101 290
80 153
80 185
80 229
81 137
103 111
101 102
99 197
85 141
87 116
94 208
90 94
91 239
92 139
114 177
121 176
60 216
61 190
62 226
63 157
64 199
116 143
115 278
42 210
68 112
69 134
70 94
71 273
111 180
111 158
109 296
104 238
217 296
242 294
197 247
193 241
3 137
234 296
163 227
165 224
166 240
20 193
166 266
4 112
5 94
193 287
5 101
5 215
8 194
167 205
7 193
222 296
177 258
17 241
177 286
224 233
224 264
154 193
206 226
205 275
148 241
153 241
205 267
274 300
274 293
25 215
24 211
24 132
205 244
215 231
24 125
215 295
12 130
216 235
5 155
237 298
65 199
201 212
27 190
124 175
11 73
156 276
112 188
205 262
144 282
184 274
124 219
29 147
47 232
130 269
269 288
142 269
44 49
166 269
49 241
49 207
93 300
49 55
50 97
137 186
118 262
118 282
53 144
53 119
183 193
13 130
26 134
26 80
26 129
146 213
144 213
67 113
67 104
51 67
1 96
94 230
10 96
95 230
96 111
96 197
230 239
22 43
22 34
119 230
22 92
46 237
46 268
46 296
105 151
98 105
133 279
76 133
105 189
16 105
125 133
122 133
31 42
31 137
126 253
207 253
127 155
156 175
3 204
199 204
127 168
157 203
116 203
5 162
124 162
78 161
72 117
117 299
46 65
39 248
39 109
36 178
292 299
256 292
33 209
11 209
172 250
172 249
167 209
56 172
121 172
209 243
73 97
57 246
57 100
50 133
140 271
228 271
151 271
122 271
79 106
20 106
59 276
59 242
159 296
159 226
249 252
108 252
107 121
107 216
45 298
74 80
74 112
15 186
152 188
178 183
131 152
15 22
93 131
192 219
161 201
9 40
40 259
174 283
174 251
41 170
139 281
200 224
110 214
277 294
10 277
251 281
141 270
24 270
205 225
54 225
147 192
47 184
18 255
18 103
14 29
14 190
71 149
149 283
27 218
89 181
58 181
181 198
234 297
120 123
123 142
136 297
195 254
254 291
23 260
23 212
145 179
54 145
6 177
88 255
88 265
19 182
19 273
84 227
84 279
82 84
2 194
2 150
2 163
21 284
21 115
66 191
43 66
52 220
220 223
160 259
36 83
105 245
13 196
214 245
170 196
200 218
83 160
6 45
