62.133661
4842
87
816
22587
204 332
217 311
217 219
214 229
213 472
209 262
208 220
50 87
51 72
51 319
207 432
51 454
52 440
217 367
200 466
200 228
197 493
197 471
197 461
197 446
195 386
193 361
126 189
191 468
184 478
184 304
233 369
245 496
244 440
37 40
37 469
38 248
240 476
239 406
235 500
40 316
234 278
40 383
233 460
184 302
229 352
229 298
43 386
118 278
122 276
224 414
224 257
223 256
222 468
220 488
220 308
217 421
85 313
148 249
143 429
143 420
142 477
141 143
140 200
82 224
83 256
139 178
138 249
134 161
133 195
150 299
85 344
85 407
132 237
132 225
130 347
130 196
87 204
87 497
130 186
129 307
129 253
128 472
174 275
62 205
126 274
64 226
178 191
66 283
66 321
67 154
67 185
126 428
67 277
174 387
68 318
233 449
173 389
172 205
171 432
170 415
164 361
158 313
157 432
75 469
76 278
155 496
153 394
152 431
309 345
21 413
248 384
97 394
11 178
318 339
315 318
364 495
312 431
9 129
369 459
334 366
306 496
305 360
300 395
299 452
371 493
299 310
293 299
286 476
26 324
7 184
345 473
350 469
13 392
346 432
345 480
15 123
104 373
106 321
15 349
16 57
16 388
388 474
345 397
13 260
107 249
13 17
108 406
361 370
109 178
20 297
21 104
21 284
263 467
29 464
30 389
26 389
267 297
265 299
264 472
264 465
436 468
32 366
408 477
116 494
261 386
455 477
2 266
256 491
253 430
249 364
35 200
248 424
394 426
398 416
269 416
102 321
29 61
276 481
114 476
405 426
29 215
406 443
389 431
276 404
6 388
283 431
178 490
29 69
356 492
53 397
351 499
188 292
146 301
39 440
42 92
132 393
258 323
12 99
416 417
230 434
326 440
403 431
242 437
328 388
14 259
212 498
131 330
23 296
73 233
156 451
87 151
178 216
45 290
45 285
45 163
177 256
122 444
143 375
363 470
406 470
438 470
57 95
95 182
95 353
95 342
236 260
236 248
95 343
166 178
45 485
345 380
31 444
299 336
198 477
198 318
197 198
162 216
45 162
13 28
28 220
100 464
100 167
100 452
1 100
320 442
44 411
44 170
44 109
281 442
15 294
181 463
342 463
294 490
335 388
335 468
113 326
44 69
368 486
263 439
280 378
175 439
124 165
322 439
124 181
124 192
396 439
192 378
63 378
34 190
34 300
34 359
113 403
151 401
86 419
86 129
5 499
5 395
5 341
86 157
86 212
5 205
5 144
86 250
81 380
39 166
117 268
133 268
79 105
79 446
79 458
282 479
224 479
34 357
45 259
81 198
362 389
276 362
351 442
89 357
47 328
218 487
29 272
184 272
47 498
422 486
375 379
379 470
200 329
13 329
15 101
101 205
226 399
399 465
28 485
14 486
358 472
129 358
211 496
211 321
40 333
130 333
149 469
149 432
31 79
434 444
146 378
78 112
112 412
3 348
233 348
58 174
58 229
118 289
338 419
55 338
156 199
199 500
199 372
199 347
24 161
24 183
24 341
121 337
121 134
48 88
18 48
67 255
22 145
22 141
78 255
22 489
251 456
425 450
59 425
231 255
116 456
232 255
262 456
177 242
290 340
340 475
22 301
73 451
343 456
147 393
81 246
98 304
98 292
96 98
332 400
179 400
120 400
77 98
363 400
410 458
93 410
190 314
314 405
147 401
273 320
273 476
127 327
127 178
88 201
201 415
201 412
136 201
314 356
49 203
107 203
243 366
49 80
80 306
325 492
325 366
18 402
402 491
279 445
10 445
476 484
322 418
367 418
288 418
373 418
188 289
142 254
254 297
187 230
187 447
3 271
271 282
271 295
119 180
119 165
194 483
194 209
41 323
41 310
227 386
85 227
89 417
103 416
103 131
8 496
8 91
46 231
10 46
91 391
169 391
409 435
297 435
229 462
386 462
94 174
94 482
90 168
90 210
60 355
60 145
159 291
159 438
42 243
56 423
56 469
99 425
2 381
221 354
221 353
303 376
51 365
163 303
247 494
135 381
247 252
111 433
111 179
217 365
65 385
65 70
417 425
241 317
12 317
36 296
36 238
19 331
19 144
457 467
266 457
206 457
126 202
382 473
374 382
285 287
287 385
25 448
25 495
36 368
174 390
278 390
125 168
125 355
361 390
125 453
4 409
4 305
27 441
423 441
71 137
71 360
218 330
74 84
84 450
258 418
115 160
115 487
270 427
311 427
176 324
176 377
110 482
33 110
54 246
54 202
