43.297667
42367
47
83
67726
104 118
106 118
52 175
53 89
53 94
53 105
53 114
55 82
55 165
52 100
102 140
57 120
57 137
57 150
102 118
58 133
58 172
59 102
110 123
40 48
41 173
42 55
43 65
117 168
45 89
45 107
110 141
101 145
48 157
48 160
49 68
49 85
49 146
50 128
51 99
80 146
75 178
78 134
79 86
96 126
79 96
79 134
79 156
80 97
74 143
80 159
95 176
95 134
83 173
86 154
86 171
95 113
91 169
96 161
61 99
101 121
99 162
98 112
63 122
63 149
64 135
65 163
167 168
67 74
69 130
70 112
72 112
72 128
73 128
74 87
19 84
144 148
16 144
17 49
138 155
18 111
18 180
19 22
19 76
14 134
19 177
20 64
138 139
21 45
22 57
22 101
23 26
8 28
165 173
2 131
3 18
4 28
151 169
5 112
6 134
7 64
38 173
9 36
9 102
147 169
145 170
11 101
12 55
13 168
37 96
127 138
125 178
33 58
132 144
32 109
32 108
129 152
119 128
32 71
118 166
36 52
31 130
30 131
30 61
29 65
28 54
129 153
39 95
27 130
26 165
26 158
26 116
25 129
131 142
24 178
10 47
165 179
74 90
53 90
65 90
77 148
77 138
77 99
77 128
46 131
46 169
15 47
15 119
44 170
44 124
8 35
35 43
3 35
22 56
1 64
96 115
110 115
1 63
1 130
5 60
23 60
25 60
58 115
60 110
45 164
52 164
10 90
88 168
88 144
80 136
136 178
34 95
34 48
81 118
49 92
32 81
92 129
93 174
20 66
66 118
62 103
1 93
103 115
56 62
