13.460499
53920
23
788
70688
101 122
24 198
9 101
94 153
94 136
12 31
79 105
79 133
14 24
75 156
31 200
31 137
85 118
120 156
30 94
118 163
101 141
108 118
42 43
69 95
147 156
146 187
68 151
69 190
146 150
56 79
43 162
146 159
35 149
6 94
31 63
146 185
15 43
5 79
94 106
69 158
114 121
13 16
80 104
24 26
81 87
96 153
11 100
100 180
100 165
24 37
142 143
73 88
31 77
11 52
8 68
129 160
101 113
99 100
89 188
89 117
84 89
10 117
54 118
10 130
70 157
8 124
44 140
92 145
72 192
70 145
48 145
1 192
145 178
66 167
44 173
145 173
41 100
61 111
7 151
7 109
7 31
137 184
38 184
61 116
59 152
152 186
28 61
23 61
50 92
50 85
6 89
58 166
20 58
23 58
71 115
69 128
128 146
58 196
181 191
52 106
58 135
49 124
43 47
47 78
47 56
49 185
19 60
60 83
80 157
5 54
15 49
113 158
122 134
99 152
138 145
17 83
17 116
35 152
39 196
111 171
171 195
148 168
130 134
86 149
78 139
4 139
63 192
104 160
57 131
57 189
4 93
93 183
69 123
188 193
19 193
39 177
81 91
91 109
16 33
33 112
57 177
87 164
25 154
25 59
135 194
20 161
2 51
74 82
82 189
32 142
22 62
62 143
32 77
21 55
21 165
33 138
110 182
37 155
65 155
89 110
40 168
40 123
3 181
3 24
13 191
119 161
96 170
2 119
26 167
170 174
36 176
34 182
144 169
65 125
71 164
88 125
64 102
64 115
107 199
27 38
98 126
18 97
27 197
98 148
18 72
103 175
76 199
76 132
31 132
114 194
29 90
29 84
97 127
127 179
66 67
46 67
53 156
45 172
45 73
41 103
36 174
34 169
53 191
