67.540561
21349
90
5125
22385
130 284
151 247
146 255
145 440
145 320
145 239
143 279
143 272
138 226
135 151
154 179
129 466
128 315
128 277
128 174
125 481
121 459
120 292
117 122
115 127
181 255
191 409
190 281
188 434
187 235
186 372
186 297
185 332
183 284
182 279
115 121
179 393
178 454
173 325
170 451
165 496
163 286
161 376
158 496
75 333
84 143
83 304
80 426
78 295
78 122
78 94
77 186
75 499
75 380
85 166
75 309
75 301
72 434
71 466
69 225
67 448
64 186
60 481
95 488
113 393
111 376
109 491
107 326
106 449
106 445
106 240
106 219
103 348
194 405
91 304
90 428
88 500
88 441
88 351
87 249
86 151
85 330
325 460
370 465
369 496
368 415
366 448
358 424
358 379
352 434
334 405
328 459
374 492
325 433
323 374
317 440
314 456
289 466
287 415
286 468
284 310
281 360
407 488
491 497
481 494
466 474
461 467
455 459
453 454
443 467
430 467
415 432
276 428
406 428
405 494
397 409
391 409
388 488
376 423
375 386
375 378
222 425
243 482
243 413
235 350
235 322
234 374
226 398
226 269
224 442
224 307
244 270
222 296
220 305
220 267
213 460
210 490
205 304
198 434
195 292
255 386
275 500
275 493
275 477
275 341
268 358
265 426
261 427
260 451
258 375
2 281
255 285
252 409
251 489
251 324
248 446
247 360
244 498
244 457
51 85
6 201
27 312
35 115
36 357
37 270
50 437
50 454
5 395
54 352
54 214
27 313
5 237
40 45
10 283
53 214
5 475
26 238
51 231
11 426
40 81
50 278
26 141
48 243
30 283
8 390
8 419
50 68
16 412
32 454
19 466
58 214
24 201
33 261
28 220
9 179
34 283
22 420
207 426
459 478
124 409
93 477
298 459
228 251
186 483
40 55
212 280
354 454
254 467
353 364
297 329
18 448
414 481
8 200
177 236
265 299
144 241
335 434
359 363
26 202
39 255
119 220
148 475
115 171
118 132
103 132
132 224
132 345
132 490
119 256
347 372
217 347
383 473
383 391
367 383
383 458
317 383
335 429
4 21
21 273
331 375
168 338
140 389
274 278
293 480
349 389
31 293
293 349
167 215
1 274
79 215
215 371
389 402
248 293
245 274
371 389
215 344
224 266
19 96
177 436
149 436
422 436
223 436
96 168
96 197
96 229
96 463
286 436
160 218
102 160
160 346
164 426
302 358
145 302
3 88
164 308
3 26
131 164
17 117
40 302
17 224
17 123
27 259
444 451
376 487
282 487
25 404
25 87
25 28
25 495
124 266
93 274
232 421
204 444
20 411
171 203
212 382
399 422
4 399
78 382
206 399
100 172
100 176
100 412
327 399
132 241
26 316
331 337
23 100
196 224
149 196
157 382
150 214
150 224
340 496
233 443
359 414
3 228
144 200
160 429
221 222
40 221
29 348
29 446
15 292
15 75
71 311
311 420
15 57
15 222
41 311
229 479
43 479
110 179
110 491
233 472
374 452
179 452
298 396
396 483
299 329
21 363
8 59
27 59
69 418
91 418
418 439
37 418
23 311
55 421
27 447
275 447
354 470
15 61
50 250
249 250
199 343
206 343
42 481
42 261
12 88
193 499
16 52
52 72
52 159
47 244
47 488
159 230
59 204
36 355
155 355
271 355
355 495
202 208
99 428
99 304
39 208
254 383
261 303
281 303
209 338
12 478
151 381
143 381
384 485
13 251
13 226
128 462
426 462
99 157
337 340
184 192
192 415
40 192
102 365
147 365
61 485
226 416
182 246
336 416
246 300
106 450
397 450
253 469
89 325
89 275
356 377
377 407
44 356
44 465
153 451
153 374
76 114
76 491
342 392
342 459
66 471
314 486
185 471
137 434
431 471
471 473
137 243
417 431
213 486
85 137
263 486
104 486
394 417
201 408
152 257
203 411
253 472
21 353
175 318
281 318
133 322
62 316
18 470
148 236
227 326
227 364
82 227
319 403
319 448
92 292
92 180
92 262
7 456
112 219
362 402
112 385
156 361
134 162
162 225
291 435
14 49
14 357
7 339
142 211
242 362
210 361
211 245
46 70
46 474
288 400
286 288
294 404
294 423
321 369
201 321
73 321
476 484
180 476
105 463
105 108
5 306
101 290
290 392
284 306
126 332
126 410
189 464
31 464
216 438
216 257
20 38
38 387
65 264
264 282
136 333
136 401
97 283
97 235
56 384
56 169
74 142
74 116
139 403
139 373
63 98
63 175
133 280
62 291
152 408
