61.898730
18789
67
229
44088
92 200
82 129
84 170
84 210
84 230
84 246
85 124
85 152
85 238
86 222
88 207
89 122
91 159
92 194
81 143
93 133
94 187
95 134
96 124
97 201
98 155
99 167
103 239
105 128
105 211
106 206
107 204
108 239
64 75
51 114
51 180
53 171
55 81
57 127
57 172
57 196
58 194
60 138
61 96
63 140
63 153
63 221
116 144
1 16
68 243
69 187
70 177
71 242
73 110
73 208
74 222
75 111
75 209
76 78
77 234
78 164
181 202
157 239
158 160
158 197
161 171
161 189
162 231
167 182
167 234
168 169
169 214
169 226
171 176
173 177
156 207
184 234
188 220
193 198
194 248
195 231
199 224
206 211
213 246
220 247
225 232
227 242
228 243
234 249
131 136
117 231
118 123
120 129
122 216
122 230
123 222
125 177
125 212
125 220
126 189
128 203
129 137
131 135
66 167
131 141
133 186
134 233
134 235
138 218
142 204
145 158
147 202
148 189
150 225
151 220
155 175
155 237
12 122
29 245
30 72
15 171
30 119
30 154
31 199
32 128
33 78
13 25
34 242
29 178
36 81
36 153
37 63
37 73
12 75
12 57
38 243
12 51
27 193
25 163
25 158
25 132
24 206
23 242
23 231
22 204
21 193
26 73
11 28
28 62
28 139
20 96
29 97
19 133
16 219
16 87
16 67
29 125
2 197
10 191
7 17
5 177
43 166
44 207
4 225
45 200
45 236
3 191
7 37
45 240
46 142
47 52
47 191
1 239
1 133
48 85
49 202
51 83
7 190
9 250
9 104
9 91
40 144
41 54
41 149
8 212
8 183
8 165
41 241
42 128
42 129
42 225
43 46
43 80
7 174
1 79
125 185
39 215
42 59
2 102
50 102
102 201
102 219
37 229
12 229
39 185
35 100
100 159
100 213
23 100
115 138
85 115
115 144
6 72
6 199
14 59
23 121
121 187
30 109
9 192
109 169
109 207
167 192
84 90
90 193
43 90
41 179
144 179
14 101
109 215
204 205
131 205
199 205
45 56
56 202
56 81
79 101
18 234
18 243
113 189
113 158
168 223
138 223
130 134
8 130
28 217
171 217
52 112
112 146
112 118
112 187
65 191
65 78
222 244
155 244
