27.646136
37449
30
152
89906
45 54
56 60
55 83
55 65
53 72
52 120
52 98
51 72
49 57
48 120
47 58
46 86
46 81
46 68
45 96
57 110
44 82
43 101
39 117
39 45
35 77
1 90
32 79
31 99
31 84
31 50
30 115
30 92
30 40
74 98
101 104
97 114
95 98
94 120
88 101
85 114
82 117
80 108
79 106
79 94
78 100
77 111
75 98
34 55
73 90
72 94
71 76
69 116
69 112
67 108
62 113
62 105
62 103
62 71
61 76
60 118
58 107
16 76
21 77
20 91
23 41
20 33
23 109
19 120
18 97
24 40
25 58
18 90
17 45
15 26
26 38
26 47
14 108
12 72
11 114
9 20
8 82
6 100
29 79
94 119
36 64
36 95
24 36
3 36
28 101
26 28
63 101
42 63
5 55
5 57
22 98
22 55
22 46
23 89
31 89
4 100
4 102
59 77
59 100
10 20
10 62
10 90
31 59
13 59
22 42
10 119
27 86
66 69
66 82
23 37
37 76
2 3
2 69
7 60
7 58
70 87
87 96
30 93
93 108
