66.364457
22794
83
1792
35921
132 330
142 271
142 144
140 221
139 172
138 440
138 366
136 392
134 442
1 161
132 351
142 322
132 192
131 138
129 306
128 185
128 183
127 240
126 291
126 282
124 213
166 201
184 368
182 357
179 387
178 309
176 385
176 357
174 442
173 213
172 394
168 269
121 200
160 187
158 360
158 320
158 256
155 282
153 355
149 165
145 247
143 187
73 132
92 238
88 145
82 296
82 245
78 337
78 156
77 269
76 269
75 355
74 292
93 333
71 385
69 428
69 315
68 441
68 240
67 376
67 306
67 212
66 186
103 307
118 412
113 275
109 128
108 290
108 191
108 114
106 253
105 320
104 234
188 255
101 201
98 278
98 251
98 107
97 429
95 353
95 207
95 188
94 214
289 326
311 317
310 315
309 396
307 343
307 314
304 355
302 449
300 371
290 358
289 383
315 400
288 384
286 425
285 368
275 424
274 309
274 285
267 392
267 322
266 327
359 431
438 446
408 438
407 447
404 431
392 417
391 407
389 407
385 443
363 442
260 429
352 449
348 425
340 384
338 448
333 373
331 425
327 386
318 437
317 336
200 430
214 328
213 350
213 253
210 213
209 449
203 217
202 217
201 297
200 450
200 436
214 384
200 389
199 357
198 333
194 401
194 284
194 279
193 329
192 213
189 358
238 361
258 438
255 371
254 278
253 356
246 397
244 412
242 277
241 327
240 287
133 214
236 429
236 411
228 399
222 333
219 307
217 444
217 402
216 246
215 225
14 246
21 96
21 76
18 431
17 26
49 132
16 368
50 340
51 270
51 273
21 162
51 305
54 371
55 187
10 145
57 140
8 332
8 257
8 79
27 434
36 191
66 159
32 358
31 149
40 126
41 384
30 66
43 238
28 317
1 253
26 380
44 301
25 228
45 205
24 438
45 224
45 375
21 229
59 385
8 62
3 292
7 275
64 149
60 108
63 289
5 158
313 439
283 374
23 305
98 99
223 392
111 171
117 249
125 315
58 412
58 374
58 295
5 58
58 83
11 98
81 160
193 403
11 218
276 292
312 412
89 312
228 308
78 308
122 438
122 132
78 252
252 438
87 90
90 438
48 413
146 175
146 240
146 419
48 132
87 146
48 201
48 390
119 204
119 393
2 119
119 414
37 432
158 377
37 228
37 368
37 123
37 89
35 307
35 175
377 402
8 35
108 377
214 232
81 372
128 426
116 426
357 426
426 432
415 426
29 262
35 427
259 379
46 135
46 234
46 268
355 379
112 341
115 232
218 377
22 91
22 390
237 387
237 446
334 358
132 208
45 208
99 137
196 198
196 407
42 355
42 233
170 233
50 170
36 365
190 365
137 223
112 115
47 227
47 200
167 200
167 253
23 379
164 204
164 333
263 384
95 263
80 392
80 172
28 423
4 422
351 422
269 420
51 420
125 249
126 154
154 213
85 129
85 147
85 428
85 332
345 423
142 416
21 416
33 385
33 317
161 220
220 248
220 225
102 442
135 409
138 369
315 409
327 369
82 102
409 431
64 349
349 384
339 341
70 83
70 111
116 298
277 298
151 298
19 140
19 194
19 393
334 372
65 348
65 117
169 240
169 275
279 395
38 395
369 427
239 289
138 239
382 429
67 382
197 316
149 197
110 227
230 411
230 321
110 292
34 110
13 425
13 265
26 370
149 370
102 171
195 403
195 276
61 434
228 231
433 450
66 211
257 388
259 323
61 84
342 433
293 323
9 157
9 73
163 217
211 309
163 449
120 388
145 231
148 152
148 203
20 335
280 335
181 253
181 381
361 378
228 378
130 254
130 243
141 265
141 410
15 29
12 52
12 437
299 425
299 347
406 448
177 406
6 82
6 313
72 206
18 206
86 367
219 367
238 272
246 272
53 261
281 329
281 364
280 281
44 226
27 226
398 421
20 261
39 435
39 301
344 398
39 180
338 398
226 250
261 318
294 445
151 294
319 354
215 319
150 435
150 384
347 362
362 418
56 405
56 228
100 264
210 264
235 303
262 303
346 445
325 346
15 339
194 324
324 344
