12.150478
76519
21
13384
77525
64 126
80 122
73 119
17 55
17 131
73 76
17 157
71 145
71 97
67 155
67 147
67 108
66 71
1 160
60 139
26 160
60 78
28 98
30 45
32 43
32 62
32 123
32 128
45 85
40 67
115 160
4 45
104 160
95 152
95 130
95 113
9 33
9 60
73 88
11 75
74 85
39 77
35 135
83 118
132 140
32 94
101 150
73 106
3 71
68 160
21 130
51 121
13 52
67 90
96 127
19 124
62 107
107 111
6 107
24 37
31 92
56 71
23 56
18 56
109 154
44 103
3 103
58 138
44 154
10 58
63 91
70 91
91 118
90 109
8 142
40 142
29 142
16 72
20 84
49 126
49 100
12 49
49 150
22 105
43 137
35 72
25 63
25 125
25 55
18 25
22 25
29 65
5 65
106 107
10 72
72 140
15 151
16 105
145 153
149 153
28 153
127 156
38 159
38 98
48 54
144 159
73 144
31 48
23 46
46 92
54 156
21 61
47 57
57 125
60 148
95 148
52 61
2 80
2 11
2 74
94 151
84 114
86 114
56 68
34 136
116 136
33 136
2 13
24 102
102 143
15 136
89 93
81 132
27 81
141 146
45 141
82 96
64 82
42 99
42 88
39 50
47 50
83 114
99 129
19 129
59 134
115 134
87 120
1 120
7 133
7 122
93 101
20 51
41 158
36 110
59 79
14 79
53 69
53 121
6 112
112 117
16 110
37 72
124 158
