31.130164
34269
44
1200
38520
77 92
146 199
68 129
29 199
71 118
72 138
142 297
76 187
76 245
25 287
25 265
25 242
32 131
78 182
24 193
142 216
142 158
83 134
21 288
20 241
83 262
84 162
207 288
36 63
178 258
178 252
39 219
178 228
39 61
38 182
43 193
43 199
47 64
49 178
137 149
53 294
182 195
168 241
166 274
162 285
162 169
157 166
64 224
33 294
64 292
6 15
11 141
239 286
85 102
121 181
253 266
8 253
7 251
102 269
7 152
118 136
241 281
5 193
4 238
105 141
4 209
4 147
4 130
107 166
3 149
107 227
109 288
223 286
129 214
129 171
124 193
209 232
123 142
121 234
91 291
218 253
121 220
92 141
92 226
13 182
92 270
94 149
40 300
50 253
56 68
117 142
99 125
95 156
100 255
205 282
118 248
22 122
153 165
190 212
81 211
177 183
276 283
230 236
83 235
52 243
27 218
27 185
27 73
27 113
103 175
74 273
111 155
168 257
1 154
35 39
35 44
35 159
7 145
188 249
27 255
27 205
192 196
48 271
48 142
179 284
57 118
57 150
98 189
193 244
67 217
212 217
86 217
62 217
108 145
35 95
39 148
148 279
89 125
89 131
89 294
62 70
110 247
70 141
2 70
44 70
110 177
110 200
50 70
183 283
190 243
23 286
73 167
55 231
55 240
7 263
263 294
46 144
144 276
4 222
149 222
72 267
267 279
252 264
264 294
141 264
191 244
117 167
140 254
92 140
90 106
13 201
139 201
91 201
201 226
90 282
25 90
30 90
37 93
37 216
37 163
37 101
108 202
115 208
208 260
178 194
76 194
58 139
7 184
74 184
141 198
3 198
120 284
200 293
232 293
47 173
173 193
52 290
231 290
150 173
17 240
17 28
56 58
66 129
42 253
42 118
192 210
89 120
97 253
97 221
23 70
98 210
75 247
75 189
172 280
172 196
22 110
235 236
197 298
160 280
40 160
180 221
83 180
119 213
225 295
138 295
176 295
119 170
233 272
76 272
60 291
60 126
45 230
133 254
45 260
133 143
175 186
204 286
204 215
1 268
80 268
10 66
268 300
10 259
54 127
54 249
110 153
233 299
15 299
82 121
82 128
186 257
4 19
19 69
88 116
88 275
96 128
31 96
6 88
9 96
195 296
103 296
206 250
164 166
25 164
34 165
34 277
87 102
87 300
132 202
26 242
26 213
197 256
211 259
119 256
96 248
51 162
51 102
16 246
237 288
104 151
65 289
59 114
36 114
86 114
16 122
12 294
12 112
79 81
79 111
63 203
41 203
9 174
135 174
18 161
123 161
278 298
14 278
229 258
229 261
132 250
88 188
237 273
104 155
65 154
