5.401779
46014
11
13178
117278
16 27
7 97
48 53
7 21
22 93
53 63
4 16
53 94
58 77
13 68
41 88
72 84
5 44
17 62
15 23
25 57
89 18
16 69
16 85
5 62
87 89
70 82
20 96
7 96
75 87
49 95
49 66
49 64
23 75
47 80
7 47
7 78
6 78
35 66
2 35
35 44
10 80
24 45
10 79
10 50
10 17
45 51
20 26
35 60
18 29
14 18
1 45
12 45
10 15
12 18
29 40
40 92
38 55
38 81
38 84
38 90
8 13
8 92
8 54
8 28
38 60
26 41
14 99
57 85
55 61
48 61
52 83
36 53
30 71
71 79
19 74
32 36
70 99
1 19
43 45
69 82
25 33
33 34
16 73
37 46
46 64
43 52
56 91
3 100
22 91
11 86
3 95
24 42
11 30
42 93
58 98
65 98
31 39
9 67
39 53
34 98
59 77
59 76
67 72
