61.051977
24480
71
2442
33178
180 336
57 194
224 345
58 304
59 187
61 111
62 254
117 199
223 246
220 349
220 309
220 286
219 335
57 179
65 328
219 298
218 329
217 334
217 308
67 70
67 269
68 328
117 151
70 146
116 338
233 341
42 322
42 348
44 84
122 131
121 265
46 120
47 56
47 306
121 209
47 336
121 205
70 191
180 293
120 182
180 302
230 337
225 320
118 338
53 341
118 256
225 319
117 256
55 120
208 276
89 159
89 257
105 130
89 344
211 276
90 110
90 310
104 240
92 342
94 219
95 345
96 342
212 284
189 194
192 254
200 292
98 300
99 187
99 327
198 238
193 328
196 285
195 343
194 298
80 263
72 107
115 343
74 196
75 244
76 240
183 329
217 289
113 196
78 219
111 184
187 299
43 69
81 177
215 232
108 178
108 111
84 171
84 243
85 88
85 204
85 253
107 321
214 281
266 328
166 244
9 147
276 331
274 300
138 139
11 16
11 153
11 251
11 279
273 313
271 288
269 290
280 312
134 240
13 76
169 337
14 248
14 258
132 288
131 305
131 178
42 227
130 275
130 165
147 154
156 341
157 273
157 288
161 329
152 162
149 342
149 246
4 14
291 328
162 200
147 346
171 334
145 244
144 264
144 197
144 188
7 20
7 70
7 73
162 249
7 202
281 310
281 298
37 180
128 149
127 136
126 313
175 263
251 263
246 265
245 269
125 312
242 338
36 90
37 145
33 313
124 311
238 318
176 254
39 342
40 101
40 135
238 304
40 174
177 247
42 86
255 316
22 329
263 296
24 139
262 343
261 337
22 147
26 70
27 177
21 281
28 107
29 135
128 267
30 121
19 246
128 270
128 190
31 312
71 303
5 287
119 210
130 228
251 277
42 64
216 225
131 236
244 259
120 278
139 278
330 338
109 330
278 313
89 330
82 222
229 330
38 278
137 298
137 221
34 317
149 163
163 343
231 259
6 298
234 332
6 268
17 332
6 251
83 332
6 49
6 109
168 332
136 339
52 339
62 339
237 315
237 272
83 141
10 330
64 277
236 340
32 185
15 147
32 287
32 124
15 93
15 288
72 203
1 203
77 196
77 234
141 231
278 340
196 295
295 312
54 60
54 280
13 54
150 343
150 269
201 237
201 339
18 121
18 139
312 314
86 314
258 314
48 314
14 325
111 325
79 143
140 144
14 140
79 168
254 307
139 307
186 298
186 341
50 205
50 68
3 127
3 323
173 317
173 253
69 173
91 173
114 180
129 191
66 85
66 345
34 158
225 250
81 250
10 203
40 148
143 148
170 213
2 133
212 326
213 241
45 133
41 285
35 41
167 337
167 217
9 25
23 25
12 43
12 164
158 237
228 332
5 54
103 107
103 187
207 252
206 260
155 300
131 155
112 347
29 252
49 260
292 347
160 327
160 316
235 282
282 300
193 283
239 283
181 238
181 276
111 123
123 162
117 172
172 177
2 333
119 333
294 333
100 350
45 350
63 82
63 226
35 301
142 301
102 220
90 102
87 297
58 87
87 93
324 345
241 324
51 84
51 130
129 303
97 311
97 215
8 235
8 106
216 222
160 210
114 326
