49.445898
20724
58
1327
45483
90 180
74 228
78 240
79 117
79 177
80 170
82 196
83 228
84 121
86 173
90 120
90 138
90 146
73 248
91 177
92 246
97 108
98 208
103 154
107 207
108 136
108 137
108 207
110 197
110 220
66 170
50 81
50 205
52 215
54 196
55 238
56 178
58 239
60 121
61 228
64 219
65 99
65 100
113 115
66 171
67 240
68 79
69 163
71 79
71 127
71 213
72 96
73 131
73 139
73 160
178 243
165 245
166 221
166 236
167 175
170 237
172 246
173 191
174 190
174 229
175 234
176 232
178 183
161 198
179 242
182 245
184 198
186 239
188 190
194 207
210 242
219 249
223 246
231 232
235 242
125 168
113 208
114 154
115 241
115 250
119 175
121 135
121 139
122 198
123 166
125 155
125 163
79 85
125 244
133 240
141 174
144 185
146 177
148 153
148 193
152 194
152 211
152 218
154 187
31 45
6 87
22 37
21 215
7 19
7 110
39 169
30 47
38 216
38 171
20 38
19 226
30 156
30 246
6 116
19 145
10 148
19 129
18 219
13 244
37 51
15 123
17 48
15 239
16 154
35 177
34 69
33 173
30 32
50 72
49 54
2 65
25 54
48 139
24 225
48 134
46 71
29 215
3 12
23 230
24 204
24 104
24 42
3 200
45 77
41 112
3 214
44 69
45 126
43 208
23 247
6 28
41 245
1 181
14 21
139 233
48 217
105 202
167 192
93 124
40 239
40 62
40 61
38 40
87 151
106 151
151 207
57 178
162 195
101 208
101 127
11 59
59 185
59 112
3 128
38 128
39 94
94 130
42 94
94 224
147 175
37 147
75 79
75 143
31 147
75 228
222 223
222 232
222 239
50 88
88 242
88 115
57 189
93 101
53 70
53 188
40 233
23 89
89 177
23 227
207 227
102 124
6 201
201 240
14 59
102 202
162 189
69 109
109 166
109 215
109 195
192 217
4 118
118 238
111 243
76 111
222 88
203 246
110 203
159 173
159 232
13 199
169 199
19 95
2 209
23 209
209 249
105 142
142 149
132 173
26 132
9 212
26 212
71 158
158 174
36 219
36 154
5 114
5 63
62 157
82 157
90 206
148 206
8 164
144 164
140 170
140 198
27 150
27 55
1 118
