61.035076
5633
70
291
41379
79 244
70 288
71 254
72 74
72 109
72 262
73 151
73 214
75 229
76 103
233 299
78 118
79 209
70 101
79 289
80 158
82 160
82 208
83 168
84 113
85 264
231 295
86 92
229 238
1 258
90 222
58 69
240 264
50 163
51 68
53 273
54 138
54 187
55 140
55 178
55 207
56 133
57 246
57 272
228 285
60 264
61 273
62 196
177 285
64 89
64 239
65 165
66 68
66 254
69 114
69 127
216 223
188 235
113 196
115 230
116 128
116 162
188 294
117 134
117 269
118 146
124 163
125 202
130 196
111 203
133 250
133 267
133 287
215 271
137 295
139 299
143 299
192 276
147 168
148 216
192 229
99 268
158 241
157 216
227 253
92 260
92 261
94 106
94 116
95 271
224 280
221 243
98 160
99 226
174 270
102 188
103 105
103 123
104 160
106 213
106 265
107 122
107 142
108 224
110 176
111 167
20 64
7 243
14 18
15 117
15 165
6 224
257 285
28 47
28 164
21 87
28 277
26 166
6 73
30 132
30 199
30 208
163 201
31 170
31 204
31 283
19 198
22 299
163 239
12 242
23 119
11 230
10 158
23 189
23 206
9 230
24 115
6 18
274 295
270 293
270 286
21 232
21 120
264 276
26 29
26 59
26 121
44 135
32 41
271 290
38 50
38 107
16 161
39 202
3 258
40 64
40 73
42 54
16 266
37 110
44 156
44 225
165 171
45 68
46 70
46 112
165 182
16 188
168 169
16 179
33 273
5 186
32 67
32 84
19 181
19 43
4 79
34 252
18 211
18 144
35 224
17 99
5 52
249 254
138 237
27 158
153 243
254 256
129 131
68 180
5 97
111 159
159 248
87 159
64 159
159 216
159 245
107 145
117 145
145 168
127 145
141 193
6 193
70 197
191 295
111 191
93 152
152 196
152 270
68 152
111 152
64 81
81 110
81 194
81 289
110 184
133 184
49 100
49 194
79 155
92 155
8 36
68 298
5 172
72 96
126 298
26 172
36 205
36 252
24 298
36 253
96 202
143 298
158 172
96 188
131 256
93 150
255 258
197 278
31 292
106 292
77 129
55 259
218 279
34 279
54 263
230 263
99 220
97 180
32 282
271 282
19 195
57 195
27 255
150 278
23 149
149 299
234 285
234 270
2 16
2 160
2 44
173 217
217 219
12 247
112 247
185 210
183 185
68 185
2 245
96 153
91 227
91 212
91 237
168 175
175 229
63 281
48 200
242 281
141 200
273 297
30 297
118 297
88 283
88 118
85 291
13 291
264 300
116 251
103 251
215 236
250 275
28 300
90 275
154 190
154 222
275 296
219 284
16 284
57 284
136 145
25 77
25 259
136 220
