11.180426
14679
21
4998
58600
61 84
11 73
16 115
16 137
25 69
49 108
54 155
55 133
60 78
60 83
60 86
6 154
60 111
60 117
6 105
71 155
72 108
73 77
73 117
80 176
84 129
94 122
108 162
115 136
116 152
126 155
155 175
1 94
2 115
172 174
103 110
28 93
62 147
46 84
41 84
106 130
115 165
18 91
79 170
22 44
44 95
58 94
6 113
60 168
52 135
50 140
70 163
74 115
14 149
9 128
17 63
17 73
17 104
8 44
99 156
114 134
28 134
24 99
160 179
157 179
70 134
104 164
5 94
100 121
94 121
107 127
121 160
66 155
98 137
98 166
7 97
149 150
20 165
8 180
132 179
64 101
150 168
127 132
62 180
111 153
102 153
41 44
103 127
14 121
31 81
40 60
40 50
20 44
31 95
40 81
25 131
35 131
68 171
100 171
171 178
152 171
163 167
34 180
39 55
35 120
120 138
51 96
46 146
13 15
15 68
15 69
34 52
6 142
38 142
10 159
10 84
43 164
18 65
130 146
43 66
5 93
125 143
75 83
47 157
29 47
42 75
26 175
26 88
36 113
36 37
89 106
89 173
23 87
87 128
125 172
124 173
124 143
76 110
38 76
24 161
109 161
45 174
45 53
58 65
99 112
148 159
27 148
4 116
4 59
30 119
30 138
64 127
67 171
51 167
39 67
57 170
12 21
6 21
51 112
3 19
7 19
85 108
94 177
145 177
123 158
158 176
32 56
56 145
12 139
48 139
9 180
57 140
79 141
82 141
90 92
90 96
74 118
80 144
144 169
33 118
151 180
33 97
101 144
85 151
