61.043081
9634
72
157
33179
1 386
123 132
121 382
120 180
115 296
114 129
112 371
112 365
112 338
109 256
123 310
107 141
105 398
101 123
100 386
97 127
95 204
93 368
93 181
134 356
143 324
141 374
141 241
140 249
138 356
136 384
136 344
135 212
91 312
133 210
129 165
127 367
127 233
126 311
126 243
126 207
125 234
70 149
73 348
73 270
73 137
71 328
70 321
70 288
70 205
70 179
74 180
67 331
66 383
64 372
62 372
59 323
59 277
59 111
58 256
80 101
88 393
88 364
88 226
87 123
86 227
85 272
84 331
82 372
147 159
78 387
77 306
77 248
77 122
77 108
76 324
74 350
74 259
265 394
293 356
292 299
287 320
287 309
281 375
278 340
272 286
271 373
270 279
294 360
265 328
265 302
265 282
264 363
264 283
253 340
249 361
249 313
343 360
382 395
381 384
379 383
375 383
354 390
353 354
351 387
344 387
248 356
340 397
330 343
327 331
326 333
316 354
312 360
304 374
297 362
174 227
192 333
188 231
184 231
182 232
180 298
177 398
176 367
175 227
197 228
171 216
171 199
169 328
164 232
160 386
155 333
147 341
147 176
221 234
247 400
242 247
240 370
237 312
235 287
223 389
223 332
223 285
109 236
214 324
212 318
208 212
203 227
201 256
198 337
197 346
197 239
7 287
5 329
5 335
16 166
43 398
54 93
53 222
53 154
6 247
47 149
53 113
5 300
14 231
46 268
10 47
46 220
28 271
12 146
12 289
26 101
45 360
3 391
57 147
57 129
25 54
39 272
38 46
18 234
37 303
48 312
3 172
3 183
36 384
4 180
49 101
5 162
18 73
17 328
47 295
5 257
17 116
53 142
81 345
144 278
20 385
102 248
56 328
31 150
96 342
42 113
90 275
256 366
3 44
8 382
318 352
156 265
359 387
287 380
189 389
24 189
189 325
63 189
189 209
15 118
299 305
103 354
170 376
376 393
13 274
274 357
256 274
2 52
232 308
126 358
358 384
312 358
129 308
308 372
308 313
170 358
43 308
119 193
40 92
70 92
92 370
92 219
238 320
198 238
206 396
150 206
238 307
30 206
52 157
128 360
106 337
106 276
106 174
130 339
130 173
96 130
104 281
104 267
104 254
104 158
94 130
127 128
30 104
128 231
128 264
98 106
128 251
35 130
191 194
59 72
72 247
60 267
60 392
352 399
345 376
171 336
336 398
218 325
171 218
263 359
70 258
258 360
47 301
46 301
194 399
229 263
21 232
5 21
131 272
131 234
157 376
42 44
219 290
12 290
275 366
106 142
80 317
317 327
191 229
12 167
167 331
47 334
334 386
27 81
27 297
212 244
168 244
2 106
185 383
123 185
260 386
242 260
168 388
13 388
340 349
234 349
266 380
151 312
250 329
94 250
119 144
151 193
213 279
102 319
376 385
255 262
74 255
74 195
73 195
95 314
50 314
16 314
266 319
115 152
33 89
37 152
33 133
33 175
152 269
148 190
3 148
23 271
23 180
254 261
117 261
65 291
271 291
79 101
79 93
75 112
53 75
9 20
9 187
235 284
211 284
65 178
178 245
224 369
224 357
322 377
166 322
69 227
69 141
15 56
15 31
41 156
305 342
355 378
8 15
41 217
103 110
68 205
51 324
55 333
68 230
29 34
5 55
51 147
89 347
145 197
29 210
139 347
110 308
161 252
252 296
240 252
124 390
32 124
163 315
315 382
61 202
61 304
273 396
196 273
160 186
186 280
32 83
83 215
22 63
22 153
19 246
204 246
11 200
11 378
99 225
99 303
274 314
189 355
145 217
