25.259029
7239
34
65686
66372
25 182
71 104
74 172
75 183
29 139
29 113
81 84
28 136
27 120
26 189
91 149
70 186
25 141
25 121
24 174
24 165
93 167
93 190
93 196
96 184
99 119
37 108
45 104
48 62
51 64
39 186
39 135
39 56
38 184
37 195
54 136
24 89
57 104
57 179
58 112
62 73
62 103
1 166
62 200
64 154
67 183
140 190
15 49
120 122
14 111
8 191
157 179
14 34
123 172
127 149
14 130
162 183
12 130
9 18
11 14
10 172
164 175
164 172
150 177
149 178
116 130
18 92
112 146
106 120
105 150
104 143
15 150
183 188
104 125
2 112
4 179
7 18
3 64
30 120
115 173
147 184
29 109
25 187
193 198
170 181
66 138
78 88
181 187
53 82
13 80
35 101
55 101
101 104
101 110
98 101
33 141
33 107
33 98
100 153
62 118
95 118
62 126
14 126
44 83
44 183
59 160
130 160
35 102
63 75
59 63
63 115
102 140
40 102
102 166
23 63
158 199
79 83
79 90
69 79
79 189
65 79
123 152
69 152
152 184
81 152
60 136
19 60
78 109
148 184
19 148
134 156
24 156
117 179
117 149
29 52
37 52
52 120
30 152
76 130
76 104
13 151
40 163
33 151
37 77
77 86
8 47
5 53
47 171
46 85
82 142
16 132
16 191
49 72
16 193
55 72
31 72
70 142
94 142
5 124
183 197
39 197
80 137
133 137
137 192
6 50
6 133
85 173
33 176
37 131
129 131
153 176
124 138
99 155
128 155
43 112
17 64
41 114
23 114
17 136
42 159
26 159
45 68
68 119
68 180
52 198
1 194
22 194
87 144
84 87
66 97
97 169
21 36
36 158
20 32
32 171
150 168
18 168
145 185
65 185
61 161
134 161
33 199
147 161
43 163
