117.736790
20500
130
7
32820
175 387
402 430
210 242
120 194
260 426
113 304
104 241
230 319
308 343
174 293
108 287
306 348
306 441
189 424
204 420
75 171
315 424
25 411
181 229
322 329
20 309
19 329
19 229
167 257
75 259
25 424
309 419
309 339
308 411
27 420
302 420
220 276
297 329
221 231
221 237
253 257
257 404
276 291
276 372
138 410
118 221
117 229
112 408
112 378
3 359
112 149
383 420
129 150
5 418
136 411
9 150
138 214
138 288
141 329
150 224
75 360
75 386
162 257
160 229
89 276
150 435
352 411
8 403
6 403
46 161
161 327
161 388
58 243
52 290
85 140
210 328
243 319
172 219
140 240
120 219
140 397
144 243
29 328
23 91
328 385
7 219
23 409
23 217
4 52
3 52
191 354
354 372
351 354
76 344
124 344
260 344
61 193
61 234
358 415
53 316
48 83
153 223
153 241
311 321
153 379
147 345
175 311
322 334
2 84
2 92
17 334
255 334
287 345
2 386
377 415
83 184
345 362
174 415
228 311
83 304
154 268
361 425
165 423
163 274
350 434
158 289
156 215
346 392
336 422
340 439
151 173
152 179
342 439
132 433
427 443
399 412
119 164
119 284
392 401
123 396
125 443
126 211
127 248
376 422
131 205
373 434
132 363
132 431
148 355
133 227
134 173
135 195
135 207
371 398
364 395
361 429
139 391
323 353
361 413
142 216
357 434
145 159
244 248
206 395
209 442
307 405
1 185
211 212
216 282
301 428
294 447
227 278
227 445
292 449
236 423
239 251
289 384
205 265
246 422
248 305
249 294
250 396
251 421
251 444
252 268
281 296
280 394
266 289
267 370
269 392
273 294
274 285
318 369
326 407
166 318
324 423
168 371
169 371
170 177
279 449
173 262
320 325
177 258
178 396
179 277
179 382
180 407
332 366
182 355
183 307
188 393
188 414
313 399
190 399
192 428
196 300
196 389
197 267
199 395
200 366
205 232
35 79
69 307
70 159
72 187
72 226
72 238
74 81
80 156
81 235
81 261
35 56
82 177
68 188
35 208
43 390
21 442
16 50
36 374
15 375
36 380
15 143
15 77
14 55
57 443
49 428
31 156
50 67
30 314
33 78
30 283
51 320
54 119
55 116
30 121
18 50
28 438
28 272
28 73
33 128
24 296
63 407
33 416
45 55
65 216
66 135
105 296
10 122
98 280
99 274
100 254
100 312
100 368
102 353
103 196
38 366
88 391
1 365
106 268
107 280
110 355
111 449
39 353
114 391
1 109
40 439
10 201
90 159
93 211
94 442
13 318
36 417
43 71
42 43
96 320
37 267
10 270
112 138
5 411
176 402
176 397
27 176
264 309
221 331
130 137
108 137
20 137
137 194
61 424
101 112
359 366
196 359
359 395
5 216
5 251
343 436
381 436
146 316
311 446
295 298
298 418
155 298
62 224
62 242
32 387
62 271
32 310
32 349
41 52
23 59
44 217
345 448
334 450
198 230
113 400
64 400
104 198
253 400
198 356
119 264
264 442
146 407
146 449
159 446
355 446
22 307
22 392
61 316
331 371
331 428
36 41
320 448
256 333
34 274
317 333
34 205
33 448
41 318
100 450
59 248
59 132
55 450
186 263
263 293
263 426
286 309
5 286
81 316
101 188
28 101
50 115
233 268
280 432
213 296
30 256
177 256
10 213
233 443
135 317
256 399
245 361
213 391
1 317
423 432
115 396
115 294
245 353
43 432
35 317
245 422
233 267
41 286
22 137
11 424
46 222
155 222
12 276
335 403
330 349
130 330
341 359
26 59
306 406
44 221
47 420
47 150
229 437
329 406
75 87
97 138
97 257
225 448
219 275
264 440
26 115
95 333
12 161
140 367
34 299
331 341
146 338
203 328
202 450
335 344
367 415
153 335
227 275
2 203
243 437
87 333
11 434
337 354
101 202
179 367
12 72
432 440
34 263
83 347
15 437
213 338
60 233
97 173
406 439
87 156
211 337
247 286
289 347
157 245
306 330
86 225
218 247
299 303
60 95
157 335
