16.336747
40570
24
17818
60739
100 135
29 30
27 113
27 75
27 45
88 112
89 112
89 138
21 100
30 87
100 172
104 158
107 127
58 95
59 158
15 106
14 141
51 141
66 109
66 175
68 95
41 101
40 90
47 156
66 76
50 70
61 78
80 138
34 93
80 165
80 174
32 89
80 180
30 90
120 127
8 119
146 151
158 171
8 73
8 162
127 136
157 158
63 89
11 34
5 141
121 175
13 70
100 114
27 82
42 178
12 66
89 123
23 125
37 159
20 34
103 173
30 115
70 115
28 155
27 111
70 111
110 145
26 40
95 149
80 161
64 135
81 86
49 108
8 108
80 108
108 154
108 134
71 127
102 177
35 131
114 131
22 55
22 57
22 84
4 131
70 148
66 148
130 151
130 167
122 130
92 130
47 130
4 22
60 161
60 64
153 180
121 153
57 140
22 23
10 129
69 140
65 123
53 67
53 84
80 160
158 160
86 131
28 56
26 56
125 149
117 179
106 179
159 179
117 168
95 168
20 37
44 163
155 163
62 101
59 62
48 62
39 89
39 124
99 152
36 152
38 99
38 147
38 167
1 6
38 82
116 170
38 91
17 19
118 170
133 170
19 49
19 129
88 169
78 169
169 173
31 94
142 145
16 142
48 126
9 126
33 164
61 164
42 164
85 144
83 107
83 158
43 141
98 154
33 77
3 74
74 150
52 150
72 97
2 25
2 124
85 178
54 77
3 54
71 110
7 116
7 46
35 176
118 176
132 143
79 128
79 162
65 177
67 137
105 137
24 102
24 96
18 139
18 94
1 81
19 166
97 103
43 130
10 31
132 166
