17.468106
17936
32
3869
42094
107 221
175 211
13 221
169 229
15 175
16 221
58 111
57 58
53 242
52 81
20 207
47 175
23 26
102 222
69 154
25 192
112 223
112 235
116 247
118 197
123 246
137 168
137 164
38 137
126 222
33 248
33 227
33 135
220 223
5 89
6 81
58 145
67 69
212 216
8 30
75 223
215 223
69 89
81 249
2 152
197 213
58 193
192 219
69 96
192 217
183 192
32 93
175 206
146 221
58 113
137 157
114 192
103 120
51 129
203 223
81 106
28 139
34 214
9 205
14 109
59 235
59 212
27 35
95 222
31 117
84 174
143 197
216 234
100 234
65 234
1 142
136 187
130 201
65 124
124 134
124 152
130 172
210 250
66 239
151 155
7 151
78 194
46 194
60 194
194 246
125 128
78 125
76 151
110 160
36 160
128 160
159 160
30 144
144 178
48 70
42 151
7 22
140 226
24 140
1 140
108 224
3 189
94 101
94 176
33 94
137 199
140 163
22 90
42 144
90 140
125 161
50 144
72 233
138 237
139 237
26 237
50 177
199 218
3 105
114 160
76 233
157 177
23 198
198 211
179 198
33 87
45 115
45 101
55 69
55 74
113 233
99 184
69 209
62 238
92 188
141 238
159 238
209 243
34 188
54 188
19 188
32 198
105 233
132 238
163 198
99 190
206 228
79 249
244 250
120 140
54 200
64 200
87 218
33 162
147 170
162 219
53 162
39 162
38 170
84 170
97 178
97 148
22 88
106 234
28 186
239 244
88 224
11 74
11 145
174 214
14 186
79 230
5 73
56 73
123 225
121 232
46 232
208 232
180 197
37 132
19 165
191 241
127 165
82 196
68 82
166 229
62 166
166 195
48 143
171 208
150 171
151 190
116 158
158 243
194 203
37 146
122 148
122 181
86 122
180 230
27 85
51 85
115 131
43 131
61 167
167 210
21 149
149 247
2 91
91 104
24 29
29 236
71 103
17 71
20 41
66 202
202 242
41 64
129 225
35 130
31 130
119 222
119 133
184 191
10 156
181 204
173 207
4 182
18 173
98 204
49 182
136 142
95 144
205 238
12 40
40 215
9 231
44 231
63 240
8 240
153 187
80 153
83 245
83 117
68 185
92 185
77 222
4 77
10 70
