22.567896
9803
31
1641
41528
118 235
159 237
28 51
160 233
61 182
62 186
119 181
24 192
23 207
23 96
159 190
118 194
167 235
116 230
66 159
21 127
19 206
116 227
115 118
178 240
127 220
46 159
136 168
134 175
130 186
138 192
37 236
37 198
129 181
128 181
1 18
141 249
143 240
51 146
51 197
127 176
123 206
55 116
123 136
122 175
181 232
83 230
100 206
71 131
10 233
109 113
6 210
6 173
80 186
6 144
6 42
5 71
75 244
113 118
72 136
3 175
71 245
222 247
182 213
2 192
182 196
241 244
225 233
87 113
113 239
98 248
112 182
32 206
23 228
40 43
12 204
111 240
92 201
49 71
27 165
81 137
184 195
149 244
153 244
30 181
176 216
29 90
5 202
70 173
70 219
67 70
161 214
39 48
34 35
192 203
16 226
16 51
16 182
186 250
107 203
154 182
154 206
58 229
204 229
41 71
208 229
41 116
41 68
135 138
70 111
33 132
70 85
17 105
132 201
57 132
9 132
50 80
30 47
29 47
92 153
206 246
113 246
140 237
6 212
175 212
117 238
33 110
110 208
49 205
68 142
94 221
40 135
117 205
132 228
136 163
37 163
224 244
98 221
74 171
124 187
31 74
74 157
165 187
81 238
52 240
52 181
97 107
3 170
170 233
94 218
136 218
170 239
73 137
73 190
90 140
97 105
139 157
86 139
108 248
43 108
89 211
89 199
23 82
82 159
65 226
65 86
199 215
182 215
8 215
76 99
32 187
11 22
37 180
125 180
69 211
69 103
20 191
127 145
25 145
42 120
120 127
59 60
60 125
152 155
56 104
56 76
45 78
31 78
59 185
77 185
18 91
27 195
26 133
133 141
148 150
25 150
77 172
172 209
67 189
26 189
188 209
114 188
14 196
14 164
167 242
38 242
162 231
51 231
12 191
4 126
4 116
15 158
101 243
64 148
64 169
63 183
36 183
36 151
7 106
1 106
161 216
48 74
129 217
44 234
54 193
121 217
104 234
34 156
156 174
13 214
13 222
95 114
95 177
179 223
101 179
88 126
88 166
22 39
93 184
93 200
11 79
53 79
158 191
147 224
50 102
99 147
102 142
84 250
149 155
35 187
84 91
202 243
63 250
15 54
