87.689936
27737
96
202
42545
123 145
129 226
127 261
126 349
125 308
125 147
124 345
124 295
123 340
123 203
131 310
121 180
119 313
117 241
113 137
113 132
113 116
112 346
112 333
112 308
141 181
150 237
146 224
145 274
144 319
143 348
143 288
143 278
143 259
141 225
112 221
140 246
140 207
138 243
138 230
135 194
134 200
133 241
132 200
131 322
81 250
90 324
90 251
90 164
89 209
86 327
86 219
86 120
84 177
82 349
91 312
81 102
81 89
80 266
80 162
80 114
79 236
77 312
77 302
77 261
97 141
109 229
107 187
105 349
104 267
101 140
100 255
100 211
100 205
98 274
151 214
96 185
96 122
96 108
93 325
93 289
1 302
92 233
92 163
92 159
224 328
237 339
236 342
236 331
232 302
231 237
229 244
228 272
226 301
226 252
241 318
224 305
224 257
219 335
219 264
217 330
215 222
214 298
214 273
212 319
274 343
341 348
341 344
337 338
329 341
297 319
287 302
280 292
279 301
277 304
209 320
267 349
267 306
263 331
262 292
261 332
261 265
256 341
254 272
249 320
166 208
177 336
177 216
177 190
176 279
174 200
171 300
168 214
166 276
166 240
178 212
165 313
164 318
162 272
162 218
162 200
161 241
160 320
158 179
153 312
196 201
208 219
206 326
204 274
202 292
201 301
201 299
200 347
198 242
197 201
93 167
195 215
194 348
194 293
194 234
188 219
183 320
179 307
179 290
23 131
29 350
29 115
29 85
28 315
28 227
28 188
26 51
25 42
23 177
31 86
23 124
22 279
21 279
20 238
20 173
19 34
18 336
18 168
40 186
46 128
46 107
45 338
45 253
45 103
44 272
42 242
40 257
40 192
18 67
40 65
38 326
37 326
36 42
35 123
34 303
34 291
32 219
6 182
11 74
11 53
9 193
9 149
9 100
9 99
9 50
7 291
6 223
11 145
6 139
6 130
5 286
5 245
5 130
5 39
3 28
2 42
15 314
18 30
17 300
16 318
16 199
16 148
16 88
15 318
15 317
76 121
15 270
14 131
13 321
13 235
13 155
13 50
12 300
11 258
59 70
50 326
51 152
63 136
63 83
62 76
61 267
60 330
59 275
59 188
59 87
46 210
51 198
58 312
57 285
57 257
57 191
52 226
52 270
56 76
55 313
54 71
48 57
75 125
73 189
47 138
73 184
73 168
73 142
72 80
71 334
71 304
69 215
69 96
68 124
48 96
64 330
63 309
49 307
50 94
41 162
156 281
220 309
20 220
220 284
90 323
100 323
20 111
111 318
213 284
213 271
78 218
78 300
77 110
110 318
41 294
45 118
66 187
118 284
25 66
118 179
118 140
4 66
156 294
27 188
27 348
43 257
43 301
113 154
96 154
10 292
51 175
34 175
141 175
10 267
49 169
10 319
172 229
172 237
81 172
175 284
169 277
169 247
10 94
172 271
95 229
95 145
138 296
112 311
71 311
7 8
166 296
33 313
33 86
33 76
8 268
93 311
296 330
46 170
92 170
145 282
23 282
130 283
283 320
24 42
24 236
157 178
157 248
239 260
239 263
29 106
106 125
180 239
217 269
269 316
