38.242970
28671
44
185
74059
68 152
61 129
62 91
63 103
63 115
63 148
63 178
64 72
64 73
64 93
67 125
61 105
76 136
77 159
80 84
80 130
80 182
80 196
81 103
81 158
85 114
52 116
41 116
42 109
43 109
44 197
45 50
45 104
47 59
49 91
50 70
50 87
88 135
53 144
53 190
55 135
55 164
56 110
56 143
59 126
1 189
61 98
149 167
125 126
125 133
125 139
126 159
128 138
128 160
132 152
137 192
142 164
147 189
124 194
149 192
151 164
152 188
159 181
166 175
173 194
173 199
175 185
182 194
102 135
90 134
90 136
90 160
90 162
90 183
94 170
94 179
96 180
97 194
99 197
60 131
104 108
104 119
104 198
106 159
113 192
114 126
114 150
120 128
123 197
34 57
7 22
7 31
7 111
16 81
37 109
7 176
36 81
35 96
34 75
38 141
27 91
8 96
28 189
13 59
12 34
32 104
11 34
30 116
19 184
24 53
22 94
25 86
25 89
20 114
19 191
25 122
4 69
38 172
38 168
17 94
5 147
56 140
18 79
109 145
152 165
92 122
64 163
107 187
40 200
40 198
40 133
40 101
3 116
3 189
10 195
40 79
126 157
103 157
24 157
26 61
26 34
22 39
39 199
9 135
9 90
22 156
91 156
91 127
50 127
127 128
69 74
74 107
74 186
15 74
50 193
25 193
48 164
48 56
18 112
66 112
59 65
65 152
25 171
171 197
38 117
53 117
26 195
59 121
19 121
78 92
10 78
51 104
51 96
33 155
155 175
6 146
52 146
60 146
153 174
116 153
5 83
54 83
140 153
154 169
59 169
145 187
58 76
14 58
2 57
2 109
95 154
46 95
161 175
161 192
80 161
21 183
21 177
118 186
82 118
23 29
71 167
71 100
29 33
163 165
