75.631222
4058
92
2888
22811
216 257
212 270
85 438
84 305
83 405
82 321
82 224
80 187
79 421
211 443
216 414
77 381
77 373
77 166
220 406
222 322
74 230
222 449
91 115
192 275
97 347
96 187
196 235
93 318
198 216
92 220
203 267
223 401
205 443
207 246
207 488
208 479
208 500
209 420
211 344
256 419
245 310
63 463
63 261
63 197
248 330
249 299
253 308
255 489
243 299
61 148
260 362
58 113
262 312
264 465
266 404
268 329
56 427
233 363
224 303
226 395
227 236
227 356
229 440
231 359
71 239
231 360
192 264
69 209
234 409
234 491
67 162
235 471
65 231
239 459
125 371
129 310
158 192
158 265
162 324
127 299
163 225
163 492
164 403
132 395
125 300
125 272
124 164
165 457
123 274
167 401
123 139
122 278
149 329
147 250
147 180
147 494
145 308
145 163
144 306
143 310
142 363
121 270
151 278
152 203
137 412
137 251
137 172
157 248
133 203
101 491
111 237
109 293
177 252
177 325
105 438
177 409
178 489
180 283
111 249
100 415
184 465
185 335
187 470
187 480
188 353
189 305
170 489
120 405
168 181
119 419
118 162
168 331
168 384
116 222
169 422
235 424
171 192
171 209
113 340
113 334
113 145
112 239
111 418
318 487
16 307
16 321
17 314
352 440
348 455
348 399
347 423
338 457
335 375
335 358
20 155
22 289
328 348
23 372
23 495
16 285
318 415
318 392
315 329
26 186
26 317
26 351
314 346
312 484
312 367
310 373
29 82
31 211
31 351
309 314
9 254
2 464
3 363
4 227
468 500
461 488
448 489
445 457
443 480
441 457
431 464
397 500
8 347
9 131
9 154
56 74
395 400
385 404
12 192
382 433
379 419
378 488
367 453
363 394
362 465
362 458
361 404
354 401
353 444
16 276
279 405
52 335
273 481
38 59
38 104
273 497
38 245
38 313
278 337
278 377
39 168
39 273
287 438
41 163
308 311
286 407
285 305
43 56
44 443
45 82
47 464
48 107
48 221
49 362
282 491
48 472
48 476
33 440
54 293
36 97
299 456
36 241
36 46
301 465
270 283
306 426
34 211
270 277
293 439
326 395
467 490
357 429
134 147
232 278
110 489
140 192
32 376
218 353
138 217
94 339
160 177
6 322
213 305
38 106
75 270
148 319
145 454
153 228
292 348
130 280
280 399
53 280
108 280
194 242
111 442
135 442
21 442
1 146
146 432
146 363
11 451
11 422
146 217
11 312
11 298
107 175
175 388
111 175
175 438
42 106
42 75
134 228
140 160
213 376
51 293
51 248
77 435
16 435
211 393
393 500
110 319
327 389
215 384
21 215
293 370
104 370
15 27
89 457
89 366
89 239
89 222
15 182
15 36
138 218
55 118
55 112
89 327
90 178
26 90
447 465
443 447
125 141
141 500
273 288
288 300
248 288
320 353
320 491
388 474
162 434
82 434
377 483
467 483
232 454
258 389
258 271
161 387
161 338
271 490
19 244
244 308
126 211
117 126
73 475
273 332
56 332
170 190
339 413
22 413
299 425
23 425
6 94
284 369
247 396
201 357
28 396
201 402
201 453
156 201
212 396
396 416
366 369
76 369
281 336
265 281
200 408
169 408
462 486
78 462
175 429
14 132
14 496
150 336
66 150
99 347
99 227
99 500
114 425
68 206
192 206
230 460
190 326
35 446
115 417
195 417
222 478
102 437
164 417
350 478
407 478
437 450
437 482
7 363
7 203
7 108
13 404
66 499
486 499
50 312
50 86
87 187
87 440
147 473
164 473
18 439
18 30
114 183
32 446
72 85
72 382
72 498
73 316
290 451
176 211
98 238
98 470
290 493
316 369
64 176
120 365
159 365
263 488
209 263
364 410
76 364
216 477
231 477
345 436
165 380
235 452
103 199
57 362
93 103
304 472
168 323
95 136
63 323
57 464
295 297
260 436
37 100
380 485
27 297
24 137
37 219
204 304
24 457
70 240
20 70
136 286
312 452
25 341
23 341
53 430
155 430
159 430
292 391
242 391
36 81
81 216
214 402
214 469
62 220
62 414
220 428
306 428
296 306
199 296
10 302
25 302
164 342
193 342
173 246
173 179
193 390
259 390
202 291
5 191
60 88
291 433
88 411
210 419
210 401
5 182
333 450
123 333
40 355
355 421
145 355
174 466
28 174
294 349
349 475
128 343
128 185
128 482
269 318
269 314
123 269
335 383
48 398
9 398
329 383
354 386
362 386
368 411
368 489
183 374
13 374
