27.883432
14505
41
2053
37057
45 247
62 98
61 262
58 81
57 157
204 292
205 232
120 207
50 250
49 269
49 152
49 67
206 229
206 238
125 299
63 262
44 267
43 108
207 240
34 149
34 49
34 42
33 191
30 289
30 51
27 115
25 262
23 205
22 267
138 165
80 142
101 157
98 148
96 250
95 214
94 191
189 247
92 280
92 270
88 201
88 192
194 293
195 267
83 191
80 276
43 203
79 205
196 299
200 261
76 247
74 80
183 206
204 205
70 138
204 221
204 241
66 98
65 138
204 244
15 283
250 266
138 228
138 239
236 261
15 126
162 276
170 263
141 263
154 157
15 251
265 299
12 92
14 207
8 88
1 23
87 158
94 137
255 281
96 185
163 246
47 92
190 215
54 204
88 253
69 118
134 291
144 151
88 166
15 135
98 147
110 285
20 263
71 85
205 268
105 180
100 227
208 284
34 178
212 261
13 272
174 177
127 278
84 296
34 53
90 152
43 90
37 104
48 104
159 290
78 262
68 214
41 68
9 209
53 161
35 263
29 273
29 60
29 37
40 280
40 43
106 225
174 225
36 272
68 158
52 143
173 196
25 173
27 173
173 194
69 171
82 171
171 295
6 31
139 247
80 131
15 131
136 139
43 56
211 290
88 107
107 299
107 191
55 82
55 267
29 87
176 243
155 176
28 98
268 277
135 150
21 226
77 247
77 230
101 124
124 155
20 71
150 277
151 178
129 138
129 157
104 118
168 238
168 262
171 211
15 119
119 157
93 95
93 246
225 291
185 225
30 254
254 295
29 134
143 163
146 206
97 146
228 271
252 271
146 250
217 245
261 298
204 298
117 271
217 285
147 208
56 137
35 253
100 153
166 296
99 288
210 222
127 172
144 181
145 172
180 181
184 210
75 99
181 244
181 197
5 99
81 172
225 274
36 274
7 28
218 263
104 226
121 247
122 169
98 167
34 167
117 121
19 209
19 233
153 212
32 133
159 188
188 258
70 234
164 234
75 234
133 287
109 130
3 109
116 189
116 123
112 227
112 199
46 255
13 245
18 299
18 89
32 78
103 198
103 222
2 273
2 24
175 294
46 47
186 223
249 281
249 282
9 287
136 223
73 143
54 242
161 169
16 104
86 173
134 172
160 231
3 202
202 237
132 177
102 242
64 216
58 64
38 279
182 279
220 257
39 198
156 256
264 300
26 39
1 111
10 219
11 275
162 275
72 259
72 115
230 257
111 179
102 210
210 235
132 297
237 248
97 248
187 248
59 193
4 207
113 260
113 213
17 215
17 160
17 91
38 286
157 286
21 31
7 264
231 235
190 193
16 294
10 73
114 213
5 114
140 224
105 256
128 297
86 224
4 128
