62.044187
27372
72
382
35053
75 239
68 77
69 97
70 220
71 183
157 217
72 265
72 277
74 95
74 182
74 224
74 247
75 81
67 289
75 275
155 243
77 85
78 147
78 185
78 224
79 202
79 215
80 172
80 187
80 251
58 141
50 146
50 148
50 172
164 237
52 88
53 177
54 175
55 227
56 288
57 109
57 116
57 250
151 180
59 106
60 161
60 276
61 77
161 228
63 140
160 272
63 270
64 220
160 264
66 243
126 281
105 209
106 216
106 278
107 188
129 249
108 174
108 179
108 209
110 164
111 172
111 273
129 197
129 268
125 275
125 210
114 276
115 196
115 238
115 262
117 177
118 230
118 253
118 275
123 289
91 101
149 280
145 257
84 201
86 176
86 189
87 118
143 266
88 295
143 223
89 240
90 145
164 233
142 164
91 225
134 296
96 243
97 130
97 166
134 274
99 218
132 239
129 293
103 218
27 268
19 199
212 217
208 227
21 125
22 141
207 227
24 111
25 219
26 111
27 121
206 289
27 214
19 173
28 175
28 220
50 132
29 280
30 79
204 219
194 217
192 236
32 143
33 91
34 288
35 75
226 276
1 72
4 80
280 300
276 285
6 102
260 281
6 279
7 236
258 286
9 86
238 275
234 236
29 134
221 281
12 220
13 51
219 297
14 218
15 180
16 161
17 190
219 281
18 89
19 122
44 252
175 294
42 138
42 244
177 269
180 248
42 259
170 188
44 73
181 197
169 201
167 270
38 292
45 78
38 233
38 229
46 134
47 280
191 288
36 286
48 63
49 175
100 234
28 127
201 283
163 224
76 123
227 299
144 156
39 89
168 172
188 271
120 104
41 183
41 261
289 290
134 290
83 213
71 213
213 287
39 235
137 227
61 263
43 86
43 201
43 219
242 259
38 242
77 137
137 219
177 242
137 165
65 217
65 97
65 106
137 205
186 236
42 186
128 168
133 256
133 296
94 193
283 290
76 213
131 218
43 163
275 298
180 298
159 222
2 162
162 224
13 211
23 211
113 211
92 162
100 267
127 267
119 177
6 119
161 245
63 245
10 256
10 145
2 232
44 232
5 8
8 157
89 150
11 150
235 242
261 291
28 291
51 291
3 291
160 203
149 203
17 255
40 255
91 178
27 178
97 178
6 231
129 231
271 299
88 104
44 104
98 104
11 195
195 282
139 276
108 139
88 139
145 154
72 154
82 288
82 287
128 263
136 152
136 181
62 115
62 143
198 200
93 105
20 200
93 241
93 190
156 200
153 222
153 254
113 171
171 286
135 286
135 141
31 79
31 164
281 284
57 284
19 112
112 243
165 246
184 246
20 158
158 207
37 141
37 243
144 153
65 124
124 131
159 193
