72.920311
6051
94
1851
19198
71 197
61 294
165 493
368 463
63 214
63 284
64 116
323 419
67 302
349 432
69 116
69 380
157 456
157 302
157 296
347 429
61 206
72 268
73 88
73 101
155 457
155 236
155 163
73 497
74 240
154 232
153 298
153 284
77 119
153 223
153 203
178 364
196 208
377 462
376 491
375 485
311 367
52 356
52 372
315 494
182 390
181 297
179 415
54 463
179 270
179 183
151 329
320 483
56 192
56 413
321 463
174 323
173 483
172 410
369 393
172 290
172 226
172 180
60 264
168 248
61 162
126 480
103 186
104 316
104 373
105 240
136 165
134 423
132 260
130 494
129 234
129 169
113 224
113 428
127 453
113 459
114 483
102 386
126 327
126 274
116 464
117 121
117 463
125 423
119 217
119 398
120 236
121 128
121 395
124 446
124 287
124 253
88 383
151 318
341 462
151 187
82 132
82 458
83 179
151 180
324 357
325 383
326 432
149 304
149 252
149 202
148 454
56 351
148 441
89 189
89 352
148 154
145 359
91 324
335 429
93 197
94 323
95 277
143 496
97 170
142 393
102 266
421 492
17 393
256 367
255 490
19 214
254 316
289 346
248 371
248 291
21 453
22 367
246 429
245 314
297 427
24 429
17 248
240 473
462 484
277 337
236 418
301 375
399 444
27 346
28 219
28 324
29 196
302 422
32 108
32 400
32 431
266 479
5 321
6 302
7 260
8 393
9 89
5 221
10 458
11 30
269 435
11 207
11 412
12 56
12 302
267 423
407 460
5 178
451 460
266 469
442 465
261 316
5 16
260 433
257 277
15 129
17 113
276 346
17 205
453 471
453 492
215 229
38 209
38 313
39 60
229 468
283 383
229 379
228 364
41 155
222 231
220 297
219 494
279 490
216 375
42 157
214 253
390 435
214 235
210 490
465 476
389 492
198 390
197 414
465 477
197 338
48 149
197 251
196 443
38 175
231 381
34 364
396 458
35 348
36 52
36 350
37 448
394 432
231 306
156 453
5 343
52 436
333 447
131 488
332 468
231 424
84 151
423 470
278 404
322 370
139 307
387 425
18 487
273 411
68 166
106 164
164 488
164 271
286 367
51 92
57 265
99 121
99 172
99 327
81 106
81 450
99 447
109 160
48 159
159 444
100 159
160 420
160 188
2 159
159 328
160 359
160 190
236 272
134 243
243 384
230 500
90 201
218 233
233 234
179 243
230 380
85 230
78 445
474 499
199 499
338 499
217 499
90 259
90 111
110 499
238 324
197 238
190 238
281 391
281 406
218 331
171 238
238 460
331 403
143 281
331 461
195 316
124 195
200 364
200 383
164 425
62 81
390 482
288 320
60 288
360 436
323 417
149 417
3 233
65 331
56 147
147 155
392 486
73 258
81 470
281 374
73 177
177 323
116 176
126 176
424 499
193 452
59 458
59 240
59 494
109 193
43 397
43 170
43 309
43 387
60 161
153 366
260 366
59 259
140 383
140 146
118 244
286 487
156 161
96 262
262 345
211 262
3 360
358 378
70 213
70 146
18 281
249 353
249 322
43 343
38 66
242 463
242 344
84 331
65 439
336 355
336 344
45 483
45 141
326 437
113 437
141 437
374 439
225 312
139 225
53 205
53 126
300 432
76 300
65 193
295 465
73 295
211 292
89 150
150 434
385 484
32 49
186 334
49 391
49 157
87 158
137 432
87 144
87 118
334 358
137 277
137 255
263 334
25 354
25 434
2 247
133 247
214 305
47 492
47 375
44 492
99 307
33 430
13 462
13 119
55 75
55 138
55 328
40 408
40 311
20 83
405 467
20 362
144 498
229 239
239 490
262 332
76 478
331 370
293 442
333 430
23 238
205 449
266 449
416 482
193 278
164 273
303 429
148 303
24 46
5 46
78 258
4 472
58 167
14 297
14 236
185 426
250 361
123 191
85 250
167 496
311 440
348 440
227 440
265 445
68 92
319 346
51 438
314 438
310 438
57 112
112 475
305 416
165 194
189 194
194 403
129 317
196 317
23 467
31 402
33 402
110 438
280 486
122 280
268 455
201 455
131 185
171 285
98 285
269 339
237 339
183 282
80 282
107 342
107 166
135 204
61 363
241 299
241 311
241 376
241 448
152 382
345 382
97 489
275 489
184 388
184 246
11 115
60 115
103 365
365 401
1 86
1 67
481 495
37 481
26 409
26 405
50 245
35 212
50 79
308 330
330 411
212 340
62 365
378 466
272 498
66 281
244 392
204 466
262 319
191 292
4 44
363 385
