2.453968
36436
6
16773
115050
16 94
8 94
19 48
76 98
20 98
56 71
61 63
18 76
11 51
40 56
5 88
57 80
25 60
3 4
44 94
1 30
30 41
44 60
37 94
59 87
44 54
90 91
50 86
14 85
14 89
14 91
14 97
70 99
62 67
21 65
55 69
69 94
25 74
28 50
39 86
14 39
14 54
24 53
26 94
79 100
48 57
53 100
10 19
10 55
20 49
2 24
23 30
12 30
18 28
33 93
63 93
32 79
2 61
45 49
45 96
80 93
23 90
32 40
26 66
34 35
35 51
35 67
30 58
12 62
6 31
3 11
9 43
29 95
4 95
31 99
42 52
46 52
9 58
21 43
6 71
5 44
42 75
70 75
27 64
44 59
15 46
15 92
22 97
22 68
17 36
36 65
27 74
13 47
7 17
78 85
7 72
78 83
77 82
81 84
81 83
38 73
38 66
13 96
37 82
