21.649458
148
24
120
143459
33 51
47 79
47 66
45 49
43 51
42 67
42 48
40 49
37 49
33 92
33 91
49 83
30 86
28 62
28 33
28 29
25 73
25 53
25 32
24 91
22 92
61 99
98 99
94 99
92 96
87 92
74 86
70 83
70 76
69 97
65 69
2 35
57 91
56 83
56 78
56 72
55 93
54 75
52 93
51 58
50 69
11 91
15 86
15 41
15 23
14 77
14 44
14 39
13 80
13 71
12 86
13 38
10 93
8 26
7 70
6 15
5 51
3 47
2 95
1 2
18 42
17 56
20 25
16 28
33 89
31 83
34 79
4 20
4 28
4 99
9 27
27 39
27 54
27 73
36 90
50 90
8 90
64 90
27 84
84 90
60 98
21 60
21 85
82 93
75 81
63 81
47 82
19 89
34 85
19 31
64 68
2 68
88 100
69 88
14 46
13 46
15 46
42 59
59 86
