9.377870
62612
12
1994
99780
12 26
25 85
108 117
27 35
7 26
29 75
23 118
5 130
38 85
23 85
5 43
13 17
20 26
67 134
17 111
102 108
33 100
2 75
17 21
100 112
35 104
17 92
62 136
71 95
26 126
60 100
4 108
83 85
54 63
16 101
31 132
22 103
11 68
47 70
24 106
47 99
58 107
51 113
57 115
52 61
52 108
34 135
19 98
37 133
37 59
37 65
35 124
17 124
60 135
100 128
36 138
36 129
36 63
122 128
28 128
49 137
17 128
36 76
10 36
95 132
57 96
34 54
53 98
90 126
18 65
6 10
80 82
50 103
39 88
4 90
99 128
108 131
13 89
18 136
84 85
76 131
75 125
19 125
75 78
5 78
69 85
5 69
66 129
87 100
15 87
17 46
46 91
1 67
1 15
36 53
35 74
44 91
44 77
30 139
37 93
80 89
66 71
49 96
6 40
40 56
3 31
3 62
61 94
45 79
49 93
48 73
72 119
72 77
8 115
8 116
22 83
50 114
56 140
39 97
84 88
59 105
105 121
30 114
55 81
118 123
110 123
14 58
14 110
41 107
41 51
16 48
97 106
36 73
81 94
45 140
109 113
109 120
24 127
64 127
49 68
9 32
42 86
11 42
32 55
