42.052937
11386
51
8295
39180
83 249
70 126
160 249
159 258
75 205
159 255
76 105
159 206
81 202
156 248
82 147
68 129
154 243
154 240
145 173
87 172
87 267
141 248
140 203
140 189
140 153
53 215
38 137
41 257
42 173
46 58
186 270
49 147
51 90
52 112
53 142
53 184
90 226
177 255
57 202
177 239
59 106
59 223
59 233
172 176
65 75
66 129
116 117
105 236
105 276
106 196
134 299
108 270
108 292
131 153
112 235
115 229
115 259
105 216
117 231
122 177
123 202
124 260
126 180
126 191
127 173
129 160
129 297
99 295
90 276
90 291
91 118
91 253
91 264
92 260
94 172
99 150
99 166
99 241
287 300
100 267
136 231
102 292
103 132
103 143
103 293
103 298
104 222
105 152
9 103
249 271
35 112
28 96
16 231
34 159
195 267
15 117
8 196
246 270
198 248
28 224
6 117
247 263
249 268
10 299
9 278
9 128
9 265
206 231
210 276
31 300
9 208
30 41
21 217
38 56
222 269
221 248
220 292
38 110
222 280
237 299
194 202
2 196
266 276
28 45
251 296
36 296
19 154
5 112
5 260
35 173
138 202
187 293
25 290
62 212
18 249
27 117
86 237
115 120
77 274
96 199
41 178
242 300
84 236
12 215
84 183
133 262
262 276
23 270
23 98
63 95
95 231
26 202
26 168
55 105
55 135
55 296
177 256
90 256
145 256
119 256
178 199
62 107
25 55
193 267
193 231
40 193
193 211
28 193
98 193
244 284
63 284
138 193
185 196
105 185
18 107
41 85
85 129
273 276
91 273
230 296
28 161
161 252
281 285
115 197
22 197
279 281
17 281
159 197
197 248
213 281
74 196
200 234
74 200
120 242
174 254
79 294
79 204
91 261
162 254
101 300
130 234
101 163
187 261
54 211
54 204
170 294
150 170
86 256
130 167
99 188
17 188
114 288
179 288
207 171
135 165
44 174
44 131
247 288
13 165
162 165
80 119
80 114
125 140
165 282
9 192
149 192
228 289
111 228
67 228
78 228
71 181
71 217
71 99
46 71
113 282
38 48
48 172
115 219
27 228
73 219
77 167
89 232
22 232
24 157
155 157
157 289
67 158
158 243
32 154
32 222
58 164
109 164
69 164
61 218
68 218
148 241
148 201
146 283
3 250
275 279
121 139
7 225
225 263
50 88
24 139
47 121
47 93
40 250
39 146
214 286
144 275
97 191
75 97
29 245
147 245
53 209
126 209
129 209
151 169
112 169
11 227
81 227
4 43
4 149
151 190
14 190
60 265
37 60
39 171
171 276
64 171
147 277
75 277
29 33
33 272
64 72
72 238
175 182
20 175
1 172
1 182
12 286
88 113
