134.891772
9675
143
471
21642
216 334
232 332
231 311
229 234
228 492
228 368
226 260
225 451
224 277
223 400
222 447
221 303
221 278
218 429
218 267
233 336
216 322
216 277
215 355
214 351
212 476
211 218
209 255
207 260
205 410
204 374
204 362
204 349
204 220
243 333
253 423
253 299
252 301
252 257
249 258
248 461
248 279
246 383
245 357
244 448
244 436
243 494
243 377
203 213
243 272
240 347
239 314
239 305
238 498
237 496
237 294
236 437
236 422
236 372
234 483
234 397
233 410
156 211
177 242
176 188
175 322
174 499
172 439
171 400
1 42
169 383
168 388
167 248
165 476
160 211
158 338
157 273
178 359
153 189
152 336
151 379
150 499
149 442
147 471
144 407
143 188
142 305
141 267
138 234
137 261
137 193
189 473
201 469
199 203
198 453
198 416
198 376
196 420
194 256
193 332
192 475
192 351
191 341
191 327
190 327
254 433
189 356
188 293
187 409
187 191
186 373
185 465
184 187
181 307
180 451
180 266
180 221
179 210
179 202
337 451
366 438
364 410
363 471
360 389
354 471
353 488
351 352
347 365
345 493
345 390
341 489
341 458
339 347
338 457
370 449
336 450
336 367
335 405
332 415
328 465
327 340
326 404
325 492
325 439
325 389
324 357
323 440
321 388
404 435
481 492
451 485
449 484
447 483
441 475
439 490
433 454
429 467
427 499
419 479
417 420
412 428
408 424
320 389
400 446
399 405
388 434
388 395
382 429
381 477
379 483
377 428
375 465
374 404
373 500
373 491
371 433
262 498
274 327
273 401
273 276
271 431
270 469
269 384
267 306
267 283
266 391
266 285
265 478
265 386
265 361
264 366
277 394
262 479
262 366
260 342
259 476
259 339
258 395
258 368
258 346
257 342
256 480
256 393
256 292
255 454
294 330
319 351
317 492
316 433
310 426
310 410
309 334
307 358
307 335
302 404
300 447
298 439
297 345
296 379
170 442
294 318
292 499
292 471
290 398
288 496
287 496
287 353
286 381
284 355
282 428
280 428
279 408
279 332
46 380
54 400
54 265
53 154
53 55
52 366
51 153
51 118
51 87
50 384
49 313
49 268
49 151
49 99
48 479
54 449
46 233
46 148
46 76
45 252
44 442
44 198
44 124
43 353
41 334
40 479
39 60
38 355
37 322
36 469
65 429
75 177
74 307
73 253
72 383
71 178
70 213
69 463
69 430
69 387
69 147
68 471
67 83
66 384
66 155
36 126
64 290
63 115
62 379
62 83
61 338
61 170
60 482
60 153
59 101
58 447
57 387
57 315
57 235
56 88
11 290
17 385
17 263
17 78
16 464
16 227
16 200
16 168
15 115
14 454
14 452
14 199
14 47
13 341
12 19
18 231
10 389
9 477
9 396
9 377
9 173
9 159
7 126
5 211
4 179
4 63
3 498
2 213
1 329
1 80
27 469
36 101
35 418
35 312
35 113
34 78
34 51
33 474
33 284
33 217
33 139
32 381
31 255
29 449
28 60
135 322
26 379
24 261
23 189
22 470
22 374
22 206
21 98
20 271
19 413
19 287
19 247
18 497
18 350
93 468
114 417
95 195
116 357
117 124
95 192
119 248
120 405
95 107
94 221
95 378
93 262
93 96
92 144
91 406
91 311
121 255
122 127
91 145
122 168
101 140
106 178
106 390
105 353
103 261
108 179
102 408
109 182
101 472
109 230
75 414
109 462
100 115
111 498
98 495
112 277
98 348
98 284
97 271
132 440
86 266
79 294
126 146
126 392
128 334
129 496
130 177
84 475
131 144
85 417
133 355
134 239
79 417
83 104
82 405
136 442
81 244
81 88
88 155
88 335
88 456
89 93
125 408
124 455
124 331
123 475
122 425
122 402
77 187
183 421
325 487
163 483
163 279
163 270
168 432
377 432
242 432
164 345
77 164
466 479
115 164
373 466
338 466
252 466
69 164
219 454
191 219
36 162
162 284
110 180
304 487
236 241
241 440
8 53
8 338
218 289
161 294
161 465
25 253
25 177
17 25
262 289
287 289
91 161
161 183
304 460
216 369
421 460
30 144
30 258
30 109
192 275
153 275
275 292
53 486
290 486
384 486
188 445
83 445
260 445
357 443
208 213
443 479
208 383
54 291
44 291
49 90
90 476
6 271
6 417
57 343
35 343
426 444
344 444
142 444
308 500
22 308
281 295
196 281
166 374
166 233
179 411
1 411
18 403
273 403
197 440
197 401
251 459
289 459
250 251
110 164
250 369
