119.893283
32381
128
6
41797
2 104
276 413
272 273
247 449
179 237
177 340
172 212
27 85
41 234
60 406
100 361
62 392
64 370
15 153
133 411
76 133
89 133
133 265
153 157
153 178
153 219
3 153
18 247
18 106
18 67
36 241
96 241
57 241
114 241
265 403
254 403
364 403
30 273
97 298
30 235
30 197
30 161
29 436
206 436
92 140
140 238
216 237
31 249
216 230
215 321
215 229
42 140
319 334
45 215
319 383
319 365
319 339
49 140
222 298
243 249
181 216
298 446
137 215
176 216
298 349
70 249
249 314
366 436
429 436
93 399
26 236
93 172
236 412
46 262
46 336
46 449
308 370
39 426
39 182
39 339
135 331
135 154
85 135
50 230
50 101
294 349
19 294
6 50
169 294
206 373
303 373
246 373
23 439
23 388
23 197
139 378
168 183
168 408
139 177
2 168
139 282
149 406
149 208
149 180
40 179
227 313
64 313
296 425
234 424
243 354
14 250
123 313
158 277
92 158
354 433
40 163
354 445
40 418
361 425
250 413
250 317
121 425
374 424
199 424
108 158
126 421
242 275
126 263
100 275
126 255
275 390
127 162
122 231
193 402
112 329
129 318
112 347
122 203
244 324
124 175
127 269
127 256
124 288
115 264
245 267
125 278
112 389
113 233
113 332
248 260
245 283
118 270
116 430
173 261
209 322
155 431
156 322
159 330
164 367
207 292
205 305
204 441
204 396
204 289
170 223
202 287
7 301
174 430
5 376
4 292
184 360
185 417
187 376
198 223
196 391
194 266
191 359
192 210
145 377
232 328
10 51
221 371
1 355
134 202
136 430
137 305
221 362
142 306
143 357
145 297
145 320
240 266
211 343
147 271
147 346
211 268
210 316
210 251
150 428
151 400
152 202
9 391
8 324
48 107
333 355
328 448
38 138
325 400
38 189
38 224
322 323
12 302
43 431
44 278
47 381
47 401
47 435
338 398
48 144
48 351
52 220
53 56
53 228
315 400
53 353
54 129
55 359
58 124
312 367
311 393
310 357
24 220
394 417
393 416
376 434
17 82
17 190
17 447
367 386
360 414
360 395
21 301
359 410
358 428
355 420
111 218
25 270
12 369
350 417
28 330
32 261
33 402
34 90
341 393
34 226
34 253
35 111
338 443
87 404
284 391
281 292
278 352
80 221
81 91
81 304
81 422
274 301
270 344
84 211
87 201
264 280
87 380
12 293
88 129
10 160
260 356
260 285
94 113
98 264
99 266
10 119
103 431
104 328
252 330
109 261
111 290
78 405
306 419
61 68
306 335
305 440
63 122
11 428
299 338
66 71
66 110
66 291
68 117
68 225
69 245
72 147
73 324
74 223
75 357
295 402
77 220
78 102
78 385
284 438
16 421
348 368
96 348
41 348
128 286
133 379
213 450
13 307
86 307
27 132
60 146
146 186
3 146
128 132
132 409
392 397
309 397
219 397
62 65
65 337
65 340
213 442
272 442
276 442
436 437
140 384
214 249
195 319
348 403
124 379
78 379
266 379
37 236
139 171
239 424
90 95
126 427
239 278
239 417
22 40
257 354
260 308
204 427
270 427
141 211
122 141
38 171
68 171
250 279
425 432
59 158
359 437
402 437
22 220
22 431
223 257
87 257
20 148
133 300
367 384
292 384
34 165
112 165
214 428
165 360
12 214
264 279
48 432
17 279
59 127
59 245
20 202
20 330
129 432
10 195
195 324
148 407
148 363
200 241
195 438
81 259
301 363
66 363
376 407
357 407
322 363
210 407
259 393
37 306
37 355
259 400
153 327
37 438
16 391
16 261
18 166
342 379
216 300
286 328
53 286
286 305
298 444
93 300
286 438
16 348
239 382
59 450
307 308
141 375
166 215
171 342
30 105
120 135
39 444
167 384
18 95
214 375
165 167
168 326
23 83
65 141
148 415
345 373
83 313
131 432
258 437
22 258
423 438
221 326
47 120
200 338
275 387
130 279
387 430
113 345
20 442
16 131
145 327
111 166
130 259
105 147
372 450
79 423
188 415
217 372
