20.407619
4282
25
640
81412
20 62
48 103
51 82
52 110
53 65
23 34
22 104
56 60
56 76
56 119
46 151
60 84
62 86
65 134
65 143
66 113
68 150
69 143
77 159
14 15
34 58
38 152
41 83
38 117
38 89
41 96
36 91
36 80
43 137
43 138
72 110
34 49
32 118
31 46
30 66
30 37
43 146
28 57
46 128
6 87
9 25
82 84
13 150
91 108
91 120
92 103
95 159
98 104
6 104
86 111
103 126
4 66
3 62
2 118
105 159
122 157
123 138
140 150
13 29
9 33
78 82
79 121
9 115
81 110
80 159
9 153
34 47
21 65
100 150
59 154
9 27
11 130
104 139
45 93
11 27
12 135
125 139
99 130
99 141
69 99
81 160
158 160
75 160
55 160
14 160
7 141
7 38
43 145
9 145
147 150
114 147
61 94
65 94
46 74
67 74
57 88
73 88
48 74
74 110
29 88
34 74
43 88
88 148
40 142
112 142
142 158
1 21
100 160
66 155
102 155
56 155
42 114
103 109
109 159
8 148
39 41
39 91
1 125
91 132
132 55
71 106
41 71
106 131
24 131
121 131
40 90
82 90
59 142
18 103
18 62
50 136
45 155
127 144
144 157
127 149
63 149
149 154
135 136
26 122
16 26
50 93
5 97
97 159
19 33
19 156
85 156
85 101
28 70
70 129
5 124
54 124
12 116
35 116
24 107
17 107
44 79
10 44
64 67
64 133
