4.593708
18542
10
857
84786
81 87
8 11
38 62
38 60
36 37
33 71
60 97
15 38
27 87
24 44
83 87
87 106
90 120
94 120
20 120
70 103
79 107
19 72
89 120
38 64
112 120
12 95
7 54
53 77
39 120
10 47
52 68
12 42
17 18
54 95
25 34
42 89
10 46
66 112
25 47
56 116
43 96
34 39
14 30
30 107
30 102
30 72
7 45
2 108
82 113
43 82
82 120
1 23
4 96
32 67
24 109
93 109
2 109
105 109
108 114
53 104
29 119
45 104
4 109
26 98
9 82
86 111
9 119
17 30
5 55
65 118
14 118
5 77
5 33
26 114
8 73
65 73
4 86
42 75
18 66
55 57
21 57
85 111
85 87
92 99
51 78
13 51
13 100
58 67
58 78
21 63
40 93
40 88
29 100
11 84
74 84
80 101
71 80
52 99
42 92
23 41
32 41
49 61
49 50
61 110
110 116
31 74
31 50
31 103
63 64
76 97
37 76
1 22
22 28
16 115
101 115
48 68
48 91
35 106
35 59
6 117
3 69
69 88
75 117
