20.670268
20635
29
15753
75161
26 55
97 150
95 176
57 194
91 183
59 116
91 154
59 161
14 103
26 188
14 197
79 166
16 137
17 132
77 168
94 137
62 176
77 102
77 101
65 132
76 106
76 89
20 91
21 69
67 183
72 182
72 114
68 76
69 171
104 139
150 175
150 160
40 100
43 69
139 200
139 164
46 194
47 127
132 187
131 194
55 74
129 185
127 195
8 59
100 180
56 100
117 143
118 137
119 129
120 176
55 173
127 184
7 129
33 139
54 90
14 86
29 176
63 132
76 83
2 30
77 130
36 147
37 46
108 127
58 102
13 192
25 91
92 157
3 144
18 139
18 136
18 82
70 172
37 157
76 145
145 194
73 124
14 73
6 93
58 108
4 122
86 179
55 146
146 150
137 199
39 179
6 50
123 150
123 194
60 123
191 199
83 179
80 159
3 147
5 133
93 133
9 31
9 105
90 141
84 110
9 193
96 148
65 148
148 186
110 188
79 148
52 141
110 138
36 133
11 128
128 155
51 128
27 148
34 128
133 191
132 174
30 123
42 159
18 130
14 41
92 174
29 41
82 151
99 151
4 32
48 186
48 94
50 141
124 152
152 155
42 141
33 88
22 158
158 178
70 158
80 88
98 181
64 98
78 195
87 95
78 193
87 135
87 163
27 98
15 28
5 28
23 137
23 100
60 107
107 198
19 181
19 129
24 112
68 112
32 87
10 127
10 59
38 129
38 113
125 189
189 198
24 165
115 165
172 177
11 134
134 143
111 170
122 170
66 113
61 66
35 44
34 44
110 177
141 192
9 25
72 169
69 169
71 72
71 126
53 127
43 53
117 167
49 167
153 190
135 162
1 162
54 190
75 121
75 176
140 156
14 140
81 142
13 81
85 119
12 85
109 121
109 196
149 156
45 149
