21.750377
15027
28
79
78560
34 79
57 64
55 140
55 136
55 112
55 109
55 56
49 88
49 62
45 49
37 104
36 115
35 156
35 122
34 123
57 133
34 69
33 139
33 106
33 90
33 84
33 43
30 131
26 159
26 147
26 138
24 57
21 131
20 28
82 137
145 151
131 141
124 142
124 134
104 149
103 152
102 145
100 117
93 131
92 126
91 144
91 101
88 115
86 92
40 124
82 124
80 93
77 152
75 92
73 115
69 153
69 146
69 73
68 130
66 70
61 115
60 91
58 69
12 105
9 93
17 86
12 71
15 152
2 82
12 48
10 130
13 34
8 12
10 111
59 93
81 92
39 106
48 121
14 110
42 115
4 23
6 33
46 47
85 100
85 128
85 139
7 120
7 79
7 31
42 59
22 50
49 74
18 129
18 109
18 76
16 117
16 65
85 110
29 157
29 69
31 127
57 127
96 119
27 47
71 72
53 72
72 134
119 121
39 96
6 27
5 11
5 52
91 118
34 118
1 129
1 67
1 78
1 70
22 74
33 113
112 113
93 158
26 158
4 132
50 132
51 55
51 104
51 147
38 54
54 67
116 157
11 116
63 115
63 152
3 128
3 154
32 104
32 98
7 81
76 148
20 148
124 135
135 145
35 95
10 95
87 94
82 87
108 160
12 160
19 25
25 107
25 145
94 114
41 44
28 41
89 143
143 150
140 143
99 125
83 125
15 155
99 155
35 97
89 97
