6.061003
76205
11
473
97952
72 124
9 102
65 126
58 111
22 97
5 101
32 126
73 131
109 126
34 56
34 112
75 109
3 83
42 111
60 92
25 34
81 126
7 18
61 87
57 111
37 43
84 97
89 117
2 17
28 49
29 129
24 39
34 35
34 138
22 138
37 70
70 84
15 43
59 122
71 134
60 134
25 134
19 118
116 118
46 118
118 132
12 118
105 119
130 134
7 15
53 72
52 95
102 114
52 73
27 52
114 123
52 88
51 106
51 111
46 51
51 83
30 104
30 100
20 77
6 77
48 77
14 31
52 130
51 82
62 127
26 74
24 57
77 82
44 125
64 121
99 125
39 44
11 132
16 19
16 74
92 99
88 133
11 110
26 81
12 79
79 139
34 120
47 91
27 47
38 47
55 103
8 47
103 124
68 118
115 116
104 115
54 137
131 137
76 121
23 48
14 68
40 139
17 40
31 45
45 108
61 103
87 120
76 133
49 51
63 119
2 129
63 114
28 114
98 127
41 98
75 96
96 128
113 136
36 113
38 135
36 135
10 86
10 64
29 94
1 94
4 35
50 114
50 62
23 89
69 85
69 101
13 122
13 80
78 95
78 85
107 140
53 59
33 90
21 90
5 93
67 93
34 66
33 66
4 140
