18.970782
54153
29
2183
73633
80 164
16 122
16 127
71 99
16 166
140 145
131 178
50 110
126 178
78 144
98 145
101 129
39 95
106 162
123 186
21 33
17 35
106 167
80 197
24 40
83 102
26 115
26 150
26 170
42 106
41 183
117 119
116 129
39 156
29 172
30 80
64 143
10 158
10 92
93 198
35 149
9 106
160 179
35 65
160 189
10 77
63 168
5 90
4 172
3 10
2 160
178 181
62 144
61 200
11 172
15 129
70 144
33 59
33 88
144 162
66 90
33 151
145 148
144 171
13 44
37 106
107 130
113 137
22 134
120 184
92 135
32 90
57 74
136 178
46 65
136 182
125 197
8 125
125 144
125 178
46 135
31 144
35 121
121 144
87 98
73 87
111 145
16 111
39 173
75 87
69 172
55 56
56 84
59 96
56 157
56 171
79 133
34 79
10 69
96 139
13 96
37 87
79 118
69 153
122 169
69 113
79 113
86 154
123 154
82 154
6 69
22 87
43 119
40 43
43 83
67 173
130 152
102 152
43 44
142 180
76 180
124 187
33 187
48 91
43 75
85 175
85 101
85 195
35 85
85 89
192 193
172 192
68 182
175 176
109 176
126 155
36 155
12 150
12 39
183 191
45 62
10 191
26 194
27 45
14 194
54 200
153 194
53 90
53 160
32 96
54 137
105 154
141 188
55 188
129 138
76 138
31 57
105 180
47 114
163 198
74 163
82 196
143 196
48 184
99 159
120 159
159 195
50 81
7 81
18 193
18 63
165 199
139 199
20 72
20 186
94 168
94 112
125 132
97 190
97 110
58 146
36 97
58 133
47 67
34 38
38 103
1 41
1 174
52 161
28 104
8 128
25 128
23 60
52 124
49 129
49 108
51 177
108 177
14 185
100 185
6 23
19 147
19 93
28 132
