24.067319
28675
32
542
66432
14 186
87 143
18 81
42 48
83 89
82 98
80 177
79 136
120 158
45 59
37 165
14 152
46 77
14 50
13 31
121 140
123 127
124 181
46 170
23 72
31 166
29 59
33 83
27 83
108 175
26 129
26 69
24 175
94 158
66 140
22 162
22 118
22 61
37 46
21 140
21 31
37 141
37 161
55 103
62 183
46 187
79 88
143 180
76 173
156 181
144 183
55 100
142 173
55 196
149 162
72 138
190 191
72 86
59 105
59 119
71 181
167 190
49 145
128 164
49 146
189 190
130 143
63 175
53 59
135 140
137 175
138 155
163 183
7 126
7 115
79 102
7 106
49 148
95 114
58 173
126 179
143 171
83 172
46 110
65 92
1 83
31 52
49 75
59 75
52 107
3 99
2 40
6 26
84 200
49 200
41 199
158 199
4 82
4 173
39 186
39 98
151 165
14 151
92 110
128 188
17 112
17 123
17 85
17 155
7 176
48 176
47 112
174 176
47 177
47 184
139 188
5 164
5 158
5 30
188 193
116 199
127 132
65 132
133 191
31 133
18 159
153 159
117 122
107 176
11 34
11 36
36 84
67 158
14 198
79 131
26 131
190 197
53 197
34 116
70 79
43 157
43 183
22 56
56 68
37 56
160 195
90 160
20 147
119 147
148 160
95 160
49 169
72 169
111 181
14 19
111 140
149 178
19 55
178 183
134 178
154 175
154 190
12 143
12 37
35 85
35 113
9 104
9 139
57 192
184 192
3 179
8 113
8 16
15 51
73 185
97 121
97 109
28 96
96 195
101 168
24 101
91 93
91 104
74 157
74 194
44 150
2 10
81 182
10 32
122 182
25 182
57 60
60 125
64 78
117 171
1 54
54 78
56 64
10 172
6 40
38 67
38 44
73 198
51 70
