94.532721
4079
111
13471
23455
156 314
175 267
169 323
168 482
166 437
163 304
162 364
159 492
157 415
157 331
157 222
157 169
156 460
177 271
149 429
149 301
149 225
148 354
146 498
146 285
146 267
145 430
145 307
145 277
145 191
197 349
211 249
207 313
202 448
202 341
202 312
202 264
201 273
199 386
199 292
199 284
198 405
197 476
144 247
197 313
196 423
194 394
193 286
190 429
188 321
187 388
186 221
183 364
181 227
180 450
99 272
109 271
108 402
107 382
105 346
105 163
105 124
104 213
103 404
103 105
101 433
101 307
101 255
109 305
98 463
96 427
96 262
95 377
93 226
91 444
90 286
89 99
87 476
87 444
85 473
127 156
144 182
143 421
143 409
1 77
142 493
141 477
140 354
136 394
129 342
128 232
127 408
211 435
126 226
122 246
122 158
121 167
119 410
119 291
116 144
115 129
114 292
114 202
111 370
324 425
353 388
352 466
347 406
345 425
344 466
336 437
333 425
332 406
330 391
328 385
326 398
325 328
354 442
316 500
316 465
316 440
316 416
315 408
313 378
308 494
308 374
304 406
300 491
294 304
405 414
480 487
477 499
475 480
452 453
449 450
434 469
431 485
423 496
420 453
419 466
408 495
408 478
293 492
389 485
382 412
380 459
380 454
380 393
376 462
370 443
370 384
365 458
364 372
361 469
227 387
243 436
241 276
236 391
235 377
234 390
234 339
232 497
232 477
231 286
230 389
229 259
228 308
246 297
227 248
226 486
224 406
223 261
221 379
221 334
220 477
219 243
217 377
212 304
211 446
269 276
292 423
290 423
289 398
288 368
282 481
282 348
282 327
281 391
280 300
273 350
271 356
143 263
268 394
266 462
265 470
265 447
265 416
262 292
259 484
259 416
254 450
252 262
246 395
33 471
44 199
42 437
41 291
39 278
39 175
38 410
37 410
36 153
36 69
36 60
71 364
36 52
36 40
35 259
46 462
33 381
73 291
74 119
33 135
32 329
32 75
74 160
74 258
32 61
74 338
76 328
77 246
77 279
52 203
58 482
59 318
59 398
60 257
60 464
62 129
56 453
55 197
54 188
53 389
52 492
52 431
52 361
34 313
52 161
65 113
51 60
65 164
65 213
48 369
48 110
66 210
66 367
66 369
47 405
66 483
68 286
10 388
18 214
18 179
18 134
18 71
81 133
16 265
15 360
81 215
81 488
13 234
12 482
11 360
30 455
9 492
9 298
6 276
83 291
84 226
5 48
85 274
4 469
3 444
2 262
85 371
27 463
78 363
78 320
21 263
78 493
26 243
29 39
79 360
77 403
78 200
382 490
154 232
239 488
88 299
343 360
57 81
117 401
52 165
413 486
206 359
216 389
211 362
229 362
362 420
466 489
303 354
62 303
303 408
226 489
358 489
173 445
17 50
137 382
137 397
137 453
100 456
123 184
104 184
184 219
184 306
184 427
188 237
155 416
78 174
174 210
174 432
303 445
71 418
266 418
173 373
216 373
165 413
154 174
155 239
14 224
14 273
30 151
40 72
42 319
189 319
296 306
204 246
296 392
86 223
319 404
251 296
319 383
86 402
72 340
72 264
78 204
72 131
71 86
149 204
151 368
86 441
86 411
60 205
205 273
82 156
82 398
82 444
174 299
24 271
24 236
24 234
102 157
102 480
156 355
99 355
286 355
82 490
101 424
48 424
286 424
391 424
244 482
244 428
244 388
7 32
7 63
7 112
7 167
64 144
64 478
238 406
238 327
49 480
49 437
88 233
108 233
106 416
106 474
130 208
221 275
105 192
130 441
99 275
192 467
45 119
45 292
70 197
70 276
245 360
211 245
25 392
147 256
151 343
43 463
43 394
23 489
22 112
12 22
209 469
253 370
328 468
85 209
77 468
176 399
147 359
377 417
417 437
94 250
63 250
23 100
48 438
438 479
17 256
100 117
287 313
33 287
337 425
145 337
67 396
193 396
170 383
170 400
146 457
202 457
132 171
36 171
20 308
20 259
7 57
242 380
242 492
152 322
126 322
125 172
125 142
50 244
13 422
422 472
28 60
28 300
28 309
351 472
335 351
401 439
366 439
8 185
195 302
8 240
195 288
138 195
8 298
178 428
178 310
178 458
120 300
260 309
97 260
120 227
150 426
206 426
357 461
190 461
132 311
295 311
19 31
31 121
283 405
39 283
80 143
80 453
80 450
94 218
218 317
139 375
21 139
92 463
92 138
185 407
188 407
270 494
118 270
237 451
253 451
25 176
