43.197159
37239
48
88
68393
109 132
41 178
42 63
44 48
44 67
114 116
112 114
46 128
110 176
41 90
48 96
48 170
49 134
108 135
107 179
107 115
103 140
37 96
33 72
34 175
35 38
35 57
35 70
36 136
37 76
37 86
51 137
38 60
39 67
117 122
40 65
40 74
40 79
41 75
69 137
97 138
63 157
63 161
66 153
67 163
97 99
96 109
93 165
98 145
71 165
72 123
89 140
75 134
88 97
85 154
83 145
1 2
61 153
60 134
59 141
58 109
56 114
100 140
101 136
54 142
54 125
54 89
54 73
53 169
52 150
52 104
52 75
9 37
18 114
17 52
16 117
15 84
15 80
15 64
143 164
14 136
145 162
147 154
158 176
12 162
12 29
11 48
10 137
32 94
169 174
7 107
6 91
6 89
6 85
6 82
6 30
5 41
4 128
3 31
2 117
2 40
1 165
1 144
1 26
128 135
28 116
27 109
26 149
26 139
26 78
120 154
121 175
29 43
117 133
29 119
24 134
31 32
130 169
21 28
18 169
19 67
141 155
141 152
140 177
32 172
21 106
21 173
22 95
18 136
22 113
22 124
2 129
62 148
51 118
96 105
81 180
3 180
63 127
127 138
127 175
127 176
137 180
151 180
1 13
13 18
146 164
146 160
102 146
25 72
25 35
154 171
67 171
87 89
75 87
127 148
62 129
92 126
126 160
68 108
8 68
68 159
77 145
45 55
55 176
128 168
22 168
131 166
23 32
23 141
45 166
21 23
20 166
39 156
156 175
137 167
107 167
81 111
111 153
47 97
50 72
15 47
50 159
118 126
77 105
