18.322982
40464
29
159
63913
17 93
64 82
65 138
68 95
75 196
22 67
81 138
81 149
19 39
62 179
82 167
83 152
83 156
88 112
89 196
91 115
13 161
12 193
51 91
35 46
35 117
35 122
36 161
39 188
39 194
44 136
45 152
189 191
51 96
51 125
51 190
55 191
28 90
59 82
62 100
62 102
97 157
101 196
104 161
128 174
148 152
4 93
3 196
97 170
3 12
97 116
93 182
2 200
91 184
91 138
11 138
2 153
12 63
173 191
117 185
35 38
74 91
78 160
141 175
100 186
24 154
8 138
8 110
130 168
41 180
7 139
139 196
56 139
139 149
24 139
82 126
5 196
61 161
31 62
123 198
91 124
12 199
1 79
43 53
160 199
17 54
54 101
2 129
76 124
27 186
147 154
60 62
35 60
93 169
26 169
38 58
58 76
6 177
6 97
6 51
152 165
33 47
30 138
30 191
23 30
165 185
120 166
67 166
166 177
20 157
2 20
49 106
151 178
123 178
150 178
119 172
138 172
16 31
34 94
29 181
29 138
29 40
2 42
16 79
87 99
70 105
113 134
134 156
84 195
39 195
52 94
41 52
50 52
163 192
47 72
25 104
25 109
25 150
21 132
95 118
132 175
132 152
118 191
118 136
72 98
73 85
14 73
80 107
12 107
145 187
88 187
15 77
143 176
28 176
112 176
135 161
99 147
43 129
74 135
137 180
42 108
35 144
144 155
61 137
159 174
18 159
68 159
87 163
168 178
56 103
32 103
5 106
21 69
69 92
111 146
114 142
26 142
84 171
40 171
66 171
37 49
37 158
141 176
121 127
121 181
72 108
10 197
10 155
164 183
53 164
71 92
71 86
34 126
59 131
85 131
57 133
133 140
52 162
77 162
105 198
33 48
9 57
9 96
48 111
