76.531184
62
83
7
37301
245 282
47 98
88 284
46 284
191 284
224 284
90 240
240 252
194 240
105 226
105 268
105 282
35 61
61 85
61 108
61 234
22 87
87 244
87 175
87 161
13 66
13 300
24 93
20 132
132 204
60 208
18 112
132 182
132 140
107 139
107 218
107 270
53 222
115 222
52 253
112 185
112 113
50 183
50 266
50 271
51 208
69 222
86 253
253 274
3 30
3 93
3 129
232 253
222 262
208 232
1 72
72 228
9 208
72 137
72 89
32 70
70 249
70 213
147 291
247 291
220 291
47 223
186 223
223 257
245 260
260 261
33 260
78 227
78 224
78 184
91 102
102 168
102 290
17 176
176 182
176 189
40 111
64 111
111 115
201 248
21 209
21 82
98 233
21 101
171 233
233 297
119 248
79 164
79 116
110 197
79 153
80 295
141 188
104 193
104 149
99 299
83 295
84 106
97 295
96 288
92 188
195 281
170 181
173 231
178 299
179 229
180 239
180 254
187 230
187 296
188 196
190 267
192 197
169 179
197 210
198 215
199 214
199 276
211 265
212 237
217 231
235 265
238 292
259 293
272 283
145 283
117 288
118 265
124 259
125 283
126 134
127 181
133 288
134 280
136 195
84 289
143 180
114 198
148 195
150 267
157 269
157 294
158 181
160 292
162 179
166 212
167 203
167 250
54 65
4 263
5 231
6 39
6 255
7 19
7 122
7 200
57 84
27 120
56 187
27 130
28 199
31 157
6 135
36 206
37 63
38 206
49 104
48 67
45 167
10 146
43 206
10 29
10 11
42 94
42 144
42 172
63 131
75 267
77 198
74 264
74 156
16 212
74 76
23 27
73 299
71 259
4 95
4 207
67 216
62 134
26 63
65 225
25 292
67 234
65 278
147 251
15 34
15 155
15 228
3 50
123 222
44 241
34 100
12 61
159 208
58 287
112 248
3 236
24 212
24 67
24 199
44 55
165 258
22 258
55 286
202 258
55 219
142 273
52 273
123 265
123 187
15 240
248 298
4 298
198 298
105 275
21 68
221 233
121 284
27 68
68 267
159 206
159 288
195 221
74 221
72 251
12 157
12 104
91 103
107 275
179 243
177 188
177 231
236 292
163 295
84 163
63 152
177 259
167 243
152 197
243 283
42 163
7 236
134 152
205 284
205 240
112 121
87 174
82 138
138 244
111 251
121 260
1 109
14 286
14 165
32 109
65 251
13 59
24 277
50 59
123 277
236 241
70 151
102 154
103 105
154 176
81 159
81 221
41 107
253 285
121 299
8 223
8 298
68 246
174 181
79 205
243 277
151 180
163 279
152 256
177 246
10 41
6 285
2 241
100 242
58 275
2 256
128 242
205 279
