46.846017
70368
51
173
73753
80 107
69 103
70 131
71 112
71 188
71 197
72 131
75 143
75 166
75 177
78 164
80 82
68 71
82 182
85 127
87 135
88 157
92 108
92 115
92 170
93 126
93 175
94 110
59 129
50 193
51 83
51 117
52 125
52 187
53 62
54 100
54 158
54 186
55 138
57 127
95 103
60 93
62 72
1 9
62 197
63 101
65 91
65 109
65 174
66 73
67 179
137 157
128 149
128 160
128 166
129 146
129 168
129 193
130 191
132 184
132 190
135 144
135 163
127 164
142 193
142 195
147 199
148 178
151 179
154 164
155 173
159 183
179 197
191 192
107 140
95 135
95 148
97 132
98 128
101 166
101 171
101 196
103 136
104 121
106 179
62 194
108 177
110 152
111 142
113 200
121 147
122 191
123 173
123 193
126 185
127 134
26 157
20 54
20 142
21 79
21 180
21 199
22 164
23 173
24 51
50 167
18 28
27 200
28 133
29 183
30 46
31 148
32 138
33 82
34 121
6 99
1 10
1 124
2 107
4 15
5 45
5 186
6 12
6 45
25 110
6 189
7 75
8 52
13 82
14 183
15 49
15 116
16 42
50 150
44 138
42 153
42 105
42 96
44 172
41 103
40 131
45 74
45 90
39 191
46 176
47 58
47 89
48 148
50 81
49 191
37 62
47 130
181 197
76 193
64 166
28 118
118 157
118 191
102 118
11 47
11 82
11 92
19 84
84 185
76 77
1 169
156 172
156 161
45 169
138 169
16 156
64 77
162 190
162 194
38 142
38 46
61 114
28 61
6 119
119 121
65 165
42 165
36 191
36 200
17 51
17 56
17 200
132 198
164 198
110 198
169 181
66 141
21 141
35 102
52 145
43 139
54 145
56 139
3 93
3 173
86 95
51 120
120 183
35 86
