40.288704
797
51
161
39026
35 178
42 85
41 232
39 255
39 161
39 147
155 183
39 59
203 224
74 222
205 242
205 282
37 142
36 69
35 297
43 85
115 202
35 136
74 261
34 91
74 300
115 240
76 183
77 246
32 254
32 174
31 234
175 276
207 276
140 251
111 118
60 91
57 111
56 83
55 186
62 232
184 224
54 235
64 109
152 237
51 67
107 177
182 257
67 100
67 221
140 296
49 119
49 71
48 49
47 156
68 224
199 225
111 281
112 172
45 86
69 294
72 226
153 156
115 185
90 234
174 271
86 288
135 234
236 238
13 183
12 246
11 205
133 174
238 263
240 257
122 235
9 257
8 285
88 215
85 87
6 189
123 246
6 128
6 40
170 287
91 244
4 296
170 264
170 196
99 113
2 69
157 285
96 199
164 257
235 268
104 276
29 126
29 77
29 53
103 259
27 255
26 115
120 296
172 212
138 199
80 183
23 270
80 292
23 28
22 80
83 101
83 223
224 274
83 240
20 103
19 23
18 156
17 152
102 172
171 238
232 278
235 284
70 80
57 258
160 256
152 231
3 188
169 266
98 167
75 204
51 228
131 234
102 243
114 224
111 168
80 129
7 130
222 241
117 249
194 209
69 209
27 280
208 280
108 217
2 108
108 240
95 114
95 168
55 146
15 298
15 113
15 105
146 151
81 146
82 146
89 190
124 190
204 228
79 111
67 79
49 210
127 210
179 210
3 210
91 165
73 203
35 73
73 109
165 239
200 269
69 200
241 266
50 81
50 124
174 250
144 238
144 232
206 278
186 206
156 192
192 235
146 231
151 195
58 195
94 208
152 277
183 277
70 94
220 236
86 220
39 110
169 214
193 214
89 214
214 226
214 216
211 218
199 211
201 211
74 229
125 229
166 211
229 248
229 269
88 229
244 260
183 260
63 183
33 108
44 131
166 181
30 129
44 243
83 233
122 233
91 148
66 103
66 234
30 117
25 63
6 176
29 176
46 130
199 286
172 286
165 188
172 275
206 256
181 258
249 275
61 149
99 149
84 149
47 149
43 180
155 180
15 46
98 209
10 158
10 24
49 173
52 173
1 85
1 23
191 279
179 279
141 167
141 291
137 170
35 137
78 125
78 158
160 213
162 213
106 159
106 216
74 92
65 92
116 250
187 215
251 262
84 262
145 187
134 187
262 273
59 295
37 295
116 148
5 150
29 150
132 298
5 132
72 272
14 38
93 283
38 218
230 272
93 219
290 293
97 107
97 194
253 267
121 296
142 267
163 217
163 198
121 276
54 247
197 247
252 289
177 252
227 245
145 245
143 285
143 246
143 205
16 154
65 154
21 52
21 265
285 299
219 299
139 206
139 293
