70.267051
19178
83
221
39246
102 328
113 249
112 183
111 195
109 311
109 222
106 188
105 174
103 114
114 145
100 316
100 263
100 232
99 258
99 219
99 205
99 166
98 253
122 189
133 188
132 173
131 249
125 271
125 144
124 149
122 343
122 207
98 197
121 331
121 265
119 130
118 198
117 138
115 173
114 349
76 281
83 221
82 281
81 244
80 215
80 173
78 187
78 128
77 109
85 167
74 286
74 120
73 185
72 262
71 94
69 251
67 299
90 194
96 244
95 198
94 180
94 153
93 138
92 254
91 317
90 350
133 323
90 95
89 291
88 185
87 341
87 210
86 206
85 279
200 264
221 299
216 326
215 254
208 313
206 252
203 275
203 227
200 297
224 233
199 284
199 282
198 278
191 321
191 223
191 220
188 292
242 255
330 338
313 328
307 328
286 341
270 333
254 283
251 270
248 314
185 193
241 338
239 259
239 247
233 345
231 254
230 243
227 301
147 150
151 277
150 272
150 257
150 160
149 217
147 223
147 183
147 161
151 304
144 211
142 151
141 144
139 249
136 233
135 183
134 174
163 179
183 340
182 216
179 237
173 315
169 216
165 332
165 325
165 201
2 159
162 346
162 213
161 324
161 319
161 261
156 329
152 206
30 291
13 72
14 28
14 68
14 348
15 200
16 149
18 178
19 20
20 92
20 238
24 244
26 162
27 239
12 226
32 70
32 228
32 337
33 251
34 72
34 325
35 123
35 243
35 268
35 287
39 242
40 121
7 302
1 254
2 168
2 323
3 174
4 303
4 305
4 314
5 31
5 140
5 209
6 90
7 46
7 212
25 179
8 79
8 196
8 199
8 243
8 280
8 312
9 85
10 78
11 154
11 184
11 243
11 308
66 316
52 55
63 199
44 116
64 329
56 291
65 151
53 138
47 329
44 164
51 98
44 260
60 338
55 62
61 87
49 74
50 227
55 58
54 198
42 178
43 221
60 95
147 296
204 288
185 288
52 288
121 288
45 288
173 288
235 298
235 318
165 235
235 249
78 235
214 235
104 129
104 181
31 347
95 309
155 243
155 254
36 179
4 36
36 124
67 143
29 94
143 181
29 233
29 297
12 143
143 342
36 214
29 84
216 289
289 291
108 334
190 320
127 320
269 320
59 242
59 144
109 202
59 87
202 221
202 234
59 75
108 157
107 202
30 306
290 306
306 318
306 339
169 336
45 336
37 107
240 242
136 240
65 285
95 137
285 317
26 285
57 285
137 333
137 274
130 137
37 157
139 236
98 236
234 236
40 344
275 344
75 101
55 295
84 295
87 294
108 296
2 246
246 281
126 148
225 230
251 267
244 267
110 114
85 225
218 281
218 280
191 273
100 273
177 256
177 298
158 171
176 339
127 176
122 322
178 327
116 327
32 170
44 170
170 188
152 335
199 335
48 206
7 48
41 138
41 74
17 226
17 310
121 245
239 245
186 329
5 186
21 293
21 315
21 119
151 186
186 334
23 146
146 219
146 195
91 276
158 276
250 276
192 231
111 192
192 300
199 229
229 328
97 174
97 99
175 208
175 266
38 172
38 204
22 338
14 22
110 309
322 347
126 171
