30.854686
12463
41
1494
42835
49 139
85 189
85 158
84 85
83 92
82 225
75 208
75 155
75 138
74 239
72 84
67 84
61 235
52 174
49 194
88 191
48 201
47 48
45 198
45 115
44 84
43 134
42 85
41 239
38 235
36 103
35 124
34 142
34 46
161 235
239 247
233 240
214 217
206 243
202 204
193 234
185 235
180 232
178 217
173 233
167 232
165 233
165 207
2 45
141 204
135 243
134 159
133 204
126 239
123 124
117 124
108 150
105 241
105 109
103 199
103 147
102 200
6 71
13 48
12 217
11 191
25 122
15 144
4 94
25 184
25 212
26 234
27 71
4 213
10 63
4 249
10 62
10 51
1 134
17 83
5 200
9 49
19 150
34 183
233 246
111 182
105 131
53 153
146 198
137 166
75 77
48 65
45 250
22 186
103 164
235 245
93 205
25 93
93 200
170 236
104 140
50 204
50 58
86 218
30 50
97 129
71 136
132 136
22 79
79 83
71 229
229 239
85 203
75 203
128 150
78 243
78 239
78 191
3 85
3 4
77 186
4 179
179 191
68 248
65 250
68 226
97 220
130 195
188 195
15 195
195 205
89 127
89 125
104 222
89 183
129 195
89 129
14 40
14 234
110 232
110 194
103 209
209 234
69 144
69 211
187 217
127 152
58 152
103 231
35 231
67 238
149 238
55 171
171 244
99 207
34 99
99 172
99 149
99 151
128 220
93 146
34 227
43 227
71 223
143 223
210 218
8 216
8 18
86 228
163 215
21 163
221 228
225 228
130 160
160 162
54 244
20 54
76 91
60 91
91 111
32 182
31 114
31 174
54 129
154 190
121 154
87 126
32 131
106 196
106 211
8 226
8 246
28 57
197 200
114 197
105 107
90 121
45 90
45 120
76 100
100 143
96 100
64 216
10 64
112 224
71 112
23 48
23 124
97 222
177 189
145 177
24 248
16 24
37 192
133 192
83 101
101 232
118 134
219 230
157 230
132 148
73 148
29 224
29 95
78 210
164 236
45 237
7 237
50 57
28 245
56 243
56 175
54 153
70 176
80 116
21 176
98 188
98 137
66 82
33 66
119 169
7 119
181 242
39 53
39 59
113 156
52 113
166 187
81 219
81 161
170 181
87 168
107 163
80 168
