61.691777
243
68
24
48350
91 192
78 203
80 89
82 167
83 94
83 205
84 88
84 116
84 246
86 145
87 176
87 230
89 188
89 202
77 233
92 121
93 132
95 106
98 151
105 179
106 137
107 227
112 132
112 225
114 123
114 136
115 199
65 199
52 170
54 106
55 233
56 173
57 87
58 109
58 110
59 60
60 146
60 176
61 225
62 191
64 134
117 132
66 71
67 248
68 121
68 167
1 66
70 113
70 243
71 204
73 76
73 96
75 114
76 249
179 241
160 248
161 225
164 172
164 216
167 217
170 203
170 229
173 182
173 206
175 189
175 231
175 247
179 224
157 204
186 191
187 229
190 249
191 197
196 247
201 214
202 222
203 240
211 218
213 214
218 223
237 239
135 249
119 147
119 200
119 209
121 144
121 184
126 145
126 166
126 180
131 134
132 134
132 141
132 174
69 168
141 233
142 192
148 214
149 168
150 233
151 207
151 250
152 227
153 191
153 239
154 172
154 218
27 199
17 58
17 177
18 152
18 173
19 70
20 34
21 168
22 239
23 47
23 99
23 245
25 229
26 84
16 52
52 133
28 138
28 183
28 220
29 239
31 227
33 138
34 162
34 195
35 73
36 229
37 90
9 108
1 74
1 159
2 87
4 102
4 153
4 178
4 215
5 203
6 49
7 164
8 249
9 85
9 104
27 238
9 234
10 32
10 56
10 120
10 228
11 89
12 106
13 73
14 192
15 163
15 169
15 198
49 80
40 56
40 124
40 212
40 236
37 141
42 83
43 126
43 134
45 60
46 167
41 204
49 143
49 155
50 140
50 158
50 222
51 72
51 80
51 139
51 226
52 130
38 196
38 193
38 100
37 221
37 171
48 205
48 68
122 200
70 122
83 122
80 97
153 219
141 219
134 210
38 210
128 170
129 192
129 176
3 81
81 176
81 156
26 81
56 127
76 127
53 248
53 102
24 33
24 76
24 137
24 177
118 119
58 118
9 111
111 218
23 111
118 164
3 79
79 132
199 242
1 242
151 242
192 235
63 114
63 175
63 204
39 235
30 108
86 185
30 208
30 238
125 185
232 248
168 232
165 195
165 248
179 181
44 50
84 181
44 227
15 44
214 244
34 244
97 194
101 194
101 103
103 128
