9.927210
30971
14
1871
75819
58 143
13 46
14 156
18 141
24 44
24 118
37 41
7 156
38 83
41 50
41 155
41 159
46 142
60 158
4 141
64 156
151 156
143 150
141 145
123 158
120 143
116 158
85 147
83 141
83 135
83 91
81 94
61 156
10 143
9 148
21 63
16 140
76 158
109 141
23 57
36 117
47 96
33 67
19 48
22 128
98 126
1 99
45 156
29 69
30 97
97 156
15 27
32 111
27 51
78 88
32 39
114 124
114 158
75 80
75 83
75 90
75 115
55 124
55 61
64 105
39 114
7 49
49 143
30 139
1 45
36 78
78 99
52 139
5 8
17 102
89 102
102 143
9 102
90 106
20 84
46 131
25 34
25 40
25 83
31 89
31 138
11 31
4 56
41 56
25 140
3 17
3 20
87 138
87 146
42 100
70 100
57 84
54 146
16 144
11 144
113 159
42 113
70 132
23 119
51 54
48 119
21 132
67 75
2 33
2 92
10 34
115 134
130 134
8 59
31 59
93 127
41 93
78 126
26 108
41 108
96 106
137 153
26 153
53 133
6 120
6 79
35 121
136 160
127 136
79 86
86 110
19 131
103 160
81 101
47 101
71 72
71 85
94 129
73 129
62 130
62 107
40 74
65 74
104 112
68 157
68 148
28 37
28 147
29 114
66 121
43 154
43 83
66 103
77 152
77 88
12 149
12 35
122 125
125 154
82 95
95 128
69 95
22 112
102 133
