37.943955
14888
57
3198
36536
197 304
53 301
53 306
210 283
57 260
57 323
206 324
206 230
63 190
67 78
198 316
211 246
73 223
74 88
74 207
74 322
75 215
76 101
76 278
78 170
78 208
38 118
27 174
29 321
30 108
241 277
34 148
34 186
34 231
34 236
35 340
241 264
79 268
39 325
40 127
237 280
43 206
46 127
217 300
215 295
215 255
51 74
165 214
110 334
110 337
167 224
166 219
116 268
117 144
117 238
118 154
118 302
119 158
110 288
120 223
163 203
128 203
133 223
135 237
138 237
153 190
152 282
149 268
87 108
193 301
190 228
187 325
185 344
185 341
85 106
85 123
85 291
185 216
205 301
90 117
91 211
92 127
182 301
95 304
177 211
174 258
174 195
102 276
20 85
2 140
23 300
250 276
247 282
276 319
15 188
14 314
292 300
20 245
14 293
14 124
3 143
3 249
8 336
14 71
2 55
18 211
257 333
17 241
2 136
3 315
3 31
105 326
108 332
135 192
203 343
208 285
145 284
5 304
108 273
156 190
102 111
13 215
279 342
107 317
204 276
147 310
52 188
202 240
137 160
32 162
191 339
127 191
109 191
2 191
3 68
68 74
68 223
68 212
68 113
58 115
18 141
25 161
111 137
86 331
21 172
203 274
162 204
184 286
180 267
267 268
37 166
37 222
107 137
93 281
179 312
78 312
180 199
116 252
312 345
93 186
93 131
199 335
294 312
175 252
126 157
252 327
29 126
126 308
130 199
31 252
126 160
34 69
105 126
93 105
44 169
14 169
16 223
199 332
84 263
157 263
199 209
22 37
83 284
71 83
69 209
84 142
37 240
121 122
122 220
168 253
9 251
9 78
108 261
213 261
253 338
314 338
112 338
72 338
32 161
28 269
200 300
118 200
47 142
64 345
285 338
4 338
55 103
11 103
141 178
47 254
64 105
202 310
298 321
205 298
237 350
88 350
242 251
215 242
22 168
28 103
269 273
78 287
110 287
54 112
54 304
13 331
89 147
89 265
37 156
178 274
110 226
59 226
189 211
42 189
183 291
183 259
183 198
19 34
313 337
277 313
89 343
1 81
1 196
1 121
86 183
146 239
146 215
19 114
229 271
70 235
70 219
35 296
113 227
129 256
165 256
57 256
56 70
227 286
220 296
100 229
108 243
173 227
172 243
243 257
194 320
1 145
6 301
6 57
62 98
86 98
82 184
85 125
125 206
155 203
76 155
26 347
26 325
171 270
239 270
40 244
238 244
49 325
49 117
151 272
237 272
33 174
33 179
45 57
45 292
307 347
234 307
50 104
104 230
282 303
268 303
109 311
158 311
245 329
329 349
168 342
81 289
159 289
56 65
65 297
21 52
82 229
10 318
108 318
61 233
99 233
44 330
218 330
10 96
96 132
225 248
91 225
48 185
119 328
36 328
316 346
7 346
150 275
275 349
196 221
221 232
139 201
139 224
139 297
41 309
41 214
164 210
99 164
164 167
94 333
77 94
15 299
58 299
299 348
148 176
97 176
181 262
181 232
60 305
305 336
24 290
24 279
8 24
100 266
80 266
12 134
12 271
66 115
66 320
48 137
