30.643577
104998
36
207
117520
49 78
59 124
58 124
56 123
56 92
54 137
53 56
52 80
51 120
51 107
51 56
50 105
50 88
49 94
60 64
48 107
46 70
45 140
44 78
42 95
39 47
36 99
35 95
34 47
33 127
33 115
33 87
32 137
77 107
125 126
119 125
114 122
110 118
109 137
104 136
104 131
101 110
99 105
95 96
90 108
83 99
82 110
42 125
76 81
74 125
73 135
73 102
70 129
70 89
69 133
69 103
69 75
63 95
62 140
61 104
60 91
20 120
9 86
9 93
9 105
25 49
10 73
12 120
13 58
21 38
21 30
21 24
2 124
19 140
18 100
18 98
18 43
13 107
17 120
16 54
15 50
14 19
8 50
3 70
4 114
28 84
28 81
28 55
27 99
27 60
5 114
7 21
9 85
7 104
23 33
26 60
7 113
37 113
110 116
114 116
97 137
69 97
33 97
66 72
14 139
66 139
67 70
79 139
67 101
67 140
72 138
72 128
7 72
11 139
26 97
105 130
37 130
44 117
80 117
106 117
23 117
65 68
43 68
71 112
111 112
65 112
6 73
6 49
6 28
31 51
31 42
3 40
40 132
47 57
57 138
57 71
41 124
41 47
42 121
90 121
76 134
29 134
22 60
1 22
