6.089411
56258
15
4493
97051
19 27
9 91
15 27
66 137
62 134
50 121
50 87
50 57
21 27
36 44
33 128
117 132
41 128
111 115
21 28
12 53
128 130
58 72
23 85
1 10
27 75
16 75
95 124
10 75
20 76
49 95
48 106
78 99
74 75
66 67
42 44
42 107
31 42
42 64
14 51
51 64
40 61
20 93
13 114
48 102
25 128
25 103
5 36
5 61
5 73
25 65
7 25
5 124
24 98
62 98
50 140
14 110
30 90
81 117
79 81
67 104
97 106
97 132
92 97
97 115
96 113
92 113
83 131
35 77
35 76
40 104
27 46
58 75
5 78
27 129
42 89
46 94
7 60
45 128
45 63
78 97
4 25
28 60
67 74
81 93
103 136
34 90
4 6
102 131
98 100
71 133
26 137
26 52
108 135
108 116
13 109
12 129
2 114
37 112
37 126
11 70
22 70
16 70
30 55
49 71
59 73
59 119
39 82
82 127
100 109
17 120
54 118
54 123
2 110
17 94
78 82
56 116
56 63
80 138
80 135
43 88
69 88
52 88
9 68
68 85
18 133
18 32
11 38
38 122
3 39
3 123
34 130
23 136
75 140
105 107
86 139
86 91
83 84
8 84
29 105
101 126
101 122
47 125
47 55
