28.998951
909
83
604
1000
100 324
232 259
243 270
106 140
156 323
215 328
12 41
44 367
159 388
239 240
27 293
158 271
69 334
10 197
71 249
71 253
261 299
204 333
11 20
174 380
110 200
214 273
8 37
8 105
8 186
8 393
195 368
13 29
70 74
80 115
46 245
115 367
46 135
46 234
46 144
263 390
74 296
62 195
62 131
62 198
115 223
233 304
21 38
21 103
21 186
21 387
60 151
105 114
40 99
301 374
212 275
207 291
79 318
210 255
95 102
95 175
100 255
99 255
183 245
331 397
154 331
162 219
197 385
232 272
216 219
354 385
59 272
202 385
120 219
165 192
321 376
351 366
236 351
336 351
242 351
324 351
47 309
27 309
158 309
87 132
252 309
132 378
258 288
57 258
231 262
169 241
220 262
52 344
319 344
31 241
101 262
317 398
241 283
313 317
17 92
17 173
17 280
260 344
150 344
45 339
248 258
244 339
23 339
25 243
25 263
25 280
25 326
11 17
317 325
241 292
115 276
42 303
42 191
42 356
42 388
10 71
56 177
56 216
10 238
83 268
72 337
136 332
328 337
332 365
337 338
139 332
337 389
189 361
33 89
89 312
127 249
108 127
96 203
201 237
237 321
237 305
10 200
106 330
60 86
109 330
90 171
171 374
86 265
86 257
171 384
143 278
152 278
43 369
171 179
323 347
267 397
206 330
267 366
267 346
278 356
298 369
312 347
242 347
26 266
26 392
5 26
201 369
345 369
50 140
50 148
3 26
50 187
51 293
51 108
51 275
316 399
126 316
110 364
33 364
176 350
276 309
1 295
47 295
6 69
6 97
6 196
361 382
149 311
81 382
382 400
149 225
149 159
141 306
15 125
15 338
58 141
141 391
118 160
122 355
48 61
48 335
48 358
113 164
113 150
113 134
180 217
180 373
180 394
30 396
170 250
24 82
213 355
24 133
24 360
221 355
250 342
68 160
30 310
19 250
18 228
18 163
30 334
160 168
18 75
314 384
92 314
184 350
123 184
155 340
259 357
257 370
357 386
117 363
90 340
9 271
39 235
9 327
117 154
172 370
211 343
343 377
157 233
21 157
155 285
226 285
185 348
8 35
283 289
172 289
2 23
2 277
34 166
166 377
3 161
161 182
129 286
138 291
307 341
178 341
281 371
181 182
181 240
129 399
129 375
77 322
12 359
128 270
14 320
277 329
79 138
55 142
188 395
54 104
84 229
147 372
67 137
66 128
67 298
156 395
65 395
167 181
297 320
63 229
126 128
147 300
147 215
146 315
76 329
142 381
142 296
282 352
77 174
28 36
349 354
112 273
193 234
359 383
34 112
32 315
91 284
91 379
29 36
107 193
112 145
251 302
94 209
104 204
104 165
94 253
94 304
254 349
256 371
98 349
96 371
229 346
193 261
53 138
49 352
205 329
44 302
41 77
218 359
16 67
37 352
224 227
36 239
266 341
224 279
224 268
222 302
199 255
62 121
58 151
64 115
13 390
56 238
306 339
58 230
74 287
58 130
71 332
71 337
21 62
46 151
10 203
58 258
73 272
73 130
22 190
74 183
35 119
88 269
21 78
20 362
74 192
176 333
85 116
290 380
171 269
95 212
190 230
119 390
214 316
88 124
290 391
85 121
95 318
78 272
114 132
95 246
124 369
10 274
116 309
4 149
199 235
46 330
17 308
189 207
64 294
185 299
4 113
153 294
93 287
40 111
208 246
83 376
7 317
58 247
194 344
194 262
208 317
355 390
48 390
151 180
6 331
91 153
308 315
264 332
111 353
7 320
160 353
18 264
24 274
247 250
